;GAVA Text Prior generated by basis_set_converter
;Created: 2026-05-24T10:27:01
;Source: /Users/kayigwe/Desktop/TE26_BASISSET/converter/sample_basis_sets/MARSS/basis_functions_metab_mm_mat/Tau.mat
;TE: 26.0 ms
;Metabolites: 23
;
;Simulation Spectral Results
;---------------------------------------------------------------------------
Tau	0	0	0	0	3.264765	1.0	-0.133463
Tau	0	0	0	1	3.264765	1.0	-0.133463
Tau	0	0	0	2	3.391528	0.65870565908	13.485388
Tau	0	0	0	3	3.391528	0.65870565908	13.485388
Cr391	0	0	0	0	3.930269	1.0	-0.110462
Cr391	0	0	0	1	3.074621	0.005904669099	35.484524
Gln	0	0	0	0	2.409117	1.0	-26.606832
Gln	0	0	0	1	2.409117	1.0	-26.606832
Gln	0	0	0	2	2.171436	0.807596667194	-36.93414
Gln	0	0	0	3	6.829966	0.803124341558	24.62881
Gln	0	0	0	4	7.543006	0.760620742271	22.654313
Gln	0	0	0	5	2.09221	0.707664054795	11.925616
Gln	0	0	0	6	3.771816	0.645447545248	0.249952
Gly	0	0	0	0	3.565826	1.0	-0.025212
Lac	0	0	0	0	1.363324	1.0	45.777396
Lac	0	0	0	1	1.363324	1.0	45.777396
Lac	0	0	0	2	1.363324	1.0	45.777396
Lac	0	0	0	3	4.152104	0.258451825879	0.247358
NAA	0	0	0	0	2.028828	1.0	-0.249484
NAA	0	0	0	1	7.812377	0.107595971657	16.309369
NAA	0	0	0	2	2.630951	0.105556706722	-29.455206
NAA	0	0	0	3	2.504189	0.051045745926	20.112143
GPC	0	0	0	0	3.233074	1.0	-0.105549
GPC	0	0	0	1	3.692589	0.071786527847	-24.134989
GPC	0	0	0	2	3.645053	0.068270373948	-28.588952
GPC	0	0	0	3	3.930269	0.048693383866	-41.129742
GPC	0	0	0	4	3.930269	0.048693383866	-41.129742
GPC	0	0	0	5	3.882733	0.040768111885	-9.043073
PCr393	0	0	0	0	3.96196	1.0	0.077638
PCr393	0	0	0	1	6.528905	0.00304239646	-15.830891
PCr393	0	0	0	2	7.241945	0.002439106277	-11.895927
MM09	0	0	0	0	0.903809	1.0	0.141593
GSH	0	0	0	0	3.787661	1.0	0.07489
GSH	0	0	0	1	3.787661	1.0	0.07489
GSH	0	0	0	2	2.995394	0.371501629862	-7.668863
GSH	0	0	0	3	2.203127	0.258015739723	-43.81435
GSH	0	0	0	4	2.504189	0.249859565055	-37.649899
GSH	0	0	0	5	2.139746	0.249221743038	-10.376016
GSH	0	0	0	6	8.192665	0.235950285475	10.692003
GSH	0	0	0	7	2.551725	0.229865084	-4.548089
GSH	0	0	0	8	2.932013	0.169899839921	16.869474
GSH	0	0	0	9	7.527161	0.167949951157	22.893475
Asc	0	0	0	0	3.787661	1.0	27.873123
Asc	0	0	0	1	4.057032	0.243997707396	11.934246
Asc	0	0	0	2	4.516547	0.065775251816	48.807594
GABA	0	0	0	0	2.314045	1.0	-0.117828
GABA	0	0	0	1	2.314045	1.0	-0.117828
GABA	0	0	0	2	3.04293	0.749607218877	-11.837298
GABA	0	0	0	3	3.04293	0.749607218877	-11.837298
GABA	0	0	0	4	1.902066	0.325273128228	52.622294
GABA	0	0	0	5	1.902066	0.325273128228	52.622294
mI	0	0	0	0	3.581672	1.0	0.17391
mI	0	0	0	1	3.581672	1.0	0.17391
mI	0	0	0	2	3.565826	0.502761556017	25.406219
mI	0	0	0	3	3.565826	0.502761556017	25.406219
mI	0	0	0	4	4.072877	0.213078441604	24.739125
mI	0	0	0	5	3.28061	0.190102984064	51.379282
CrNo391	0	0	0	0	3.058775	1.0	-0.11356
CrNo391	0	0	0	1	6.671513	0.12642195494	69.385871
CrNo391	0	0	0	2	3.866888	0.008462893994	-23.771476
MM	0	0	0	0	0.872119	1.0	-5.440466
MM	0	0	0	1	1.997138	0.976667683536	-34.927826
MM	0	0	0	2	1.395015	0.729186175417	-16.214841
MM	0	0	0	3	1.299943	0.684199021443	-6.42309
MM	0	0	0	4	1.632695	0.654450671408	-30.224792
MM	0	0	0	5	2.250663	0.336204452906	-70.031619
MM	0	0	0	6	3.708434	0.260812138763	-61.120428
MM	0	0	0	7	2.995394	0.177062045424	-66.694248
MM	0	0	0	8	3.201383	0.086918571178	-78.051957
NAAG	0	0	0	0	2.060519	1.0	-0.005792
NAAG	0	0	0	1	2.060519	1.0	-0.005792
NAAG	0	0	0	2	2.155591	0.119380443109	-9.275001
NAAG	0	0	0	3	1.902066	0.104866931531	11.57177
NAAG	0	0	0	4	2.678487	0.085978566094	-26.503032
NAAG	0	0	0	5	2.56757	0.046300453977	19.969256
NAAG	0	0	0	6	4.136258	0.022438324065	-24.305541
Asp	0	0	0	0	2.80525	1.0	40.744726
Asp	0	0	0	1	3.866888	0.839802959582	0.123964
Asp	0	0	0	2	2.694333	0.41613998567	-39.1295
Cho	0	0	0	0	3.217229	1.0	0.04806
Cho	0	0	0	1	4.057032	0.06182698446	10.030407
Cho	0	0	0	2	4.057032	0.06182698446	10.030407
Cho	0	0	0	3	3.549981	0.052750665917	-13.853098
Cho	0	0	0	4	3.549981	0.052750665917	-13.853098
PCrNo393	0	0	0	0	3.058775	1.0	0.17949
PCrNo393	0	0	0	1	6.608131	0.304666749852	16.181786
PCrNo393	0	0	0	2	7.321172	0.267866723591	30.823441
PCrNo393	0	0	0	3	3.882733	0.005822193328	-31.348622
Glc	0	0	0	0	3.819352	1.0	18.347327
Glc	0	0	0	1	3.819352	1.0	18.347327
Glc	0	0	0	2	3.4866	0.694731284347	13.04965
Glc	0	0	0	3	3.803506	0.510185389155	59.727309
Glc	0	0	0	4	3.660898	0.433929007692	33.738361
Glc	0	0	0	5	5.261278	0.355182250108	0.046483
sI	0	0	0	0	3.359837	1.0	0.211742
PE	0	0	0	0	3.99365	1.0	-0.213804
PE	0	0	0	1	3.99365	1.0	-0.213804
PE	0	0	0	2	3.201383	0.719374501173	29.444423
PE	0	0	0	3	3.201383	0.719374501173	29.444423
Glu	0	0	0	0	2.377426	1.0	3.046568
Glu	0	0	0	1	2.377426	1.0	3.046568
Glu	0	0	0	2	3.771816	0.325540002831	0.233407
Glu	0	0	0	3	2.139746	0.295284309654	40.203243
Glu	0	0	0	4	2.09221	0.192664223708	58.57139
