      26.98285		      -2.90970
      26.21045		      -7.19538
      24.74434		     -11.29900
      22.62468		     -15.10699
      19.91029		     -18.51428
      16.67699		     -21.42737
      13.01527		     -23.76710
       9.02763		     -25.47089
       4.82552		     -26.49459
       0.52605		     -26.81366
      -3.75150		     -26.42387
      -7.88919		     -25.34124
     -11.77387		     -23.60156
     -15.30051		     -21.25913
     -18.37521		     -18.38509
     -20.91789		     -15.06516
     -22.86456		     -11.39704
     -24.16905		      -7.48738
     -24.80421		      -3.44854
     -24.76256		       0.60475
     -24.05626		       4.55885
     -22.71654		       8.30456
     -20.79258		      11.74031
     -18.34980		      14.77513
     -15.46768		      17.33117
     -12.23724		      19.34590
      -8.75812		      20.77377
      -5.13547		      21.58730
      -1.47667		      21.77767
       2.11188		      21.35471
       5.52806		      20.34625
       8.67699		      18.79703
      11.47383		      16.76704
      13.84621		      14.32939
      15.73621		      11.56791
      17.10190		       8.57427
      17.91834		       5.44511
      18.17802		       2.27886
      17.89078		      -0.82730
      17.08316		      -3.78048
      15.79726		      -6.49490
      14.08908		      -8.89446
      12.02648		     -10.91497
       9.68681		     -12.50593
       7.15421		     -13.63186
       4.51682		     -14.27318
       1.86383		     -14.42649
      -0.71742		     -14.10436
      -3.14422		     -13.33460
      -5.34113		     -12.15907
      -7.24230		     -10.63201
      -8.79343		      -8.81805
      -9.95338		      -6.78983
     -10.69528		      -4.62548
     -11.00715		      -2.40589
     -10.89207		      -0.21195
     -10.36777		       1.87815
      -9.46585		       3.79152
      -8.23043		       5.46295
      -6.71647		       6.83703
      -4.98778		       7.86986
      -3.11466		       8.53043
      -1.17143		       8.80145
       0.76616		       8.67984
       2.62359		       8.17663
       4.33008		       7.31645
       5.82103		       6.13654
       7.04018		       4.68533
       7.94151		       3.02072
       8.49072		       1.20795
       8.66639		      -0.68262
       8.46062		      -2.57807
       7.87924		      -4.40537
       6.94159		      -6.09392
       5.67980		      -7.57803
       4.13765		      -8.79908
       2.36907		      -9.70760
       0.43629		     -10.26495
      -1.59230		     -10.44459
      -3.64447		     -10.23309
      -5.64659		      -9.63051
      -7.52610		      -8.65050
      -9.21403		      -7.31986
     -10.64724		      -5.67766
     -11.77065		      -3.77398
     -12.53902		      -1.66833
     -12.91856		       0.57235
     -12.88809		       2.87584
     -12.43978		       5.16698
     -11.57950		       7.37015
     -10.32667		       9.41173
      -8.71373		      11.22248
      -6.78515		      12.73984
      -4.59604		      13.90999
      -2.21045		      14.68958
       0.30060		      15.04720
       2.86140		      14.96445
       5.39390		      14.43656
       7.82016		      13.47264
      10.06482		      12.09540
      12.05745		      10.34058
      13.73478		       8.25581
      15.04270		       5.89920
      15.93795		       3.33758
      16.38951		       0.64447
      16.37957		      -2.10218
      15.90410		      -4.82238
      14.97302		      -7.43652
      13.60991		      -9.86779
      11.85127		     -12.04455
       9.74548		     -13.90249
       7.35132		     -15.38654
       4.73614		     -16.45259
       1.97390		     -17.06875
      -0.85709		     -17.21630
      -3.67653		     -16.89025
      -6.40454		     -16.09944
      -8.96401		     -14.86621
     -11.28289		     -13.22572
     -13.29636		     -11.22486
     -14.94866		      -8.92076
     -16.19471		      -6.37909
     -17.00139		      -3.67204
     -17.34847		      -0.87615
     -17.22907		       1.92997
     -16.64978		       4.66797
     -15.63038		       7.26208
     -14.20313		       9.64131
     -12.41171		      11.74152
     -10.30981		      13.50719
      -7.95949		      14.89301
      -5.42921		      15.86510
      -2.79181		      16.40185
      -0.12226		      16.49443
       2.50454		      16.14689
       5.01596		      15.37590
       7.34376		      14.21002
       9.42603		      12.68878
      11.20891		      10.86130
      12.64808		       8.78473
      13.70991		       6.52242
      14.37225		       4.14199
      14.62497		       1.71321
      14.46997		      -0.69407
      13.92098		      -3.01195
      13.00292		      -5.17655
      11.75094		      -7.12973
      10.20923		      -8.82078
       8.42947		     -10.20775
       6.46921		     -11.25855
       4.38999		     -11.95170
       2.25545		     -12.27675
       0.12934		     -12.23437
      -1.92632		     -11.83612
      -3.85316		     -11.10381
      -5.59806		     -10.06871
      -7.11467		      -8.77030
      -8.36466		      -7.25496
      -9.31869		      -5.57439
      -9.95709		      -3.78392
     -10.27026		      -1.94076
     -10.25868		      -0.10215
      -9.93270		       1.67629
      -9.31198		       3.34230
      -8.42465		       4.84848
      -7.30623		       6.15362
      -5.99840		       7.22383
      -4.54750		       8.03338
      -3.00305		       8.56536
      -1.41607		       8.81191
       0.16247		       8.77428
       1.68333		       8.46257
       3.10040		       7.89517
       4.37212		       7.09801
       5.46267		       6.10351
       6.34290		       4.94948
       6.99116		       3.67770
       7.39374		       2.33259
       7.54511		       0.95967
       7.44792		      -0.39583
       7.11271		      -1.69047
       6.55735		      -2.88389
       5.80634		      -3.94006
       4.88986		      -4.82825
       3.84262		      -5.52396
       2.70273		      -6.00951
       1.51033		      -6.27447
       0.30630		      -6.31579
      -0.86907		      -6.13776
      -1.97739		      -5.75167
      -2.98331		      -5.17535
      -3.85560		      -4.43237
      -4.56810		      -3.55122
      -5.10037		      -2.56425
      -5.43830		      -1.50657
      -5.57435		      -0.41486
      -5.50773		       0.67386
      -5.24421		       1.72339
      -4.79584		       2.69951
      -4.18041		       3.57104
      -3.42079		       4.31077
      -2.54405		       4.89622
      -1.58057		       5.31031
      -0.56296		       5.54176
       0.47503		       5.58534
       1.49955		       5.44193
       2.47779		       5.11833
       3.37897		       4.62698
       4.17525		       3.98542
       4.84261		       3.21564
       5.36147		       2.34329
       5.71726		       1.39683
       5.90076		       0.40656
       5.90828		      -0.59638
       5.74166		      -1.58097
       5.40814		      -2.51728
       4.91996		      -3.37743
       4.29393		      -4.13633
       3.55080		      -4.77246
       2.71453		      -5.26846
       1.81148		      -5.61154
       0.86957		      -5.79380
      -0.08264		      -5.81240
      -1.01682		      -5.66946
      -1.90573		      -5.37195
      -2.72404		      -4.93137
      -3.44904		      -4.36324
      -4.06129		      -3.68660
      -4.54510		      -2.92331
      -4.88896		      -2.09734
      -5.08575		      -1.23402
      -5.13283		      -0.35918
      -5.03209		       0.50157
      -4.78968		       1.32362
      -4.41578		       2.08409
      -3.92417		       2.76244
      -3.33172		       3.34104
      -2.65783		       3.80558
      -1.92376		       4.14544
      -1.15198		       4.35386
      -0.36545		       4.42807
       0.41306		       4.36922
       1.16160		       4.18225
       1.85971		       3.87562
       2.48891		       3.46098
       3.03321		       2.95269
       3.47948		       2.36738
       3.81773		       1.72336
       4.04132		       1.04003
       4.14700		       0.33734
       4.13490		      -0.36486
       4.00842		      -1.04730
       3.77404		      -1.69191
       3.44097		      -2.28218
       3.02084		      -2.80364
       2.52730		      -3.24417
       1.97551		      -3.59423
       1.38172		      -3.84703
       0.76277		      -3.99863
       0.13560		      -4.04792
      -0.48322		      -3.99653
      -1.07788		      -3.84871
      -1.63377		      -3.61107
      -2.13779		      -3.29236
      -2.57863		      -2.90309
      -2.94701		      -2.45523
      -3.23580		      -1.96184
      -3.44014		      -1.43666
      -3.55749		      -0.89376
      -3.58753		      -0.34716
      -3.53211		       0.18950
      -3.39513		       0.70331
      -3.18234		       1.18232
      -2.90111		       1.61584
      -2.56020		       1.99458
      -2.16954		       2.31086
      -1.73986		       2.55870
      -1.28253		       2.73387
      -0.80921		       2.83395
      -0.33158		       2.85826
       0.13883		       2.80787
       0.59099		       2.68549
       1.01448		       2.49534
       1.39975		       2.24307
       1.73824		       1.93554
       2.02255		       1.58071
       2.24656		       1.18743
       2.40547		       0.76527
       2.49595		       0.32432
       2.51611		      -0.12502
       2.46555		      -0.57219
       2.34536		      -1.00671
       2.15810		      -1.41836
       1.90776		      -1.79734
       1.59965		      -2.13450
       1.24039		      -2.42147
       0.83774		      -2.65086
       0.40052		      -2.81640
      -0.06156		      -2.91309
      -0.53809		      -2.93734
      -1.01808		      -2.88704
      -1.49023		      -2.76171
      -1.94311		      -2.56252
      -2.36543		      -2.29232
      -2.74624		      -1.95569
      -3.07523		      -1.55886
      -3.34295		      -1.10966
      -3.54109		      -0.61744
      -3.66270		      -0.09287
      -3.70242		       0.45221
      -3.65669		       1.00506
      -3.52391		       1.55223
      -3.30458		       2.07993
      -3.00138		       2.57435
      -2.61922		       3.02195
      -2.16519		       3.40989
      -1.64853		       3.72634
      -1.08045		       3.96086
      -0.47394		       4.10477
       0.15649		       4.15140
       0.79511		       4.09641
       1.42537		       3.93801
       2.03032		       3.67711
       2.59302		       3.31744
       3.09702		       2.86554
       3.52687		       2.33076
       3.86857		       1.72504
       4.11001		       1.06278
       4.24146		       0.36044
       4.25586		      -0.36374
       4.14920		      -1.09029
       3.92072		      -1.79894
       3.57311		      -2.46918
       3.11250		      -3.08091
       2.54848		      -3.61495
       1.89392		      -4.05368
       1.16473		      -4.38162
       0.37951		      -4.58594
      -0.44090		      -4.65694
      -1.27396		      -4.58845
      -2.09601		      -4.37815
      -2.88294		      -4.02773
      -3.61091		      -3.54305
      -4.25702		      -2.93403
      -4.80007		      -2.21454
      -5.22119		      -1.40209
      -5.50453		      -0.51747
      -5.63779		       0.41583
      -5.61271		       1.37218
      -5.42545		       2.32456
      -5.07680		       3.24527
      -4.57235		       4.10678
      -3.92239		       4.88254
      -3.14180		       5.54783
      -2.24970		       6.08051
      -1.26898		       6.46177
      -0.22574		       6.67680
       0.85143		       6.71534
       1.93223		       6.57206
       2.98552		       6.24690
       3.98026		       5.74518
       4.88642		       5.07755
       5.67592		       4.25984
       6.32352		       3.31265
       6.80763		       2.26088
       7.11109		       1.13305
       7.22171		      -0.03948
       7.13283		      -1.22338
       6.84355		      -2.38432
       6.35895		      -3.48803
       5.69001		      -4.50126
       4.85340		      -5.39288
       3.87109		      -6.13480
       2.76978		      -6.70295
       1.58020		      -7.07800
       0.33620		      -7.24608
      -0.92618		      -7.19931
      -2.16976		      -6.93608
      -3.35739		      -6.46127
      -4.45299		      -5.78614
      -5.42275		      -4.92817
      -6.23612		      -3.91053
      -6.86683		      -2.76154
      -7.29375		      -1.51384
      -7.50158		      -0.20347
      -7.48142		       1.13118
      -7.23111		       2.45051
      -6.75541		       3.71488
      -6.06591		       4.88586
      -5.18077		       5.92740
      -4.12428		       6.80692
      -2.92612		       7.49640
      -1.62058		       7.97326
      -0.24551		       8.22112
       1.15874		       8.23035
       2.55060		       7.99845
       3.88849		       7.53018
       5.13212		       6.83750
       6.24373		       5.93926
       7.18926		       4.86068
       7.93944		       3.63263
       8.47073		       2.29074
       8.76609		       0.87431
       8.81553		      -0.57484
       8.61652		      -2.01366
       8.17404		      -3.39919
       7.50056		      -4.68988
       6.61564		      -5.84689
       5.54539		      -6.83529
       4.32169		      -7.62519
       2.98127		      -8.19270
       1.56451		      -8.52065
       0.11428		      -8.59922
      -1.32539		      -8.42625
      -2.71075		      -8.00734
      -3.99961		      -7.35569
      -5.15271		      -6.49177
      -6.13495		      -5.44265
      -6.91652		      -4.24121
      -7.47384		      -2.92508
      -7.79030		      -1.53555
      -7.85685		      -0.11621
      -7.67229		       1.28841
      -7.24329		       2.63420
      -6.58427		       3.87893
      -5.71690		       4.98353
      -4.66946		       5.91339
      -3.47595		       6.63946
      -2.17501		       7.13916
      -0.80872		       7.39714
       0.57876		       7.40579
       1.94260		       7.16549
       3.23872		       6.68462
       4.42521		       5.97928
       5.46370		       5.07287
       6.32059		       3.99523
       6.96816		       2.78182
       7.38545		       1.47249
       7.55899		       0.11025
       7.48323		      -1.26013
       7.16076		      -2.59355
       6.60225		      -3.84607
       5.82610		      -4.97635
       4.85792		      -5.94695
       3.72963		      -6.72565
       2.47856		      -7.28642
       1.14613		      -7.61040
      -0.22340		      -7.68644
      -1.58441		      -7.51159
      -2.89139		      -7.09117
      -4.10046		      -6.43867
      -5.17078		      -5.57532
      -6.06592		      -4.52948
      -6.75509		      -3.33567
      -7.21419		      -2.03355
      -7.42661		      -0.66662
      -7.38385		       0.71920
      -7.08583		       2.07705
      -6.54099		       3.36066
      -5.76602		       4.52587
      -4.78541		       5.53211
      -3.63071		       6.34374
      -2.33953		       6.93126
      -0.95436		       7.27235
       0.47876		       7.35263
       1.91174		       7.16622
       3.29596		       6.71600
       4.58389		       6.01361
       5.73063		       5.07913
       6.69537		       3.94051
       7.44282		       2.63278
       7.94436		       1.19693
       8.17905		      -0.32133
       8.13438		      -1.87300
       7.80679		      -3.40735
       7.20184		      -4.87350
       6.33416		      -6.22214
       5.22706		      -7.40701
       3.91189		      -8.38654
       2.42712		      -9.12514
       0.81718		      -9.59443
      -0.86887		      -9.77424
      -2.57887		      -9.65335
      -4.25918		      -9.22987
      -5.85632		      -8.51150
      -7.31873		      -7.51534
      -8.59837		      -6.26742
      -9.65227		      -4.80206
     -10.44396		      -3.16082
     -10.94464		      -1.39126
     -11.13422		       0.45441
     -11.00196		       2.32101
     -10.54695		       4.15199
      -9.77823		       5.89123
      -8.71459		       7.48475
      -7.38406		       8.88246
      -5.82320		      10.03964
      -4.07596		      10.91849
      -2.19246		      11.48926
      -0.22747		      11.73126
       1.76125		      11.63359
       3.71464		      11.19554
       5.57420		      10.42668
       7.28375		       9.34663
       8.79115		       7.98459
      10.04993		       6.37843
      11.02076		       4.57368
      11.67264		       2.62211
      11.98394		       0.58026
      11.94306		      -1.49227
      11.54889		      -3.53462
      10.81082		      -5.48652
       9.74857		      -7.29005
       8.39159		      -8.89149
       6.77824		     -10.24288
       4.95464		     -11.30354
       2.97329		     -12.04128
       0.89155		     -12.43340
      -1.23011		     -12.46744
      -3.32995		     -12.14151
      -5.34674		     -11.46440
      -7.22169		     -10.45532
      -8.90018		      -9.14332
     -10.33338		      -7.56643
     -11.47979		      -5.77053
     -12.30642		      -3.80794
     -12.78981		      -1.73583
     -12.91674		       0.38547
     -12.68458		       2.49430
     -12.10136		       4.52958
     -11.18552		       6.43259
      -9.96532		       8.14878
      -8.47795		       9.62936
      -6.76840		      10.83283
      -4.88802		      11.72614
      -2.89300		      12.28570
      -0.84261		      12.49803
       1.20261		      12.36016
       3.18269		      11.87963
       5.04007		      11.07423
       6.72131		       9.97141
       8.17875		       8.60735
       9.37187		       7.02585
      10.26855		       5.27690
      10.84596		       3.41514
      11.09124		       1.49811
      11.00176		      -0.41552
      10.58522		      -2.26774
       9.85926		      -4.00307
       8.85090		      -5.57017
       7.59558		      -6.92348
       6.13602		      -8.02453
       4.52084		      -8.84315
       2.80297		      -9.35829
       1.03796		      -9.55865
      -0.71777		      -9.44293
      -2.40871		      -9.01983
      -3.98203		      -8.30763
      -5.38922		      -7.33362
      -6.58757		      -6.13309
      -7.54152		      -4.74819
      -8.22371		      -3.22653
      -8.61580		      -1.61958
      -8.70897		       0.01893
      -8.50419		       1.63483
      -8.01204		       3.17520
      -7.25237		       4.59008
      -6.25354		       5.83407
      -5.05150		       6.86775
      -3.68855		       7.65893
      -2.21190		       8.18366
      -0.67219		       8.42693
       0.87826		       8.38314
       2.38712		       8.05621
       3.80377		       7.45944
       5.08094		       6.61497
       6.17626		       5.55310
       7.05360		       4.31119
       7.68427		       2.93246
       8.04788		       1.46455
       8.13307		      -0.04210
       7.93779		      -1.53585
       7.46938		      -2.96561
       6.74431		      -4.28249
       5.78762		      -5.44142
       4.63212		      -6.40261
       3.31726		      -7.13290
       1.88787		      -7.60679
       0.39268		      -7.80731
      -1.11727		      -7.72662
      -2.59034		      -7.36618
      -3.97592		      -6.73684
      -5.22615		      -5.85838
      -6.29744		      -4.75898
      -7.15196		      -3.47426
      -7.75883		      -2.04614
      -8.09520		      -0.52154
      -8.14698		       1.04920
      -7.90935		       2.61388
      -7.38695		       4.12018
      -6.59375		       5.51732
      -5.55265		       6.75772
      -4.29478		       7.79853
      -2.85851		       8.60307
      -1.28828		       9.14201
       0.36682		       9.39432
       2.05459		       9.34805
       3.72139		       9.00067
       5.31382		       8.35924
       6.78041		       7.44025
       8.07333		       6.26908
       9.14983		       4.87928
       9.97367		       3.31153
      10.51629		       1.61240
      10.75771		      -0.16709
      10.68723		      -1.97310
      10.30377		      -3.75056
       9.61595		      -5.44498
       8.64188		      -7.00408
       7.40860		      -8.37946
       5.95127		      -9.52813
       4.31212		     -10.41383
       2.53914		     -11.00818
       0.68466		     -11.29160
      -1.19635		     -11.25392
      -3.04787		     -10.89471
      -4.81461		     -10.22330
      -6.44370		      -9.25853
      -7.88630		      -8.02819
      -9.09912		      -6.56815
     -10.04574		      -4.92127
     -10.69774		      -3.13610
     -11.03552		      -1.26542
     -11.04898		       0.63543
     -10.73774		       2.51016
     -10.11117		       4.30333
      -9.18813		       5.96197
      -7.99631		       7.43722
      -6.57145		       8.68578
      -4.95617		       9.67126
      -3.19870		      10.36521
      -1.35138		      10.74799
       0.53093		      10.80934
       2.39253		      10.54864
       4.17855		       9.97489
       5.83664		       9.10643
       7.31851		       7.97029
       8.58139		       6.60138
       9.58930		       5.04135
      10.31410		       3.33731
      10.73627		       1.54040
      10.84548		      -0.29585
      10.64082		      -2.11710
      10.13079		      -3.86987
       9.33294		      -5.50316
       8.27328		      -6.96995
       6.98546		      -8.22864
       5.50965		      -9.24422
       3.89125		      -9.98932
       2.17955		     -10.44493
       0.42609		     -10.60094
      -1.31684		     -10.45635
      -2.99786		     -10.01922
      -4.56799		      -9.30632
      -5.98219		      -8.34256
      -7.20065		      -7.16013
      -8.18994		      -5.79744
      -8.92400		      -4.29788
      -9.38483		      -2.70847
      -9.56296		      -1.07833
      -9.45766		       0.54281
      -9.07682		       2.10616
      -8.43665		       3.56532
      -7.56109		       4.87775
      -6.48093		       6.00596
      -5.23282		       6.91866
      -3.85808		       7.59159
      -2.40133		       8.00825
      -0.90909		       8.16025
       0.57165		       8.04755
       1.99497		       7.67825
       3.31735		       7.06833
       4.49904		       6.24103
       5.50522		       5.22600
       6.30703		       4.05835
       6.88240		       2.77746
       7.21666		       1.42570
       7.30288		       0.04708
       7.14201		      -1.31414
       6.74272		      -2.61487
       6.12110		      -3.81446
       5.29999		      -4.87601
       4.30823		      -5.76743
       3.17967		      -6.46240
       1.95203		      -6.94114
       0.66571		      -7.19095
      -0.63754		      -7.20648
      -1.91596		      -6.98990
      -3.12903		      -6.55064
      -4.23882		      -5.90508
      -5.21105		      -5.07594
      -6.01621		      -4.09148
      -6.63040		      -2.98457
      -7.03601		      -1.79157
      -7.22222		      -0.55119
      -7.18524		       0.69676
      -6.92842		       1.91268
      -6.46197		       3.05834
      -5.80266		       4.09815
      -4.97315		       5.00018
      -4.00130		       5.73719
      -2.91915		       6.28737
      -1.76194		       6.63504
      -0.56695		       6.77101
       0.62768		       6.69286
       1.78415		       6.40493
       2.86622		       5.91810
       3.84026		       5.24944
       4.67632		       4.42155
       5.34904		       3.46186
       5.83836		       2.40170
       6.13013		       1.27532
       6.21647		       0.11875
       6.09601		      -1.03130
       5.77379		      -2.13860
       5.26115		      -3.16852
       4.57523		      -4.08907
       3.73844		      -4.87190
       2.77774		      -5.49313
       1.72369		      -5.93404
       0.60957		      -6.18162
      -0.52973		      -6.22891
      -1.65878		      -6.07516
      -2.74271		      -5.72583
      -3.74824		      -5.19232
      -4.64474		      -4.49161
      -5.40511		      -3.64569
      -6.00659		      -2.68081
      -6.43142		      -1.62670
      -6.66732		      -0.51557
      -6.70784		       0.61885
      -6.55249		       1.74235
      -6.20671		       2.82130
      -5.68165		       3.82365
      -4.99379		       4.71992
      -4.16437		       5.48400
      -3.21874		       6.09398
      -2.18552		       6.53273
      -1.09575		       6.78839
       0.01811		       6.85468
       1.12314		       6.73101
       2.18696		       6.42248
       3.17871		       5.93964
       4.06992		       5.29815
       4.83538		       4.51824
       5.45387		       3.62406
       5.90869		       2.64295
       6.18817		       1.60454
       6.28596		       0.53990
       6.20114		      -0.51945
       5.93821		      -1.54245
       5.50688		      -2.49943
       4.92176		      -3.36296
       4.20184		      -4.10869
       3.36990		      -4.71595
       2.45177		      -5.16843
       1.47558		      -5.45453
       0.47084		      -5.56768
      -0.53240		      -5.50648
      -1.50447		      -5.27468
      -2.41691		      -4.88104
      -3.24338		      -4.33894
      -3.96030		      -3.66601
      -4.54761		      -2.88353
      -4.98927		      -2.01575
      -5.27369		      -1.08917
      -5.39401		      -0.13171
      -5.34827		       0.82810
      -5.13941		       1.76201
      -4.77509		       2.64281
      -4.26745		       3.44518
      -3.63266		       4.14636
      -2.89043		       4.72679
      -2.06340		       5.17070
      -1.17640		       5.46642
      -0.25574		       5.60679
       0.67161		       5.58921
       1.57878		       5.41573
       2.43980		       5.09290
       3.23035		       4.63152
       3.92843		       4.04631
       4.51500		       3.35538
       4.97446		       2.57972
       5.29507		       1.74249
       5.46927		       0.86838
       5.49382		      -0.01715
       5.36984		      -0.88862
       5.10273		      -1.72126
       4.70197		      -2.49174
       4.18079		      -3.17879
       3.55572		      -3.76381
       2.84609		      -4.23137
       2.07345		      -4.56964
       1.26088		      -4.77063
       0.43237		      -4.83045
      -0.38797		      -4.74927
      -1.17651		      -4.53139
      -1.91085		      -4.18495
      -2.57041		      -3.72172
      -3.13701		      -3.15669
      -3.59537		      -2.50760
      -3.93350		      -1.79442
      -4.14300		      -1.03872
      -4.21929		      -0.26305
      -4.16165		       0.50972
      -3.97325		       1.25708
      -3.66095		       1.95746
      -3.23510		       2.59091
      -2.70922		       3.13961
      -2.09952		       3.58834
      -1.42447		       3.92493
      -0.70420		       4.14054
       0.04006		       4.22988
       0.78663		       4.19132
       1.51395		       4.02690
       2.20126		       3.74224
       2.82911		       3.34630
       3.37995		       2.85115
       3.83859		       2.27156
       4.19260		       1.62455
       4.43262		       0.92889
       4.55263		       0.20456
       4.55005		      -0.52785
       4.42581		      -1.24769
       4.18424		      -1.93488
       3.83297		      -2.57042
       3.38263		      -3.13697
       2.84656		      -3.61928
       2.24039		      -4.00461
       1.58157		      -4.28306
       0.88889		      -4.44784
       0.18190		      -4.49541
      -0.51960		      -4.42556
      -1.19617		      -4.24137
      -1.82923		      -3.94911
      -2.40159		      -3.55802
      -2.89791		      -3.08005
      -3.30512		      -2.52946
      -3.61279		      -1.92244
      -3.81333		      -1.27662
      -3.90227		      -0.61057
      -3.87828		       0.05674
      -3.74321		       0.70646
      -3.50203		       1.32038
      -3.16265		       1.88145
      -2.73565		       2.37423
      -2.23403		       2.78533
      -1.67274		       3.10374
      -1.06835		       3.32116
      -0.43848		       3.43217
       0.19863		       3.43437
       0.82468		       3.32845
       1.42178		       3.11813
       1.97298		       2.81004
       2.46271		       2.41352
       2.87723		       1.94033
       3.20499		       1.40433
       3.43691		       0.82106
       3.56668		       0.20733
       3.59088		      -0.41932
       3.50905		      -1.04102
       3.32373		      -1.64015
       3.04035		      -2.19979
       2.66704		      -2.70419
       2.21445		      -3.13922
       1.69539		      -3.49273
       1.12450		      -3.75491
       0.51781		      -3.91852
      -0.10768		      -3.97913
      -0.73451		      -3.93518
      -1.34523		      -3.78805
      -1.92289		      -3.54201
      -2.45151		      -3.20407
      -2.91651		      -2.78381
      -3.30513		      -2.29309
      -3.60679		      -1.74570
      -3.81334		      -1.15702
      -3.91934		      -0.54352
      -3.92215		       0.07764
      -3.82205		       0.68912
      -3.62220		       1.27387
      -3.32855		       1.81563
      -2.94969		       2.29935
      -2.49659		       2.71164
      -1.98231		       3.04111
      -1.42161		       3.27875
      -0.83058		       3.41811
      -0.22614		       3.45552
       0.37440		       3.39021
       0.95384		       3.22430
       1.49556		       2.96276
       1.98402		       2.61329
       2.40513		       2.18608
       2.74674		       1.69354
       2.99892		       1.14997
       3.15427		       0.57114
       3.20813		      -0.02614
       3.15872		      -0.62450
       3.00720		      -1.20648
       2.75766		      -1.75503
       2.41699		      -2.25403
       1.99471		      -2.68868
       1.50272		      -3.04599
       0.95494		      -3.31511
       0.36697		      -3.48769
      -0.24438		      -3.55809
      -0.86156		      -3.52358
      -1.46674		      -3.38439
      -2.04236		      -3.14380
      -2.57163		      -2.80797
      -3.03897		      -2.38585
      -3.43050		      -1.88890
      -3.73443		      -1.33080
      -3.94143		      -0.72707
      -4.04488		      -0.09461
      -4.04111		       0.54873
      -3.92948		       1.18469
      -3.71249		       1.79512
      -3.39564		       2.36247
      -2.98737		       2.87035
      -2.49879		       3.30394
      -1.94340		       3.65050
      -1.33670		       3.89972
      -0.69580		       4.04400
      -0.03887		       4.07877
       0.61531		       4.00257
       1.24794		       3.81714
       1.84071		       3.52742
       2.37636		       3.14139
       2.83917		       2.66988
       3.21543		       2.12630
       3.49386		       1.52621
       3.66598		       0.88695
       3.72632		       0.22711
       3.67267		      -0.43398
       3.50612		      -1.07683
       3.23110		      -1.68236
       2.85523		      -2.23242
       2.38916		      -2.71040
       1.84626		      -3.10165
       1.24226		      -3.39398
       0.59481		      -3.57804
      -0.07703		      -3.64759
      -0.75333		      -3.59970
      -1.41388		      -3.43491
      -2.03878		      -3.15723
      -2.60903		      -2.77401
      -3.10708		      -2.29579
      -3.51741		      -1.73603
      -3.82695		      -1.11068
      -4.02553		      -0.43777
      -4.10616		       0.26310
      -4.06532		       0.97136
      -3.90305		       1.66605
      -3.62301		       2.32644
      -3.23237		       2.93266
      -2.74163		       3.46628
      -2.16439		       3.91091
      -1.51688		       4.25264
      -0.81757		       4.48053
      -0.08661		       4.58694
       0.65477		       4.56779
       1.38486		       4.42269
       2.08212		       4.15502
       2.72584		       3.77183
       3.29677		       3.28365
       3.77768		       2.70424
       4.15391		       2.05015
       4.41383		       1.34031
       4.54923		       0.59540
       4.55554		      -0.16268
       4.43206		      -0.91151
       4.18194		      -1.62881
       3.81217		      -2.29309
       3.33339		      -2.88435
       2.75956		      -3.38463
       2.10760		      -3.77863
       1.39686		      -4.05414
       0.64859		      -4.20246
      -0.11469		      -4.21869
      -0.86990		      -4.10187
      -1.59407		      -3.85509
      -2.26503		      -3.48536
      -2.86210		      -3.00346
      -3.36674		      -2.42365
      -3.76308		      -1.76323
      -4.03848		      -1.04203
      -4.18389		      -0.28186
      -4.19418		       0.49418
      -4.06828		       1.26237
      -3.80928		       1.99911
      -3.42433		       2.68163
      -2.92446		       3.28867
      -2.32427		       3.80119
      -1.64148		       4.20290
      -0.89644		       4.48082
      -0.11150		       4.62568
       0.68966		       4.63222
       1.48273		       4.49938
       2.24354		       4.23035
       2.94879		       3.83251
       3.57674		       3.31719
       4.10793		       2.69938
       4.52577		       1.99728
       4.81706		       1.23175
       4.97241		       0.42567
       4.98655		      -0.39673
       4.85853		      -1.21061
       4.59172		      -1.99130
       4.19381		      -2.71504
       3.67650		      -3.35972
       3.05522		      -3.90560
       2.34864		      -4.33588
       1.57813		      -4.63724
       0.76711		      -4.80032
      -0.05970		      -4.81994
      -0.87697		      -4.69536
      -1.65961		      -4.43026
      -2.38351		      -4.03267
      -3.02629		      -3.51476
      -3.56801		      -2.89243
      -3.99177		      -2.18487
      -4.28430		      -1.41398
      -4.43632		      -0.60368
      -4.44290		       0.22081
      -4.30359		       1.03373
      -4.02247		       1.80962
      -3.60802		       2.52407
      -3.07292		       3.15449
      -2.43360		       3.68084
      -1.70982		       4.08622
      -0.92402		       4.35744
      -0.10066		       4.48543
       0.73456		       4.46554
       1.55546		       4.29771
       2.33621		       3.98645
       3.05214		       3.54076
       3.68047		       2.97385
       4.20107		       2.30274
       4.59709		       1.54776
       4.85543		       0.73192
       4.96726		      -0.11981
       4.92821		      -0.98122
       4.73860		      -1.82571
       4.40338		      -2.62710
       3.93207		      -3.36044
       3.33837		      -4.00277
       2.63987		      -4.53389
       1.85743		      -4.93691
       1.01460		      -5.19886
       0.13684		      -5.31107
      -0.74917		      -5.26943
      -1.61645		      -5.07458
      -2.43847		      -4.73185
      -3.19003		      -4.25116
      -3.84798		      -3.64667
      -4.39201		      -2.93642
      -4.80521		      -2.14173
      -5.07465		      -1.28658
      -5.19177		      -0.39687
      -5.15265		       0.50037
      -4.95813		       1.37780
      -4.61384		       2.20863
      -4.12997		       2.96741
      -3.52102		       3.63084
      -2.80534		       4.17849
      -2.00458		       4.59340
      -1.14302		       4.86264
      -0.24686		       4.97767
       0.65660		       4.93467
       1.53979		       4.73460
       2.37571		       4.38320
       3.13876		       3.89083
       3.80550		       3.27213
       4.35538		       2.54563
       4.77139		       1.73312
       5.04054		       0.85904
       5.15426		      -0.05030
       5.10870		      -0.96747
       4.90480		      -1.86480
       4.54830		      -2.71522
       4.04954		      -3.49303
       3.42313		      -4.17474
       2.68755		      -4.73973
       1.86455		      -5.17091
       0.97850		      -5.45521
       0.05565		      -5.58400
      -0.87666		      -5.55328
      -1.79086		      -5.36388
      -2.65992		      -5.02136
      -3.45824		      -4.53586
      -4.16237		      -3.92179
      -4.75172		      -3.19737
      -5.20918		      -2.38406
      -5.52164		      -1.50595
      -5.68035		      -0.58896
      -5.68119		       0.33988
      -5.52476		       1.25329
      -5.21636		       2.12458
      -4.76580		       2.92839
      -4.18711		       3.64150
      -3.49807		       4.24352
      -2.71967		       4.71746
      -1.87547		       5.05027
      -0.99087		       5.23317
      -0.09234		       5.26193
       0.79340		       5.13696
       1.64018		       4.86327
       2.42314		       4.45032
       3.11953		       3.91165
       3.70933		       3.26452
       4.17588		       2.52933
       4.50634		       1.72896
       4.69207		       0.88812
       4.72885		       0.03253
       4.61701		      -0.81180
       4.36135		      -1.61945
       3.97098		      -2.36626
       3.45906		      -3.03012
       2.84228		      -3.59163
       2.14043		      -4.03462
       1.37569		      -4.34667
       0.57199		      -4.51946
      -0.24575		      -4.54895
      -1.05237		      -4.43553
      -1.82329		      -4.18394
      -2.53518		      -3.80311
      -3.16675		      -3.30586
      -3.69931		      -2.70845
      -4.11740		      -2.03011
      -4.40916		      -1.29238
      -4.56675		      -0.51846
      -4.58650		       0.26753
      -4.46903		       1.04128
      -4.21920		       1.77907
      -3.84590		       2.45846
      -3.36180		       3.05901
      -2.78287		       3.56287
      -2.12794		       3.95533
      -1.41803		       4.22524
      -0.67574		       4.36537
       0.07552		       4.37256
       0.81218		       4.24783
       1.51132		       3.99631
       2.15134		       3.62705
       2.71261		       3.15275
       3.17811		       2.58930
       3.53391		       1.95531
       3.76962		       1.27150
       3.87867		       0.56003
       3.85851		      -0.15617
       3.71067		      -0.85411
       3.44070		      -1.51150
       3.05798		      -2.10741
       2.57541		      -2.62293
       2.00902		      -3.04172
       1.37742		      -3.35057
       0.70125		      -3.53977
       0.00250		      -3.60339
      -0.69613		      -3.53949
      -1.37201		      -3.35015
      -2.00320		      -3.04141
      -2.56922		      -2.62307
      -3.05159		      -2.10839
      -3.43450		      -1.51365
      -3.70522		      -0.85769
      -3.85455		      -0.16128
      -3.87706		       0.55351
      -3.77130		       1.26399
      -3.53982		       1.94753
      -3.18910		       2.58232
      -2.72934		       3.14798
      -2.17418		       3.62624
      -1.54026		       4.00145
      -0.84672		       4.26111
      -0.11461		       4.39627
       0.63376		       4.40174
       1.37546		       4.27634
       2.08771		       4.02287
       2.74850		       3.64810
       3.33733		       3.16251
       3.83578		       2.58001
       4.22811		       1.91754
       4.50175		       1.19452
       4.64767		       0.43231
       4.66063		      -0.34647
       4.53943		      -1.11858
       4.28688		      -1.86091
       3.90976		      -2.55113
       3.41861		      -3.16838
       2.82744		      -3.69390
       2.15331		      -4.11162
       1.41581		      -4.40861
       0.63649		      -4.57548
      -0.16175		      -4.60670
      -0.95538		      -4.50073
      -1.72095		      -4.26012
      -2.43573		      -3.89140
      -3.07843		      -3.40489
      -3.62983		      -2.81447
      -4.07334		      -2.13707
      -4.39551		      -1.39226
      -4.58642		      -0.60164
      -4.63997		       0.21181
      -4.55409		       1.02436
      -4.33078		       1.81229
      -3.97607		       2.55253
      -3.49983		       3.22338
      -2.91551		       3.80512
      -2.23970		       4.28061
      -1.49169		       4.63579
      -0.69288		       4.86007
       0.13383		       4.94668
       0.96474		       4.89282
       1.77601		       4.69978
       2.54438		       4.37286
       3.24785		       3.92125
       3.86629		       3.35775
       4.38205		       2.69836
       4.78049		       1.96184
       5.05035		       1.16915
       5.18412		       0.34282
       5.17822		      -0.49367
       5.03312		      -1.31662
       4.75327		      -2.10279
       4.34704		      -2.83005
       3.82637		      -3.47806
       3.20648		      -4.02882
       2.50539		      -4.46723
       1.74339		      -4.78145
       0.94242		      -4.96332
       0.12546		      -5.00850
      -0.68417		      -4.91666
      -1.46348		      -4.69139
      -2.19049		      -4.34015
      -2.84486		      -3.87398
      -3.40846		      -3.30719
      -3.86593		      -2.65694
      -4.20506		      -1.94265
      -4.41718		      -1.18553
      -4.49736		      -0.40786
      -4.44454		       0.36765
      -4.26157		       1.11848
      -3.95503		       1.82302
      -3.53511		       2.46116
      -3.01521		       3.01489
      -2.41155		       3.46881
      -1.74271		       3.81056
      -1.02900		       4.03116
      -0.29191		       4.12529
       0.44656		       4.09136
       1.16454		       3.93158
       1.84094		       3.65185
       2.45609		       3.26156
       2.99225		       2.77330
       3.43420		       2.20245
       3.76961		       1.56670
       3.98943		       0.88554
       4.08808		       0.17963
       4.06366		      -0.52980
       3.91793		      -1.22158
       3.65624		      -1.87525
       3.28735		      -2.47164
       2.82317		      -2.99346
       2.27832		      -3.42577
       1.66975		      -3.75643
       1.01613		      -3.97644
       0.33738		      -4.08018
      -0.34603		      -4.06557
      -1.01362		      -3.93407
      -1.64558		      -3.69066
      -2.22329		      -3.34363
      -2.72993		      -2.90432
      -3.15096		      -2.38677
      -3.47451		      -1.80726
      -3.69174		      -1.18380
      -3.79710		      -0.53563
      -3.78846		       0.11745
      -3.66713		       0.75562
      -3.43786		       1.35965
      -3.10861		       1.91148
      -2.69032		       2.39478
      -2.19656		       2.79539
      -1.64310		       3.10177
      -1.04744		       3.30531
      -0.42822		       3.40061
       0.19529		       3.38558
       0.80381		       3.26151
       1.37865		       3.03301
       1.90224		       2.70785
       2.35866		       2.29672
       2.73414		       1.81286
       3.01746		       1.27171
       3.20025		       0.69034
       3.27728		       0.08700
       3.24657		      -0.51947
       3.10944		      -1.11021
       2.87048		      -1.66693
       2.53737		      -2.17242
       2.12065		      -2.61114
       1.63341		      -2.96961
       1.09082		      -3.23687
       0.50973		      -3.40478
      -0.09188		      -3.46827
      -0.69545		      -3.42548
      -1.28240		      -3.27781
      -1.83469		      -3.02987
      -2.33540		      -2.68934
      -2.76921		      -2.26669
      -3.12286		      -1.77494
      -3.38557		      -1.22917
      -3.54939		      -0.64609
      -3.60937		      -0.04357
      -3.56375		       0.55998
      -3.41404		       1.14612
      -3.16489		       1.69696
      -2.82403		       2.19570
      -2.40198		       2.62715
      -1.91174		       2.97818
      -1.36842		       3.23812
      -0.78874		       3.39911
      -0.19055		       3.45631
       0.40775		       3.40807
       0.98770		       3.25597
       1.53144		       3.00477
       2.02216		       2.66230
       2.44468		       2.23919
       2.78589		       1.74855
       3.03515		       1.20562
       3.18464		       0.62724
       3.22956		       0.03142
       3.16835		      -0.56330
       3.00268		      -1.13831
       2.73745		      -1.67558
       2.38063		      -2.15818
       1.94304		      -2.57078
       1.43803		      -2.90015
       0.88107		      -3.13556
       0.28930		      -3.26913
      -0.31899		      -3.29604
      -0.92491		      -3.21474
      -1.50953		      -3.02699
      -2.05447		      -2.73780
      -2.54246		      -2.35534
      -2.95785		      -1.89067
      -3.28710		      -1.35744
      -3.51925		      -0.77150
      -3.64617		      -0.15039
      -3.66290		       0.48713
      -3.56780		       1.12165
      -3.36261		       1.73373
      -3.05243		       2.30443
      -2.64557		       2.81594
      -2.15334		       3.25205
      -1.58973		       3.59873
      -0.97101		       3.84452
      -0.31523		       3.98089
       0.35826		       4.00253
       1.02942		       3.90755
       1.67810		       3.69750
       2.28464		       3.37743
       2.83045		       2.95570
       3.29859		       2.44381
       3.67429		       1.85603
       3.94536		       1.20903
       4.10264		       0.52139
       4.14026		      -0.18691
       4.05582		      -0.89512
       3.85053		      -1.58228
       3.52916		      -2.22785
       3.09997		      -2.81235
       2.57445		      -3.31790
       1.96706		      -3.72879
       1.29476		      -4.03192
       0.57660		      -4.21726
      -0.16689		      -4.27812
      -0.91423		      -4.21139
      -1.64365		      -4.01766
      -2.33371		      -3.70122
      -2.96392		      -3.26996
      -3.51538		      -2.73519
      -3.97130		      -2.11129
      -4.31750		      -1.41536
      -4.54290		      -0.66670
      -4.63980		       0.11370
      -4.60413		       0.90380
      -4.43563		       1.68110
      -4.13784		       2.42331
      -3.71805		       3.10902
      -3.18706		       3.71826
      -2.55895		       4.23315
      -1.85065		       4.63839
      -1.08147		       4.92173
      -0.27257		       5.07432
       0.55367		       5.09099
       1.37426		       4.97043
       2.16628		       4.71520
       2.90753		       4.33171
       3.57718		       3.83002
       4.15636		       3.22358
       4.62871		       2.52885
       4.98087		       1.76480
       5.20286		       0.95243
       5.28835		       0.11411
       5.23490		      -0.72702
       5.04397		      -1.54775
       4.72092		      -2.32544
       4.27486		      -3.03867
       3.71835		      -3.66787
       3.06707		      -4.19591
       2.33935		      -4.60851
       1.55565		      -4.89473
       0.73796		      -5.04725
      -0.09087		      -5.06256
      -0.90773		      -4.94105
      -1.68996		      -4.68704
      -2.41601		      -4.30858
      -3.06604		      -3.81721
      -3.62250		      -3.22767
      -4.07063		      -2.55739
      -4.39888		      -1.82599
      -4.59921		      -1.05472
      -4.66735		      -0.26580
      -4.60286		       0.51821
      -4.40913		       1.27511
      -4.09328		       1.98366
      -3.66589		       2.62424
      -3.14071		       3.17940
      -2.53417		       3.63438
      -1.86492		       3.97748
      -1.15324		       4.20045
      -0.42042		       4.29864
       0.31187		       4.27116
       1.02225		       4.12086
       1.69027		       3.85419
       2.29698		       3.48099
       2.82554		       3.01417
       3.26169		       2.46927
       3.59416		       1.86398
       3.81496		       1.21756
       3.91962		       0.55025
       3.90730		      -0.11736
       3.78075		      -0.76498
       3.54619		      -1.37324
       3.21312		      -1.92427
       2.79394		      -2.40225
       2.30357		      -2.79390
       1.75894		      -3.08883
       1.17844		      -3.27987
       0.58132		      -3.36326
      -0.01290		      -3.33873
      -0.58510		      -3.20947
      -1.11714		      -2.98199
      -1.59241		      -2.66594
      -1.99641		      -2.27366
      -2.31713		      -1.81989
      -2.54546		      -1.32116
      -2.67547		      -0.79531
      -2.70455		      -0.26089
      -2.63349		       0.26348
      -2.46643		       0.75970
      -2.21070		       1.21076
      -1.87658		       1.60134
      -1.47691		       1.91826
      -1.02671		       2.15094
      -0.54263		       2.29173
      -0.04242		       2.33615
       0.45570		       2.28304
       0.93358		       2.13458
       1.37380		       1.89625
       1.76022		       1.57660
       2.07854		       1.18700
       2.31676		       0.74126
       2.46557		       0.25517
       2.51872		      -0.25403
       2.47319		      -0.76817
       2.32931		      -1.26883
       2.09077		      -1.73787
       1.76455		      -2.15809
       1.36064		      -2.51375
       0.89178		      -2.79117
       0.37305		      -2.97911
      -0.17861		      -3.06924
      -0.74495		      -3.05638
      -1.30698		      -2.93872
      -1.84560		      -2.71788
      -2.34221		      -2.39895
      -2.77931		      -1.99028
      -3.14108		      -1.50330
      -3.41392		      -0.95216
      -3.58691		      -0.35331
      -3.65215		       0.27502
      -3.60510		       0.91336
      -3.44469		       1.54161
      -3.17348		       2.13968
      -2.79753		       2.68812
      -2.32630		       3.16874
      -1.77237		       3.56517
      -1.15109		       3.86345
      -0.48012		       4.05240
       0.22107		       4.12407
       0.93182		       4.07402
       1.63089		       3.90141
       2.29707		       3.60916
       2.90989		       3.20383
       3.45020		       2.69549
       3.90081		       2.09743
       4.24698		       1.42578
       4.47692		       0.69906
       4.58216		      -0.06235
       4.55782		      -0.83685
       4.40280		      -1.60221
       4.11983		      -2.33625
       3.71541		      -3.01751
       3.19966		      -3.62588
       2.58600		      -4.14319
       1.89083		      -4.55381
       1.13301		      -4.84506
       0.33333		      -5.00764
      -0.48609		      -5.03590
      -1.30242		      -4.92802
      -2.09285		      -4.68610
      -2.83518		      -4.31606
      -3.50853		      -3.82751
      -4.09393		      -3.23348
      -4.57485		      -2.55003
      -4.93774		      -1.79577
      -5.17236		      -0.99138
      -5.27212		      -0.15893
      -5.23425		       0.67871
      -5.05989		       1.49853
      -4.75402		       2.27809
      -4.32535		       2.99611
      -3.78601		       3.63314
      -3.15124		       4.17206
      -2.43888		       4.59861
      -1.66890		       4.90177
      -0.86278		       5.07407
      -0.04288		       5.11176
       0.76820		       5.01494
       1.54827		       4.78750
       2.27620		       4.43700
       2.93251		       3.97442
       3.49993		       3.41380
       3.96390		       2.77183
       4.31292		       2.06734
       4.53890		       1.32071
       4.63734		       0.55332
       4.60744		      -0.21316
       4.45205		      -0.95733
       4.17759		      -1.65872
       3.79381		      -2.29838
       3.31344		      -2.85937
       2.75182		      -3.32730
       2.12638		      -3.69065
       1.45613		      -3.94113
       0.76108		      -4.07384
       0.06162		      -4.08737
      -0.62208		      -3.98383
      -1.27065		      -3.76869
      -1.86611		      -3.45061
      -2.39234		      -3.04109
      -2.83560		      -2.55414
      -3.18480		      -2.00577
      -3.43190		      -1.41353
      -3.57204		      -0.79591
      -3.60363		      -0.17181
      -3.52837		       0.44006
      -3.35115		       1.02172
      -3.07982		       1.55648
      -2.72494		       2.02941
      -2.29936		       2.42774
      -1.81784		       2.74126
      -1.29655		       2.96258
      -0.75255		       3.08726
      -0.20323		       3.11397
       0.33420		       3.04441
       0.84324		       2.88326
       1.30865		       2.63796
       1.71684		       2.31844
       2.05629		       1.93675
       2.31789		       1.50669
       2.49519		       1.04330
       2.58452		       0.56241
       2.58510		       0.08009
       2.49903		      -0.38781
       2.33114		      -0.82622
       2.08882		      -1.22127
       1.78175		      -1.56073
       1.42154		      -1.83439
       1.02138		      -2.03433
       0.59553		      -2.15516
       0.15891		      -2.19418
      -0.27343		      -2.15138
      -0.68677		      -2.02946
      -1.06718		      -1.83370
      -1.40202		      -1.57175
      -1.68024		      -1.25335
      -1.89282		      -0.89002
      -2.03296		      -0.49467
      -2.09633		      -0.08114
      -2.08117		       0.33622
      -1.98833		       0.74303
      -1.82122		       1.12534
      -1.58569		       1.47011
      -1.28982		       1.76558
      -0.94364		       2.00164
      -0.55882		       2.17021
      -0.14824		       2.26542
       0.27436		       2.28380
       0.69491		       2.22444
       1.09937		       2.08894
       1.47428		       1.88136
       1.80709		       1.60814
       2.08664		       1.27782
       2.30346		       0.90080
       2.45009		       0.48898
       2.52130		       0.05542
       2.51428		      -0.38613
       2.42870		      -0.82161
       2.26671		      -1.23714
       2.03290		      -1.61943
       1.73413		      -1.95621
       1.37934		      -2.23661
       0.97921		      -2.45151
       0.54592		      -2.59380
       0.09265		      -2.65862
      -0.36670		      -2.64350
      -0.81805		      -2.54845
      -1.24753		      -2.37596
      -1.64188		      -2.13088
      -1.98894		      -1.82032
      -2.27793		      -1.45343
      -2.49986		      -1.04107
      -2.64774		      -0.59551
      -2.71685		      -0.13006
      -2.70483		       0.34136
      -2.61179		       0.80461
      -2.44029		       1.24583
      -2.19525		       1.65177
      -1.88381		       2.01026
      -1.51510		       2.31055
      -1.09998		       2.54363
      -0.65067		       2.70252
      -0.18044		       2.78244
       0.29686		       2.78098
       0.76716		       2.69817
       1.21665		       2.53644
       1.63212		       2.30057
       2.00142		       1.99753
       2.31381		       1.63626
       2.56022		       1.22739
       2.73360		       0.78296
       2.82905		       0.31600
       2.84399		      -0.15986
       2.77822		      -0.63073
       2.63394		      -1.08296
       2.41562		      -1.50350
       2.12990		      -1.88027
       1.78537		      -2.20257
       1.39231		      -2.46131
       0.96234		      -2.64936
       0.50812		      -2.76166
       0.04295		      -2.79543
      -0.41965		      -2.75020
      -0.86630		      -2.62780
      -1.28419		      -2.43233
      -1.66144		      -2.16999
      -1.98744		      -1.84889
      -2.25315		      -1.47881
      -2.45137		      -1.07087
      -2.57692		      -0.63722
      -2.62679		      -0.19067
      -2.60021		       0.25569
      -2.49865		       0.68891
      -2.32574		       1.09651
      -2.08719		       1.46688
      -1.79054		       1.78958
      -1.44500		       2.05568
      -1.06109		       2.25795
      -0.65037		       2.39112
      -0.22507		       2.45196
       0.20227		       2.43939
       0.61916		       2.35448
       1.01354		       2.20039
       1.37414		       1.98226
       1.69074		       1.70706
       1.95454		       1.38333
       2.15833		       1.02096
       2.29674		       0.63083
       2.36632		       0.22455
       2.36569		      -0.18593
       2.29547		      -0.58866
       2.15832		      -0.97205
       1.95881		      -1.32514
       1.70322		      -1.63802
       1.39945		      -1.90200
       1.05664		      -2.10989
       0.68499		      -2.25620
       0.29544		      -2.33726
      -0.10072		      -2.35133
      -0.49208		      -2.29857
      -0.86754		      -2.18108
      -1.21652		      -2.00276
      -1.52935		      -1.76924
      -1.79749		      -1.48763
      -2.01373		      -1.16633
      -2.17246		      -0.81478
      -2.26972		      -0.44317
      -2.30337		      -0.06215
      -2.27306		       0.31750
      -2.18025		       0.68516
      -2.02817		       1.03066
      -1.82163		       1.34458
      -1.56695		       1.61849
      -1.27170		       1.84518
      -0.94449		       2.01886
      -0.59473		       2.13527
      -0.23233		       2.19180
       0.13257		       2.18754
       0.48988		       2.12327
       0.82985		       2.00142
       1.14334		       1.82598
       1.42206		       1.60238
       1.65877		       1.33729
       1.84748		       1.03843
       1.98361		       0.71434
       2.06408		       0.37417
       2.08734		       0.02734
       2.05346		      -0.31665
       1.96405		      -0.64850
       1.82219		      -0.95939
       1.63237		      -1.24118
       1.40030		      -1.48662
       1.13275		      -1.68956
       0.83737		      -1.84509
       0.52242		      -1.94962
       0.19659		      -2.00101
      -0.13126		      -1.99857
      -0.45234		      -1.94307
      -0.75820		      -1.83667
      -1.04088		      -1.68288
      -1.29318		      -1.48642
      -1.50881		      -1.25308
      -1.68254		      -0.98955
      -1.81036		      -0.70322
      -1.88951		      -0.40198
      -1.91858		      -0.09399
      -1.89750		       0.21250
      -1.82755		       0.50945
      -1.71126		       0.78915
      -1.55238		       1.04447
      -1.35570		       1.26905
      -1.12696		       1.45742
      -0.87267		       1.60515
      -0.59989		       1.70895
      -0.31611		       1.76674
      -0.02896		       1.77769
       0.25392		       1.74221
       0.52513		       1.66194
       0.77767		       1.53968
       1.00515		       1.37930
       1.20190		       1.18563
       1.36316		       0.96431
       1.48520		       0.72165
       1.56533		       0.46443
       1.60204		       0.19973
       1.59499		      -0.06526
       1.54502		      -0.32342
       1.45407		      -0.56791
       1.32518		      -0.79235
       1.16237		      -0.99094
       0.97051		      -1.15866
       0.75521		      -1.29137
       0.52264		      -1.38592
       0.27938		      -1.44020
       0.03223		      -1.45322
      -0.21197		      -1.42514
      -0.44651		      -1.35720
      -0.66501		      -1.25172
      -0.86157		      -1.11205
      -1.03095		      -0.94242
      -1.16867		      -0.74786
      -1.27117		      -0.53406
      -1.33587		      -0.30721
      -1.36126		      -0.07380
      -1.34691		       0.15950
      -1.29350		       0.38606
      -1.20281		       0.59947
      -1.07765		       0.79371
      -0.92179		       0.96331
      -0.73985		       1.10351
      -0.53717		       1.21036
      -0.31970		       1.28089
      -0.09379		       1.31316
       0.13398		       1.30628
       0.35694		       1.26053
       0.56858		       1.17727
       0.76268		       1.05894
       0.93352		       0.90900
       1.07602		       0.73185
       1.18591		       0.53267
       1.25986		       0.31732
       1.29554		       0.09215
       1.29176		      -0.13615
       1.24843		      -0.36079
       1.16667		      -0.57501
       1.04871		      -0.77233
       0.89786		      -0.94669
       0.71846		      -1.09269
       0.51569		      -1.20571
       0.29552		      -1.28204
       0.06446		      -1.31907
      -0.17057		      -1.31530
      -0.40246		      -1.27044
      -0.62411		      -1.18545
      -0.82865		      -1.06247
      -1.00964		      -0.90482
      -1.16126		      -0.71693
      -1.27850		      -0.50415
      -1.35732		      -0.27271
      -1.39479		      -0.02944
      -1.38920		       0.21834
      -1.34010		       0.46307
      -1.24837		       0.69718
      -1.11619		       0.91332
      -0.94701		       1.10453
      -0.74546		       1.26453
      -0.51725		       1.38790
      -0.26897		       1.47021
      -0.00795		       1.50826
       0.25795		       1.50010
       0.52062		       1.44519
       0.77188		       1.34442
       1.00376		       1.20007
       1.20874		       1.01584
       1.38001		       0.79669
       1.51163		       0.54876
       1.59881		       0.27917
       1.63802		      -0.00413
       1.62713		      -0.29266
       1.56552		      -0.57757
       1.45413		      -0.84999
       1.29543		      -1.10126
       1.09342		      -1.32318
       0.85348		      -1.50831
       0.58229		      -1.65021
       0.28761		      -1.74363
      -0.02191		      -1.78470
      -0.33701		      -1.77112
      -0.64806		      -1.70219
      -0.94536		      -1.57893
      -1.21947		      -1.40404
      -1.46143		      -1.18186
      -1.66312		      -0.91828
      -1.81750		      -0.62059
      -1.91882		      -0.29725
      -1.96287		       0.04229
      -1.94711		       0.38791
      -1.87076		       0.72910
      -1.73493		       1.05526
      -1.54255		       1.35607
      -1.29835		       1.62174
      -1.00874		       1.84339
      -0.68165		       2.01329
      -0.32632		       2.12516
       0.04695		       2.17435
       0.42714		       2.15805
       0.80276		       2.07539
       1.16225		       1.92749
       1.49433		       1.71751
       1.78830		       1.45054
       2.03443		       1.13351
       2.22425		       0.77501
       2.35084		       0.38505
       2.40905		      -0.02520
       2.39570		      -0.44375
       2.30974		      -0.85814
       2.15228		      -1.25579
       1.92659		      -1.62438
       1.63808		      -1.95225
       1.29414		      -2.22874
       0.90397		      -2.44455
       0.47831		      -2.59201
       0.02917		      -2.66540
      -0.43054		      -2.66107
      -0.88734		      -2.57766
      -1.32764		      -2.41612
      -1.73808		      -2.17978
      -2.10598		      -1.87421
      -2.41971		      -1.50717
      -2.66905		      -1.08832
      -2.84553		      -0.62906
      -2.94271		      -0.14213
      -2.95637		       0.35870
      -2.88470		       0.85905
      -2.72839		       1.34434
      -2.49061		       1.80021
      -2.17697		       2.21299
      -1.79538		       2.57006
      -1.35586		       2.86027
      -0.87023		       3.07428
      -0.35183		       3.20485
       0.18489		       3.24711
       0.72479		       3.19868
       1.25244		       3.05980
       1.75262		       2.83334
       2.21073		       2.52476
       2.61325		       2.14194
       2.94815		       1.69498
       3.20524		       1.19595
       3.37648		       0.65853
       3.45626		       0.09762
       3.44158		      -0.47111
       3.33213		      -1.03161
       3.13033		      -1.56800
       2.84129		      -2.06495
       2.47268		      -2.50822
       2.03446		      -2.88502
       1.53868		      -3.18443
       0.99910		      -3.39771
       0.43078		      -3.51857
      -0.15035		      -3.54336
      -0.72794		      -3.47120
      -1.28570		      -3.30400
      -1.80791		      -3.04641
      -2.27985		      -2.70569
      -2.68824		      -2.29153
      -3.02164		      -1.81571
      -3.27081		      -1.29180
      -3.42893		      -0.73473
      -3.49186		      -0.16039
      -3.45820		       0.41489
      -3.32939		       0.97480
      -3.10961		       1.50353
      -2.80570		       1.98624
      -2.42689		       2.40951
      -1.98459		       2.76172
      -1.49197		       3.03342
      -0.96361		       3.21756
      -0.41503		       3.30973
       0.13774		       3.30826
       0.67870		       3.21426
       1.19235		       3.03160
       1.66410		       2.76672
       2.08079		       2.42847
       2.43101		       2.02780
       2.70550		       1.57744
       2.89735		       1.09145
       3.00227		       0.58483
       3.01862		       0.07303
       2.94753		      -0.42855
       2.79276		      -0.90500
       2.56062		      -1.34238
       2.25973		      -1.72815
       1.90072		      -2.05154
       1.49592		      -2.30389
       1.05890		      -2.47887
       0.60406		      -2.57273
       0.14619		      -2.58430
      -0.30006		      -2.51510
      -0.72061		      -2.36921
      -1.10243		      -2.15315
      -1.43391		      -1.87561
      -1.70525		      -1.54720
      -1.90879		      -1.18006
      -2.03920		      -0.78745
      -2.09367		      -0.38331
      -2.07198		       0.01819
      -1.97647		       0.40313
      -1.81200		       0.75832
      -1.58571		       1.07172
      -1.30683		       1.33282
      -0.98631		       1.53303
      -0.63648		       1.66594
      -0.27063		       1.72751
       0.09747		       1.71626
       0.45402		       1.63326
       0.78565		       1.48213
       1.07990		       1.26890
       1.32565		       1.00182
       1.51346		       0.69107
       1.63597		       0.34843
       1.68810		      -0.01312
       1.66726		      -0.37986
       1.57348		      -0.73775
       1.40937		      -1.07297
       1.18010		      -1.37236
       0.89323		      -1.62386
       0.55846		      -1.81699
       0.18737		      -1.94317
      -0.20705		      -1.99607
      -0.61072		      -1.97184
      -1.00900		      -1.86926
      -1.38715		      -1.68984
      -1.73086		      -1.43781
      -2.02671		      -1.11997
      -2.26261		      -0.74558
      -2.42831		      -0.32601
      -2.51569		       0.12555
      -2.51909		       0.59454
      -2.43558		       1.06545
      -2.26503		       1.52234
      -2.01023		       1.94936
      -1.67681		       2.33124
      -1.27313		       2.65383
      -0.81004		       2.90459
      -0.30061		       3.07296
       0.24031		       3.15081
       0.79648		       3.13271
       1.35078		       3.01614
       1.88576		       2.80166
       2.38413		       2.49292
       2.82938		       2.09660
       3.20627		       1.62225
       3.50130		       1.08209
       3.70325		       0.49058
       3.80345		      -0.13588
       3.79621		      -0.77951
       3.67894		      -1.42164
       3.45233		      -2.04327
       3.12038		      -2.62566
       2.69032		      -3.15086
       2.17243		      -3.60234
       1.57977		      -3.96545
       0.92784		      -4.22791
       0.23414		      -4.38020
      -0.48234		      -4.41590
      -1.20166		      -4.33190
      -1.90353		      -4.12855
      -2.56788		      -3.80966
      -3.17548		      -3.38245
      -3.70852		      -2.85736
      -4.15115		      -2.24777
      -4.48995		      -1.56960
      -4.71436		      -0.84095
      -4.81700		      -0.08148
      -4.79392		       0.68811
