      22.62324		      -2.08963
      20.91986		      -8.83072
      17.06830		     -14.59460
      11.55638		     -18.69314
       5.08476		     -20.66179
      -1.52944		     -20.32094
      -7.46452		     -17.79748
     -12.00580		     -13.50412
     -14.64143		      -8.07935
     -15.12935		      -2.29700
     -13.52615		       3.04208
     -10.17436		       7.22066
      -5.65024		       9.70296
      -0.67977		      10.20599
       3.96506		       8.73485
       7.57498		       5.57755
       9.60213		       1.26035
       9.73482		      -3.52944
       7.93853		      -8.04213
       4.45759		     -11.57185
      -0.22188		     -13.55520
      -5.44236		     -13.64888
     -10.46823		     -11.77573
     -14.58868		      -8.13319
     -17.21593		      -3.16362
     -17.96502		       2.50882
     -16.70456		       8.16557
     -13.57178		      13.09268
      -8.95045		      16.67766
      -3.41541		      18.49086
       2.34815		      18.34027
       7.63882		      16.29291
      11.83356		      12.66037
      14.46944		       7.95130
      15.30177		       2.79815
      14.33108		      -2.13126
      11.79589		      -6.22480
       8.13330		      -9.00707
       3.91337		     -10.19964
      -0.24280		      -9.75266
      -3.74980		      -7.84424
      -6.13714		      -4.84856
      -7.11056		      -1.27795
      -6.58723		       2.29236
      -4.70083		       5.30604
      -1.77673		       7.30247
       1.71868		       7.97825
       5.24656		       7.22524
       8.27237		       5.14069
      10.33979		       2.00882
      11.13192		      -1.74277
      10.51171		      -5.60517
       8.53659		      -9.05959
       5.44620		     -11.64822
       1.62566		     -13.03468
      -2.44986		     -13.04632
      -6.28108		     -11.69305
      -9.41184		      -9.16096
     -11.48841		      -5.78237
     -12.30298		      -1.98724
     -11.81626		       1.75693
     -10.15659		       5.00818
      -7.59659		       7.40742
      -4.51146		       8.72259
      -1.32496		       8.87410
       1.54891		       7.93887
       3.76071		       6.13322
       5.06942		       3.77763
       5.37008		       1.24903
       4.70184		      -1.07266
       3.23638		      -2.85625
       1.24882		      -3.86231
      -0.92415		      -3.97209
      -2.93281		      -3.19905
      -4.46292		      -1.68203
      -5.27750		       0.33828
      -5.24673		       2.55574
      -4.36223		       4.64261
      -2.73454		       6.29485
      -0.57473		       7.27258
       1.83687		       7.43057
       4.19008		       6.73507
       6.18691		       5.26525
       7.58059		       3.19957
       8.20649		       0.78957
       8.00119		      -1.67515
       7.00759		      -3.90565
       5.36592		      -5.65104
       3.29240		      -6.72945
       1.04871		      -7.04905
      -1.09328		      -6.61641
      -2.88686		      -5.53194
      -4.14120		      -3.97317
      -4.74365		      -2.16876
      -4.67109		      -0.36674
      -3.98916		       1.19846
      -2.83999		       2.33605
      -1.42040		       2.92204
       0.04619		       2.91296
       1.34039		       2.34838
       2.27581		       1.34264
       2.72278		       0.06701
       2.62383		      -1.27510
       1.99923		      -2.47629
       0.94222		      -3.35305
      -0.39532		      -3.76977
      -1.82438		      -3.65577
      -3.14475		      -3.01347
      -4.17173		      -1.91678
      -4.76032		      -0.50022
      -4.82364		       1.05964
      -4.34351		       2.56779
      -3.37193		       3.83638
      -2.02343		       4.70888
      -0.45952		       5.07976
       1.13256		       4.90736
       2.56410		       4.21825
       3.66888		       3.10283
       4.32391		       1.70293
       4.46424		       0.19290
       4.09013		      -1.24289
       3.26582		      -2.43365
       2.11017		      -3.24341
       0.78049		      -3.58766
      -0.54818		      -3.44294
      -1.70576		      -2.84863
      -2.54872		      -1.90061
      -2.97793		      -0.73786
      -2.95050		       0.47628
      -2.48431		       1.57558
      -1.65454		       2.41248
      -0.58301		       2.87692
       0.57836		       2.91000
       1.66772		       2.51102
       2.53449		       1.73675
       3.05886		       0.69353
       3.16704		      -0.47710
       2.84057		      -1.61700
       2.11837		      -2.57209
       1.09139		      -3.21221
      -0.10927		      -3.44790
      -1.32929		      -3.24172
      -2.41098		      -2.61299
      -3.21330		      -1.63528
      -3.62980		      -0.42703
      -3.60203		       0.86341
      -3.12687		       2.07640
      -2.25691		       3.06101
      -1.09393		       3.69374
       0.22382		       3.89390
       1.53861		       3.63343
       2.69273		       2.94034
       3.54778		       1.89517
       4.00150		       0.62103
       4.00021		      -0.73152
       3.54512		      -2.00286
       2.69203		      -3.04373
       1.54435		      -3.73328
       0.24037		      -3.99369
      -1.06363		      -3.79936
      -2.21243		      -3.17993
      -3.07077		      -2.21642
      -3.53973		      -1.03131
      -3.56878		       0.22653
      -3.16192		       1.40006
      -2.37723		       2.34331
      -1.31985		       2.93936
      -0.12921		       3.11491
       1.03800		       2.84955
       2.02712		       2.17876
       2.70476		       1.19009
       2.97563		       0.01287
       2.79504		      -1.19722
       2.17530		      -2.27711
       1.18535		      -3.07659
      -0.05665		      -3.47730
      -1.39687		      -3.40828
      -2.66409		      -2.85599
      -3.69059		      -1.86759
      -4.33309		      -0.54675
      -4.49132		       0.95761
      -4.12173		       2.46843
      -3.24460		       3.80171
      -1.94349		       4.78909
      -0.35670		       5.29923
       1.33821		       5.25519
       2.94537		       4.64561
       4.27447		       3.52796
       5.16461		       2.02326
       5.50526		       0.30267
       5.25139		      -1.43270
       4.43084		      -2.97642
       3.14250		      -4.14272
       1.54545		      -4.79062
      -0.16001		      -4.84306
      -1.75725		      -4.29824
      -3.04098		      -3.23161
      -3.84430		      -1.78776
      -4.06150		      -0.16304
      -3.66341		       1.41909
      -2.70319		       2.73712
      -1.31126		       3.60107
       0.32018		       3.87877
       1.96135		       3.51520
       3.37482		       2.54203
       4.34748		       1.07583
       4.72007		      -0.69524
       4.41035		      -2.53483
       3.42665		      -4.18900
       1.86936		      -5.42006
      -0.07980		      -6.03932
      -2.18007		      -5.93402
      -4.16240		      -5.08475
      -5.76503		      -3.57066
      -6.76893		      -1.56143
      -7.02840		       0.70332
      -6.49243		       2.94464
      -5.21359		       4.88092
      -3.34312		       6.26576
      -1.11235		       6.92187
       1.19724		       6.76615
       3.29126		       5.82237
       4.90225		       4.21941
       5.82640		       2.17507
       5.95211		      -0.03277
       5.27622		      -2.10358
       3.90557		      -3.75537
       2.04312		      -4.76383
      -0.03928		      -4.99405
      -2.03822		      -4.42001
      -3.66087		      -3.12931
      -4.66614		      -1.31185
      -4.89911		       0.76586
      -4.31371		       2.79747
      -2.98036		       4.47958
      -1.07729		       5.55465
       1.13341		       5.84779
       3.34182		       5.29240
       5.23336		       3.94075
       6.53299		       1.95789
       7.04424		      -0.40034
       6.67754		      -2.82240
       5.46368		      -4.98410
       3.55037		      -6.59388
       1.18236		      -7.43370
      -1.33224		      -7.38980
      -3.66472		      -6.46889
      -5.51155		      -4.79741
      -6.63674		      -2.60393
      -6.90471		      -0.18707
      -6.29898		       2.12645
      -4.92403		       4.02778
      -2.98996		       5.26922
      -0.78228		       5.69881
       1.37900		       5.28123
       3.18507		       4.10195
       4.38216		       2.35423
       4.80748		       0.31069
       4.41189		      -1.71628
       3.26622		      -3.41973
       1.55033		      -4.54227
      -0.47346		      -4.91296
      -2.49860		      -4.47154
      -4.21885		      -3.27665
      -5.37244		      -1.49687
      -5.77974		       0.61398
      -5.36880		       2.75373
      -4.18536		       4.61554
      -2.38580		       5.93195
      -0.21429		       6.51305
       2.03259		       6.27330
       4.04853		       5.24312
       5.56117		       3.56380
       6.37068		       1.46649
       6.37754		      -0.76149
       5.59565		      -2.81811
       4.14910		      -4.42974
       2.25308		      -5.38984
       0.18203		      -5.58744
      -1.77051		      -5.02166
      -3.33413		      -3.80016
      -4.30006		      -2.12199
      -4.55019		      -0.24752
      -4.07271		       1.54015
      -2.96209		       2.97647
      -1.40377		       3.85351
       0.35415		       4.04939
       2.03790		       3.54475
       3.38834		       2.42422
       4.19849		       0.86276
       4.34317		      -0.90086
       3.79634		      -2.59963
       2.63387		      -3.97738
       1.02155		      -4.82593
      -0.80974		      -5.01487
      -2.59803		      -4.50966
      -4.08829		      -3.37582
      -5.06905		      -1.76859
      -5.40229		       0.09015
      -5.04248		       1.94427
      -4.04206		       3.54023
      -2.54292		       4.66316
      -0.75516		       5.16683
       1.07358		       4.99355
       2.69365		       4.18104
       3.88876		       2.85576
       4.50603		       1.21364
       4.47660		      -0.50873
       3.82398		      -2.06826
       2.65915		      -3.24983
       1.16338		      -3.89633
      -0.43868		      -3.92991
      -1.91162		      -3.36173
      -3.04284		      -2.28888
      -3.67242		      -0.87929
      -3.71506		       0.65330
      -3.17110		       2.08030
      -2.12537		       3.19094
      -0.73406		       3.82201
       0.79823		       3.88035
       2.24789		       3.35537
       3.40407		       2.31965
       4.09820		       0.91808
       4.22725		      -0.65314
       3.76764		      -2.17422
       2.77792		      -3.43258
       1.39005		      -4.25225
      -0.20927		      -4.51787
      -1.80473		      -4.19015
      -3.18202		      -3.31068
      -4.15711		      -1.99564
      -4.60101		      -0.41943
      -4.45680		       1.20944
      -3.74667		       2.67687
      -2.56823		       3.79207
      -1.08059		       4.41302
       0.51760		       4.46509
       2.01531		       3.95035
       3.21754		       2.94646
       3.97142		       1.59548
       4.18624		       0.08405
       3.84506		      -1.38217
       3.00624		      -2.60640
       1.79489		      -3.42718
       0.38540		      -3.73993
      -1.02253		      -3.51068
      -2.23112		      -2.78022
      -3.07133		      -1.65829
      -3.42578		      -0.30838
      -3.24464		       1.07454
      -2.55246		       2.29058
      -1.44495		       3.16213
      -0.07626		       3.55810
       1.36168		       3.41204
       2.66499		       2.73158
       3.64533		       1.59805
       4.15561		       0.15613
       4.11025		      -1.40502
       3.49739		      -2.87673
       2.38135		      -4.05873
       0.89491		      -4.78606
      -0.77773		      -4.95163
      -2.42499		      -4.52118
      -3.83588		      -3.53871
      -4.82822		      -2.12134
      -5.27328		      -0.44445
      -5.11351		       1.28131
      -4.37086		       2.83801
      -3.14443		       4.02962
      -1.59762		       4.70870
       0.06350		       4.79668
       1.61806		       4.29500
       2.86049		       3.28545
       3.62893		       1.91947
       3.82802		       0.39766
       3.44264		      -1.05775
       2.54089		      -2.23383
       1.26530		      -2.95708
      -0.18640		      -3.11848
      -1.58863		      -2.68987
      -2.71972		      -1.72927
      -3.39365		      -0.37409
      -3.48746		       1.17703
      -2.96011		       2.69143
      -1.86023		       3.93498
      -0.32121		       4.70562
       1.45586		       4.86298
       3.22920		       4.34987
       4.74983		       3.20245
       5.79667		       1.54725
       6.20857		      -0.41465
       5.90834		      -2.43443
       4.91538		      -4.24975
       3.34479		      -5.62144
       1.39273		      -6.36773
      -0.68995		      -6.39075
      -2.63251		      -5.69167
      -4.18246		      -4.37172
      -5.14179		      -2.61895
      -5.39586		      -0.68224
      -4.93073		       1.16396
      -3.83615		       2.65901
      -2.29353		       3.59424
      -0.55029		       3.84395
       1.11580		       3.38492
       2.43732		       2.30106
       3.19716		       0.77245
       3.26162		      -0.94995
       2.60189		      -2.58067
       1.30041		      -3.84169
      -0.45911		      -4.50430
      -2.41691		      -4.42440
      -4.27411		      -3.56603
      -5.73619		      -2.00937
      -6.55686		       0.05816
      -6.57556		       2.36694
      -5.74328		       4.60273
      -4.13238		       6.45164
      -1.92882		       7.64596
       0.59244		       8.00410
       3.10557		       7.45861
       5.28013		       6.06807
       6.82886		       4.01066
       7.54984		       1.56009
       7.35688		      -0.95279
       6.29338		      -3.18737
       4.52736		      -4.84279
       2.32810		      -5.70228
       0.02756		      -5.66570
      -2.02793		      -4.76539
      -3.52878		      -3.16261
      -4.24851		      -1.12492
      -4.07845		       1.01258
      -3.04541		       2.89643
      -1.30958		       4.20756
       0.85743		       4.70965
       3.11141		       4.28594
       5.08574		       2.95898
       6.44577		       0.88997
       6.93928		      -1.64238
       6.43569		      -4.28073
       4.94790		      -6.64017
       2.63345		      -8.36424
      -0.22554		      -9.17763
      -3.26104		      -8.92785
      -6.07079		      -7.60952
      -8.27585		      -5.36766
      -9.57538		      -2.47904
      -9.79089		       0.68579
      -8.89309		       3.71451
      -7.00755		       6.21166
      -4.39787		       7.85535
      -1.42874		       8.44387
       1.48591		       7.92516
       3.94227		       6.40488
       5.60500		       4.13164
       6.25589		       1.46141
       5.82586		      -1.19394
       4.40552		      -3.42638
       2.23244		      -4.89136
      -0.34291		      -5.35849
      -2.90790		      -4.74593
      -5.04780		      -3.13335
      -6.40653		      -0.75154
      -6.73926		       2.05009
      -5.94920		       4.85328
      -4.10321		       7.23111
      -1.42380		       8.80978
       1.74129		       9.32302
       4.96774		       8.65149
       7.81459		       6.84115
       9.88675		       4.09817
      10.89127		       0.76080
      10.67916		      -2.74749
       9.26687		      -5.97727
       6.83427		      -8.51597
       3.69948		     -10.04562
       0.27418		     -10.38701
      -2.99429		      -9.52421
      -5.68555		      -7.60581
      -7.46488		      -4.92301
      -8.12933		      -1.86758
      -7.63507		       1.12414
      -6.10196		       3.63316
      -3.79492		       5.31689
      -1.08488		       5.95696
       1.60499		       5.48901
       3.86009		       4.01040
       5.33343		       1.76501
       5.79473		      -0.89275
       5.16255		      -3.54927
       3.51504		      -5.79105
       1.07812		      -7.26362
      -1.80723		      -7.72160
      -4.73356		      -7.06307
      -7.28464		      -5.34341
      -9.09380		      -2.76699
      -9.89491		       0.34196
      -9.55883		       3.58493
      -8.11036		       6.54470
      -5.72370		       8.84278
      -2.69716		      10.19091
       0.58890		      10.42943
       3.72499		       9.54723
       6.32854		       7.68108
       8.09539		       5.09447
       8.83960		       2.13942
       8.51625		      -0.79323
       7.22438		      -3.32787
       5.19013		      -5.15509
       2.73259		      -6.07235
       0.21766		      -6.00915
      -1.99353		      -5.03342
      -3.59452		      -3.33862
      -4.37466		      -1.21383
      -4.24613		       0.99876
      -3.25341		       2.95271
      -1.56426		       4.34578
       0.55622		       4.96121
       2.78427		       4.69631
       4.78358		       3.57472
       6.25206		       1.74110
       6.96304		      -0.56078
       6.79517		      -3.02299
       5.74747		      -5.31649
       3.93756		      -7.13614
       1.58386		      -8.24146
      -1.02543		      -8.48782
      -3.57210		      -7.84392
      -5.75079		      -6.39371
      -7.30909		      -4.32270
      -8.07957		      -1.89108
      -7.99954		       0.60245
      -7.11636		       2.86100
      -5.57794		       4.62846
      -3.61007		       5.72186
      -1.48404		       6.05306
       0.52072		       5.63710
       2.15404		       4.58659
       3.22728		       3.09318
       3.63635		       1.39913
       3.37274		      -0.23710
       2.52140		      -1.57622
       1.24612		      -2.43000
      -0.23517		      -2.68522
      -1.68169		      -2.31691
      -2.86326		      -1.38942
      -3.59143		      -0.04543
      -3.74421		       1.51526
      -3.28126		       3.06394
      -2.24785		       4.37450
      -0.76735		       5.25377
       0.97654		       5.56681
       2.76511		       5.25397
       4.37399		       4.33762
       5.60266		       2.91796
       6.30018		       1.15873
       6.38389		      -0.73507
       5.84882		      -2.54434
       4.76677		      -4.06424
       3.27549		      -5.13016
       1.55959		      -5.63774
      -0.17426		      -5.55474
      -1.72422		      -4.92328
      -2.91909		      -3.85235
      -3.63940		      -2.50193
      -3.83129		      -1.06082
      -3.51161		       0.27870
      -2.76360		       1.34609
      -1.72408		       2.01430
      -0.56387		       2.21542
       0.53581		       1.94814
       1.40784		       1.27637
       1.92133		       0.31928
       1.99869		      -0.76583
       1.62525		      -1.80538
       0.85048		      -2.63323
      -0.21929		      -3.11313
      -1.43566		      -3.15694
      -2.62834		      -2.73630
      -3.62808		      -1.88635
      -4.28930		      -0.70095
      -4.50949		       0.67974
      -4.24279		       2.08775
      -3.50612		       3.34938
      -2.37706		       4.30791
      -0.98372		       4.84400
       0.51185		       4.89117
       1.93469		       4.44428
       3.11949		       3.56001
       3.93184		       2.34929
       4.28532		       0.96270
       4.15232		      -0.42918
       3.56704		      -1.65798
       2.62050		      -2.57925
       1.44815		      -3.09097
       0.21174		      -3.14637
      -0.92215		      -2.75940
      -1.80404		      -2.00231
      -2.32113		      -0.99543
      -2.41190		       0.10922
      -2.07393		       1.14843
      -1.36380		       1.96978
      -0.38919		       2.45200
       0.70573		       2.52120
       1.75983		       2.16076
       2.61664		       1.41363
       3.14550		       0.37670
       3.25923		      -0.81201
       2.92604		      -1.99157
       2.17422		      -2.99954
       1.08887		      -3.69355
      -0.19889		      -3.97035
      -1.52880		      -3.77981
      -2.73217		      -3.13201
      -3.65387		      -2.09648
      -4.17264		      -0.79369
      -4.21702		       0.62010
      -3.77499		       1.97269
      -2.89588		       3.09795
      -1.68450		       3.85713
      -0.28796		       4.15669
       1.12282		       3.96042
       2.37482		       3.29421
       3.31487		       2.24296
       3.82912		       0.93986
       3.85760		      -0.45047
       3.40182		      -1.75280
       2.52466		      -2.80366
       1.34237		      -3.47207
       0.00980		      -3.67632
      -1.29933		      -3.39442
      -2.41460		      -2.66702
      -3.19075		      -1.59236
      -3.52640		      -0.31386
      -3.37723		       0.99811
      -2.76207		       2.16798
      -1.76088		       3.03752
      -0.50504		       3.48641
       0.83911		       3.44806
       2.09121		       2.91891
       3.07991		       1.95966
       3.66504		       0.68848
       3.75608		      -0.73324
       3.32465		      -2.12073
       2.40933		      -3.28902
       1.11206		      -4.07653
      -0.41345		      -4.36606
      -1.98008		      -4.10062
      -3.39021		      -3.29198
      -4.46039		      -2.02072
      -5.04475		      -0.42769
      -5.05413		       1.30233
      -4.46852		       2.96276
      -3.34113		       4.35059
      -1.79330		       5.29185
      -0.00078		       5.66393
       1.82708		       5.41201
       3.47291		       4.55724
       4.73837		       3.19562
       5.46947		       1.48730
       5.57676		      -0.36235
       5.04784		      -2.12795
       3.95032		      -3.59230
       2.42466		      -4.57427
       0.66748		      -4.95263
      -1.09268		      -4.68280
      -2.62433		      -3.80408
      -3.72305		      -2.43620
      -4.23875		      -0.76542
      -4.09656		       0.97848
      -3.30841		       2.55139
      -1.97364		       3.72677
      -0.26804		       4.32606
       1.57731		       4.24370
       3.30519		       3.46313
       4.66559		       2.06169
       5.44911		       0.20310
       5.51599		      -1.88155
       4.81669		      -3.92231
       3.40132		      -5.64483
       1.41600		      -6.80640
      -0.91340		      -7.22882
      -3.30864		      -6.82369
      -5.47408		      -5.60649
      -7.13487		      -3.69736
      -8.07341		      -1.30803
      -8.15914		       1.28366
      -7.36748		       3.76863
      -5.78518		       5.84631
      -3.60108		       7.26418
      -1.08296		       7.85167
       1.45640		       7.54395
       3.69991		       6.39193
       5.36820		       4.55702
       6.25724		       2.29107
       6.26658		      -0.09638
       5.41400		      -2.27894
       3.83454		      -3.95738
       1.76354		      -4.90045
      -0.49415		      -4.97732
      -2.60494		      -4.17679
      -4.25180		      -2.61050
      -5.17804		      -0.49950
      -5.22363		       1.85437
      -4.34879		       4.10861
      -2.64168		       5.92635
      -0.30857		       7.02265
       2.35206		       7.20444
       4.98859		       6.39860
       7.24303		       4.66404
       8.79940		       2.18605
       9.42702		      -0.74658
       9.01287		      -3.77884
       7.57829		      -6.53616
       5.27774		      -8.67424
       2.37946		      -9.92527
      -0.76935		     -10.13420
      -3.78832		      -9.28001
      -6.31451		      -7.47894
      -8.05077		      -4.96926
      -8.80552		      -2.07928
      -8.51819		       0.81677
      -7.26694		       3.34935
      -5.25749		       5.20347
      -2.79454		       6.16126
      -0.23966		       6.13115
       2.03864		       5.15984
       3.71565		       3.42510
       4.55530		       1.21079
       4.44263		      -1.13298
       3.39962		      -3.23861
       1.58210		      -4.77228
      -0.74184		      -5.48055
      -3.22894		      -5.22584
      -5.50818		      -4.00601
      -7.23214		      -1.95522
      -8.12506		       0.67395
      -8.02115		       3.54457
      -6.88769		       6.28110
      -4.83009		       8.52034
      -2.07793		       9.96055
       1.04578		      10.40227
       4.16795		       9.77490
       6.91543		       8.14583
       8.96473		       5.71078
      10.08462		       2.76679
      10.16604		      -0.32825
       9.23508		      -3.20391
       7.44760		      -5.52684
       5.06624		      -7.04464
       2.42333		      -7.61835
      -0.12531		      -7.23899
      -2.24906		      -6.02620
      -3.68713		      -4.20935
      -4.28297		      -2.09386
      -4.00389		      -0.01755
      -2.94343		       1.69685
      -1.30628		       2.78647
       0.62198		       3.08432
       2.51586		       2.54157
       4.05606		       1.23337
       4.97425		      -0.65263
       5.09040		      -2.84302
       4.33756		      -5.01705
       2.77101		      -6.85117
       0.56055		      -8.06362
      -2.03286		      -8.45296
      -4.69252		      -7.92540
      -7.08887		      -6.50724
      -8.92360		      -4.34097
      -9.96920		      -1.66581
     -10.09855		       1.21465
      -9.30074		       3.97303
      -7.68111		       6.30146
      -5.44574		       7.95165
      -2.87266		       8.76647
      -0.27396		       8.69881
       2.04620		       7.81545
       3.83163		       6.28549
       4.90719		       4.35535
       5.20024		       2.31371
       4.74794		       0.45132
       3.68951		      -0.97872
       2.24478		      -1.79498
       0.68202		      -1.91141
      -0.72041		      -1.34773
      -1.71323		      -0.22511
      -2.11114		       1.25190
      -1.81851		       2.82480
      -0.84266		       4.21772
       0.70706		       5.17624
       2.63420		       5.50303
       4.68188		       5.08571
       6.56780		       3.91303
       8.02250		       2.07741
       8.82609		      -0.23660
       8.83817		      -2.77620
       8.01723		      -5.25346
       6.42672		      -7.38309
       4.22727		      -8.91986
       1.65591		      -9.69074
      -1.00483		      -9.61735
      -3.46375		      -8.72587
      -5.45887		      -7.14297
      -6.79136		      -5.07857
      -7.35086		      -2.79743
      -7.12899		      -0.58368
      -6.21914		       1.29713
      -4.80255		       2.63335
      -3.12273		       3.29511
      -1.45138		       3.25107
      -0.05071		       2.57174
       0.86305		       1.41892
       1.14981		       0.02260
       0.76538		      -1.35158
      -0.23182		      -2.43992
      -1.68827		      -3.01821
      -3.37601		      -2.93418
      -5.02381		      -2.13038
      -6.35473		      -0.65410
      -7.12496		       1.34682
      -7.15871		       3.64229
      -6.37428		       5.94970
      -4.79767		       7.97143
      -2.56177		       9.43500
       0.10909		      10.13046
       2.92724		       9.93988
       5.57873		       8.85487
       7.76457		       6.97954
       9.24046		       4.51822
       9.84963		       1.74962
       9.54427		      -1.00946
       8.39243		      -3.44587
       6.56925		      -5.29180
       4.33363		      -6.36064
       1.99328		      -6.57206
      -0.13717		      -5.96277
      -1.77934		      -4.68122
      -2.72949		      -2.96697
      -2.88703		      -1.11717
      -2.26879		       0.55514
      -1.00711		       1.76537
       0.66820		       2.29824
       2.46191		       2.03926
       4.05485		       0.99254
       5.14942		      -0.71787
       5.51268		      -2.86348
       5.01106		      -5.14182
       3.63163		      -7.21768
       1.48689		      -8.76978
      -1.19797		      -9.53610
      -4.11369		      -9.35186
      -6.90770		      -8.17453
      -9.23157		      -6.09227
     -10.78859		      -3.31446
     -11.37481		      -0.14538
     -10.90787		       3.05554
      -9.43944		       5.92149
      -7.14926		       8.12746
      -4.32169		       9.43417
      -1.30756		       9.72039
       1.52319		       8.99928
       3.83178		       7.41622
       5.35664		       5.22834
       5.94894		       2.76859
       5.59236		       0.39921
       4.40460		      -1.53902
       2.61997		      -2.77438
       0.55579		      -3.14237
      -1.43307		      -2.60871
      -3.00488		      -1.27408
      -3.88008		       0.64020
      -3.88157		       2.82354
      -2.96072		       4.92016
      -1.20526		       6.57975
       1.17198		       7.50752
       3.86207		       7.50665
       6.50261		       6.50713
       8.72795		       4.57693
      10.22017		       1.91389
      10.75343		      -1.18050
      10.22566		      -4.34187
       8.67306		      -7.19240
       6.26547		      -9.39220
       3.28320		     -10.68517
       0.07883		     -10.93333
      -2.97086		     -10.13451
      -5.51594		      -8.42127
      -7.28017		      -6.04123
      -8.09729		      -3.32175
      -7.93161		      -0.62391
      -6.88026		       1.70748
      -5.15700		       3.39100
      -3.06000		       4.24618
      -0.92834		       4.21640
       0.90655		       3.37409
       2.16755		       1.90772
       2.67022		       0.09269
       2.34738		      -1.74959
       1.25687		      -3.29850
      -0.42855		      -4.28017
      -2.44733		      -4.50616
      -4.48754		      -3.89953
      -6.23169		      -2.50477
      -7.40179		      -0.48055
      -7.79820		       1.92357
      -7.32690		       4.40271
      -6.01158		       6.63954
      -3.98908		       8.34809
      -1.48930		       9.31242
       1.19754		       9.41491
       3.76118		       8.65033
       5.91354		       7.12404
       7.42677		       5.03510
       8.16208		       2.64681
       8.08538		       0.24932
       7.26812		      -1.88034
       5.87344		      -3.51511
       4.13019		      -4.50662
       2.29871		      -4.80190
       0.63355		      -4.44627
      -0.65164		      -3.57234
      -1.41205		      -2.37727
      -1.58893		      -1.09175
      -1.21390		       0.05440
      -0.40040		       0.86520
       0.67625		       1.20540
       1.80675		       1.01761
       2.77945		       0.32768
       3.41118		      -0.76192
       3.57275		      -2.08947
       3.20585		      -3.45907
       2.32928		      -4.66962
       1.03392		      -5.54339
      -0.53213		      -5.95025
      -2.18598		      -5.82410
      -3.73616		      -5.16975
      -5.00905		      -4.05959
      -5.87142		      -2.62094
      -6.24643		      -1.01650
      -6.12089		       0.57916
      -5.54336		       2.00346
      -4.61382		       3.12659
      -3.46679		       3.86652
      -2.25084		       4.19642
      -1.10737		       4.14386
      -0.15202		       3.78239
       0.53905		       3.21736
       0.93616		       2.56815
       1.05595		       1.94982
       0.95456		       1.45681
       0.71552		       1.15091
       0.43466		       1.05496
       0.20430		       1.15284
       0.09926		       1.39527
       0.16655		       1.71011
       0.41997		       2.01532
       0.84026		       2.23247
       1.38004		       2.29866
       1.97281		       2.17524
       2.54399		       1.85226
       3.02246		       1.34824
       3.35063		       0.70575
       3.49169		      -0.01624
       3.43322		      -0.75178
       3.18683		      -1.43760
       2.78432		      -2.02140
       2.27120		      -2.46774
       1.69891		      -2.76074
       1.11697		      -2.90353
       0.56649		      -2.91490
       0.07572		      -2.82388
      -0.34162		      -2.66345
      -0.68542		      -2.46452
      -0.96609		      -2.25114
      -1.19990		      -2.03761
      -1.40406		      -1.82794
      -1.59218		      -1.61739
      -1.77112		      -1.39560
      -1.93955		      -1.15070
      -2.08860		      -0.87336
      -2.20404		      -0.56006
      -2.26971		      -0.21498
      -2.27135		       0.14986
      -2.20005		       0.51618
      -2.05461		       0.86230
      -1.84245		       1.16683
      -1.57881		       1.41234
      -1.28445		       1.58832
      -0.98227		       1.69292
      -0.69353		       1.73305
      -0.43436		       1.72290
      -0.21322		       1.68106
      -0.02980		       1.62688
       0.12444		       1.57659
       0.26407		       1.54013
       0.40642		       1.51906
       0.56760		       1.50610
       0.75871		       1.48636
       0.98285		       1.44013
       1.23347		       1.34672
       1.49454		       1.18867
       1.74241		       0.95567
       1.94920		       0.64740
       2.08714		       0.27485
       2.13316		      -0.14031
       2.07294		      -0.56807
       1.90377		      -0.97401
       1.63565		      -1.32400
       1.29045		      -1.58917
       0.89919		      -1.75006
       0.49786		      -1.79955
       0.12235		      -1.74390
      -0.19654		      -1.60168
      -0.43749		      -1.40096
      -0.59141		      -1.17491
      -0.66246		      -0.95665
      -0.66688		      -0.77422
      -0.62994		      -0.64627
      -0.58149		      -0.57935
      -0.55079		      -0.56720
      -0.56142		      -0.59202
      -0.62717		      -0.62778
      -0.74949		      -0.64477
      -0.91699		      -0.61491
      -1.10701		      -0.51684
      -1.28913		      -0.33992
      -1.43004		      -0.08671
      -1.49898		       0.22677
      -1.47290		       0.57288
      -1.34061		       0.91612
      -1.10512		       1.21824
      -0.78389		       1.44389
      -0.40675		       1.56606
      -0.01203		       1.57030
       0.35878		       1.45717
       0.66699		       1.24248
       0.88224		       0.95522
       0.98695		       0.63356
       0.97894		       0.31937
       0.87171		       0.05214
       0.69250		      -0.13680
       0.47812		      -0.22888
       0.26953		      -0.22104
       0.10552		      -0.12618
       0.01684		       0.02876
       0.02134		       0.20694
       0.12109		       0.36719
       0.30176		       0.47040
       0.53453		       0.48570
       0.78016		       0.39547
       0.99475		       0.19855
       1.13631		      -0.08901
       1.17124		      -0.43569
       1.07972		      -0.79859
       0.85925		      -1.12929
       0.52576		      -1.38071
       0.11208		      -1.51396
      -0.33603		      -1.50420
      -0.76584		      -1.34471
      -1.12476		      -1.04846
      -1.36760		      -0.64699
      -1.46301		      -0.18665
      -1.39813		       0.27732
      -1.18086		       0.68807
      -0.83922		       0.99482
      -0.41796		       1.15992
       0.02713		       1.16412
       0.43670		       1.00959
       0.75577		       0.71995
       0.94138		       0.33737
       0.96864		      -0.08291
       0.83439		      -0.47993
       0.55807		      -0.79539
       0.17937		      -0.98170
      -0.24692		      -1.00879
      -0.65819		      -0.86863
      -0.99257		      -0.57680
      -1.19758		      -0.17086
      -1.23763		       0.29441
      -1.09938		       0.75415
      -0.79420		       1.14220
      -0.35725		       1.40021
       0.15677		       1.48597
       0.68055		       1.37965
       1.14314		       1.08716
       1.47952		       0.64010
       1.63969		       0.09211
       1.59591		      -0.48776
       1.34702		      -1.02412
       0.91936		      -1.44520
       0.36387		      -1.69272
      -0.25023		      -1.73008
      -0.84431		      -1.54778
      -1.34075		      -1.16530
      -1.67342		      -0.62906
      -1.79683		      -0.00669
      -1.69261		       0.62171
      -1.37245		       1.17420
      -0.87699		       1.57803
      -0.27071		       1.77963
       0.36649		       1.75214
       0.94999		       1.49939
       1.40192		       1.05574
       1.66192		       0.48169
       1.69560		      -0.14413
       1.49954		      -0.73565
       1.10205		      -1.21114
       0.55958		      -1.50462
      -0.05090		      -1.57517
      -0.64239		      -1.41288
      -1.12994		      -1.04056
      -1.44257		      -0.51084
      -1.53334		       0.10086
      -1.38627		       0.70666
      -1.01881		       1.21850
      -0.47987		       1.56045
       0.15678		       1.67952
       0.80259		       1.55335
       1.36647		       1.19368
       1.76754		       0.64500
       1.94653		      -0.02137
       1.87426		      -0.71700
       1.55585		      -1.34863
       1.03024		      -1.83108
       0.36489		      -2.09920
      -0.35359		      -2.11695
      -1.03146		      -1.88243
      -1.58094		      -1.42808
      -1.93245		      -0.81609
      -2.04424		      -0.12946
      -1.90804		       0.53971
      -1.54994		       1.10332
      -1.02638		       1.48963
      -0.41579		       1.65329
       0.19289		       1.58147
       0.71306		       1.29532
       1.07293		       0.84644
       1.22577		       0.30901
       1.15633		      -0.23130
       0.88274		      -0.69002
       0.45344		      -0.99630
      -0.06032		      -1.10322
      -0.57521		      -0.99448
      -1.00831		      -0.68656
      -1.28943		      -0.22598
      -1.37140		       0.31776
      -1.23691		       0.86275
      -0.90094		       1.32683
      -0.40820		       1.63977
       0.17358		       1.75358
       0.76394		       1.64937
       1.28160		       1.33988
       1.65647		       0.86725
       1.83981		       0.29641
       1.81111		      -0.29477
       1.58064		      -0.82723
       1.18734		      -1.23240
       0.69252		      -1.46222
       0.17016		      -1.49583
      -0.30448		      -1.34213
      -0.66629		      -1.03770
      -0.86997		      -0.64057
      -0.89662		      -0.22078
      -0.75598		       0.15076
      -0.48439		       0.41340
      -0.13851		       0.52612
       0.21399		       0.47376
       0.50541		       0.26908
       0.67886		      -0.04953
       0.69740		      -0.42440
       0.54987		      -0.78790
       0.25274		      -1.07336
      -0.15244		      -1.22571
      -0.60560		      -1.21039
      -1.03755		      -1.01899
      -1.38086		      -0.67073
      -1.58050		      -0.20970
      -1.60255		       0.30187
      -1.43958		       0.79319
      -1.11203		       1.19580
      -0.66514		       1.45423
      -0.16204		       1.53455
       0.32593		       1.42967
       0.73025		       1.16046
       0.99578		       0.77254
       1.08935		       0.32914
       1.00488		      -0.09866
       0.76433		      -0.44313
       0.41428		      -0.65042
       0.01868		      -0.68911
      -0.35117		      -0.55528
      -0.62786		      -0.27327
      -0.75857		       0.10788
      -0.71359		       0.52192
      -0.49136		       0.89557
      -0.11915		       1.16000
       0.35059		       1.26162
       0.84799		       1.17080
       1.29610		       0.88694
       1.62259		       0.43922
       1.77086		      -0.11719
       1.70892		      -0.70889
       1.43472		      -1.25485
       0.97700		      -1.67834
       0.39167		      -1.91829
      -0.24602		      -1.93855
      -0.85213		      -1.73346
      -1.34615		      -1.32913
      -1.66269		      -0.77990
      -1.76103		      -0.16076
      -1.63117		       0.44330
      -1.29541		       0.94955
      -0.80528		       1.28940
      -0.23414		       1.41836
       0.33330		       1.32248
       0.81326		       1.02042
       1.13496		       0.56082
       1.25090		       0.01529
       1.14380		      -0.53188
       0.82918		      -0.99592
       0.35323		      -1.30381
      -0.21369		      -1.40491
      -0.78713		      -1.27839
      -1.28054		      -0.93638
      -1.61769		      -0.42249
      -1.74364		       0.19417
      -1.63267		       0.82862
      -1.29221		       1.39192
      -0.76203		       1.80358
      -0.10893		       2.00296
       0.58238		       1.95778
       1.22085		       1.66884
       1.72161		       1.17002
       2.01763		       0.52387
       2.06896		      -0.18691
       1.86818		      -0.87061
       1.44149		      -1.43896
       0.84514		      -1.81906
       0.15782		      -1.96322
      -0.53000		      -1.85533
      -1.12827		      -1.51295
      -1.55951		      -0.98479
      -1.76919		      -0.34411
      -1.73294		       0.32136
      -1.45977		       0.92121
      -0.99066		       1.37465
      -0.39294		       1.62136
       0.24897		       1.62954
       0.84495		       1.40022
       1.31150		       0.96701
       1.58300		       0.39154
       1.62066		      -0.24488
       1.41783		      -0.85229
       1.00101		      -1.34425
       0.42641		      -1.64957
      -0.22750		      -1.72208
      -0.87044		      -1.54705
      -1.41243		      -1.14346
      -1.77597		      -0.56177
      -1.90655		       0.12258
      -1.78031		       0.81896
      -1.40757		       1.43361
      -0.83191		       1.88206
      -0.12475		       2.10062
       0.62376		       2.05511
       1.31655		       1.74582
       1.86243		       1.20794
       2.18830		       0.50733
       2.24914		      -0.26782
       2.03430		      -1.01848
       1.56942		      -1.64779
       0.91341		      -2.07405
       0.15099		      -2.24182
      -0.61835		      -2.12963
      -1.29359		      -1.75333
      -1.78575		      -1.16439
      -2.03013		      -0.44331
      -1.99544		       0.31087
      -1.68846		       0.99396
      -1.15373		       1.51076
      -0.46793		       1.78840
       0.27017		       1.78673
       0.95311		       1.50454
       1.47949		       0.98043
       1.76836		       0.28823
       1.77094		      -0.47257
       1.47828		      -1.19022
       0.92348		      -1.75611
       0.17809		      -2.08014
      -0.65689		      -2.10390
      -1.46446		      -1.80975
      -2.12757		      -1.22441
      -2.54556		      -0.41651
      -2.64875		       0.51188
      -2.40904		       1.43862
      -1.84497		       2.23798
      -1.02040		       2.79816
      -0.03674		       3.03718
       0.98025		       2.91514
       1.89741		       2.44073
       2.59266		       1.67114
       2.97226		       0.70509
       2.98459		      -0.33012
       2.62814		      -1.29596
       1.95276		      -2.06198
       1.05348		      -2.52435
       0.05787		      -2.62113
      -0.89155		      -2.34180
      -1.65740		      -1.72971
      -2.12731		      -0.87682
      -2.23051		       0.08860
      -1.94890		       1.01978
      -1.32074		       1.77236
      -0.43634		       2.22533
       0.57389		       2.29916
       1.55749		       1.96836
       2.36148		       1.26641
       2.85461		       0.28248
       2.94686		      -0.85017
       2.60356		      -1.97222
       1.85176		      -2.92065
       0.77790		      -3.55204
      -0.48306		      -3.76363
      -1.76587		      -3.50892
      -2.89776		      -2.80559
      -3.72288		      -1.73438
      -4.12477		      -0.42881
      -4.04355		       0.94272
      -3.48536		       2.20020
      -2.52248		       3.17739
      -1.28403		       3.74550
       0.06171		       3.83197
       1.33077		       3.43143
       2.34954		       2.60713
       2.97973		       1.48253
       3.13844		       0.22423
       2.81068		      -0.98171
       2.05204		      -1.95635
       0.98142		      -2.55384
      -0.23570		      -2.68289
      -1.41066		      -2.32060
      -2.35890		      -1.51655
      -2.92672		      -0.38651
      -3.01411		       0.90360
      -2.58989		       2.16104
      -1.69726		       3.19381
      -0.44856		       3.83840
       0.98994		       3.98369
       2.42110		       3.58764
       3.64472		       2.68420
       4.48601		       1.37936
       4.82066		      -0.16310
       4.59288		      -1.74418
       3.82379		      -3.15750
       2.60898		      -4.21827
       1.10530		      -4.78933
      -0.49094		      -4.80057
      -1.97155		      -4.25871
      -3.14571		      -3.24634
      -3.86675		      -1.91008
      -4.05265		      -0.43959
      -3.69729		       0.95939
      -2.87085		       2.09435
      -1.70935		       2.81328
      -0.39473		       3.02607
       0.87142		       2.71701
       1.89697		       1.94655
       2.52681		       0.84216
       2.66501		      -0.42036
       2.28838		      -1.64245
       1.44958		      -2.63149
       0.26933		      -3.22852
      -1.08111		      -3.33098
      -2.40455		      -2.90738
      -3.50606		      -2.00163
      -4.22076		      -0.72664
      -4.43702		       0.75177
      -4.11209		       2.23850
      -3.27775		       3.53664
      -2.03542		       4.47505
      -0.54146		       4.93195
       1.01504		       4.85134
       2.43891		       4.24997
       3.55594		       3.21393
       4.23660		       1.88561
       4.41310		       0.44291
       4.08749		      -0.92612
       3.32971		      -2.04963
       2.26618		      -2.79550
       1.06067		      -3.08871
      -0.10970		      -2.92037
      -1.07983		      -2.34710
      -1.71963		      -1.48124
      -1.95159		      -0.47324
      -1.76045		       0.51075
      -1.19368		       1.31316
      -0.35319		       1.80736
       0.62067		       1.91513
       1.57009		       1.61680
       2.34280		       0.95281
       2.81376		       0.01672
       2.90234		      -1.05919
       2.58295		      -2.12339
       1.88750		      -3.02684
       0.89972		      -3.64379
      -0.25758		      -3.88875
      -1.44046		      -3.72733
      -2.50414		      -3.17964
      -3.32283		      -2.31595
      -3.80624		      -1.24555
      -3.91056		      -0.10054
      -3.64267		       0.98293
      -3.05703		       1.88325
      -2.24616		       2.50922
      -1.32628		       2.81093
      -0.42018		       2.78451
       0.35998		       2.47020
       0.92757		       1.94429
       1.23211		       1.30650
       1.26426		       0.66464
       1.05482		       0.11882
       0.66799		      -0.25232
       0.19036		      -0.40172
      -0.28284		      -0.31905
      -0.66196		      -0.03025
      -0.87563		       0.40795
      -0.88032		       0.91769
      -0.66534		       1.41216
      -0.25305		       1.80840
       0.30572		       2.03896
       0.93992		       2.06080
       1.56904		       1.86028
       2.11460		       1.45378
       2.51067		       0.88416
       2.71219		       0.21371
       2.69978		      -0.48509
       2.48093		      -1.13972
       2.08723		      -1.68703
       1.56873		      -2.08081
       0.98604		      -2.29648
       0.40165		      -2.33245
      -0.12824		      -2.20838
      -0.56049		      -1.96053
      -0.86930		      -1.63542
      -1.04778		      -1.28250
      -1.10679		      -0.94728
      -1.07136		      -0.66551
      -0.97557		      -0.45939
      -0.85665		      -0.33606
      -0.74922		      -0.28837
      -0.68052		      -0.29752
      -0.66720		      -0.33722
      -0.71390		      -0.37840
      -0.81376		      -0.39381
      -0.95047		      -0.36197
      -1.10143		      -0.26982
      -1.24152		      -0.11396
      -1.34673		       0.09960
      -1.39734		       0.35693
      -1.38009		       0.63852
      -1.28931		       0.92215
      -1.12693		       1.18562
      -0.90154		       1.40926
      -0.62686		       1.57762
      -0.31975		       1.68053
       0.00164		       1.71335
       0.31961		       1.67658
       0.61821		       1.57511
       0.88409		       1.41715
       1.10690		       1.21324
       1.27944		       0.97530
       1.39754		       0.71590
       1.45990		       0.44765
       1.46792		       0.18278
       1.42558		      -0.06737
       1.33921		      -0.29274
       1.21738		      -0.48518
       1.07041		      -0.63895
       0.90977		      -0.75138
       0.74723		      -0.82320
       0.59371		      -0.85873
       0.45811		      -0.86557
       0.34610		      -0.85391
       0.25929		      -0.83527
       0.19476		      -0.82098
       0.14524		      -0.82046
       0.09994		      -0.83952
       0.04610		      -0.87912
      -0.02908		      -0.93464
      -0.13619		      -0.99602
      -0.28144		      -1.04873
      -0.46505		      -1.07559
      -0.68020		      -1.05921
      -0.91315		      -0.98474
      -1.14427		      -0.84252
      -1.35020		      -0.63026
      -1.50668		      -0.35434
      -1.59191		      -0.02994
      -1.58970		       0.32007
      -1.49228		       0.66742
      -1.30197		       0.98169
      -1.03170		       1.23410
      -0.70396		       1.40136
      -0.34854		       1.46887
       0.00106		       1.43307
       0.31172		       1.30230
       0.55504		       1.09604
       0.71119		       0.84267
       0.77167		       0.57590
       0.74066		       0.33026
       0.63462		       0.13646
       0.48021		       0.01705
       0.31064		      -0.01690
       0.16106		       0.03244
       0.06351		       0.14968
       0.04213		       0.30808
       0.10936		       0.47320
       0.26365		       0.60764
       0.48911		       0.67648
       0.75717		       0.65252
       1.03005		       0.52066
       1.26575		       0.28070
       1.42380		      -0.05170
       1.47103		      -0.44641
       1.38661		      -0.86211
       1.16557		      -1.25136
       0.82033		      -1.56666
       0.37997		      -1.76682
      -0.11289		      -1.82264
      -0.60697		      -1.72133
      -1.04869		      -1.46880
      -1.38902		      -1.08962
      -1.58990		      -0.62448
      -1.62949		      -0.12545
      -1.50546		       0.35039
      -1.23573		       0.74817
      -0.85666		       1.02241
      -0.41871		       1.14309
       0.01987		       1.09989
       0.40052		       0.90395
       0.67210		       0.58682
       0.79788		       0.19666
       0.76071		      -0.20782
       0.56584		      -0.56506
       0.24069		      -0.81886
      -0.16820		      -0.92621
      -0.60103		      -0.86346
      -0.99240		      -0.63020
      -1.28012		      -0.25007
      -1.41375		       0.23158
      -1.36189		       0.75313
      -1.11721		       1.24434
      -0.69835		       1.63555
      -0.14847		       1.86707
       0.46956		       1.89760
       1.08078		       1.71046
       1.60759		       1.31676
       1.97997		       0.75505
       2.14498		       0.08723
       2.07432		      -0.60875
       1.76896		      -1.24852
       1.25993		      -1.75221
       0.60527		      -2.05496
      -0.11683		      -2.11593
      -0.81760		      -1.92426
      -1.40909		      -1.50140
      -1.81574		      -0.89905
      -1.98458		      -0.19313
      -1.89277		       0.52567
      -1.55133		       1.16351
      -1.00435		       1.63586
      -0.32389		       1.87887
       0.39909		       1.85840
       1.06655		       1.57516
       1.58635		       1.06535
       1.88484		       0.39655
       1.91722		      -0.34083
       1.67418		      -1.04524
       1.18397		      -1.61759
       0.50939		      -1.97477
      -0.26001		      -2.06134
      -1.01952		      -1.85770
      -1.66315		      -1.38357
      -2.09809		      -0.69628
      -2.25762		       0.11622
      -2.11080		       0.94657
      -1.66751		       1.68214
      -0.97802		       2.22017
      -0.12710		       2.48190
       0.77669		       2.42374
       1.61515		       2.04384
       2.27615		       1.38318
       2.66876		       0.52087
       2.73586		      -0.43582
       2.46232		      -1.36538
       1.87758		      -2.14806
       1.05232		      -2.68194
       0.08950		      -2.89675
      -0.88912		      -2.76351
      -1.75906		      -2.29881
      -2.40980		      -1.56286
      -2.75963		      -0.65164
      -2.76673		       0.31581
      -2.43493		       1.21335
      -1.81328		       1.92474
      -0.98943		       2.35936
      -0.07781		       2.46451
       0.79597		       2.23258
       1.51223		       1.70210
       1.97358		       0.95241
       2.11829		       0.09285
       1.92872		      -0.75228
       1.43385		      -1.46080
       0.70527		      -1.92943
      -0.15254		      -2.08805
      -1.01655		      -1.90941
      -1.76200		      -1.41296
      -2.27950		      -0.66229
      -2.49004		       0.24342
      -2.35576		       1.18287
      -1.88524		       2.02903
      -1.13229		       2.66638
      -0.18878		       3.00640
       0.82784		       2.99946
       1.79027		       2.64132
       2.57839		       1.97347
       3.09521		       1.07728
       3.27953		       0.06286
       3.11360		      -0.94587
       2.62494		      -1.82781
       1.88193		      -2.48063
       0.98405		      -2.83406
       0.04798		      -2.85859
      -0.80830		      -2.56852
      -1.48135		      -2.01904
      -1.89581		      -1.29782
      -2.01393		      -0.51235
      -1.83971		       0.22514
      -1.41730		       0.81310
      -0.82402		       1.17437
      -0.15886		       1.26617
       0.47163		       1.08526
       0.96826		       0.66755
       1.25279		       0.08238
       1.27840		      -0.57771
       1.03562		      -1.21011
       0.55311		      -1.71646
      -0.10682		      -2.01606
      -0.85719		      -2.05661
      -1.59840		      -1.82099
      -2.23187		      -1.32898
      -2.67314		      -0.63414
      -2.86283		       0.18386
      -2.77402		       1.03020
      -2.41508		       1.80763
      -1.82773		       2.42914
      -1.08077		       2.82898
      -0.26040		       2.97047
       0.54148		       2.84978
       1.23932		       2.49521
       1.76472		       1.96226
       2.07456		       1.32523
       2.15546		       0.66675
       2.02414		       0.06644
       1.72369		      -0.40943
       1.31657		      -0.71615
       0.87511		      -0.83557
       0.47122		      -0.77725
       0.16647		      -0.57589
       0.00394		      -0.28540
       0.00295		       0.02946
       0.15715		       0.30257
       0.43623		       0.47586
       0.79081		       0.50726
       1.15980		       0.37635
       1.47915		       0.08678
       1.69078		      -0.33456
       1.75043		      -0.84145
       1.63351		      -1.37484
       1.33821		      -1.87083
       0.88544		      -2.26912
       0.31587		      -2.52077
      -0.31564		      -2.59429
      -0.94719		      -2.47930
      -1.51782		      -2.18733
      -1.97505		      -1.74975
      -2.28115		      -1.21327
      -2.41725		      -0.63352
      -2.38490		      -0.06776
      -2.20491		       0.43239
      -1.91375		       0.82722
      -1.55798		       1.09335
      -1.18761		       1.22593
      -0.84923		       1.23816
      -0.57983		       1.15852
      -0.40218		       1.02593
      -0.32224		       0.88369
      -0.32907		       0.77296
      -0.39697		       0.72671
      -0.48975		       0.76496
      -0.56637		       0.89185
      -0.58723		       1.09508
      -0.52017		       1.34762
      -0.34546		       1.61149
      -0.05907		       1.84315
       0.32634		       1.99964
       0.78260		       2.04471
       1.26951		       1.95410
       1.73988		       1.71921
       2.14568		       1.34868
       2.44427		       0.86767
       2.60407		       0.31486
       2.60864		      -0.26228
       2.45889		      -0.81358
       2.17288		      -1.29245
       1.78336		      -1.66179
       1.33335		      -1.89863
       0.87029		      -1.99672
       0.43974		      -1.96690
       0.07924		      -1.83514
      -0.18653		      -1.63841
      -0.34882		      -1.41910
      -0.41560		      -1.21864
      -0.40984		      -1.07135
      -0.36575		      -0.99931
      -0.32317		      -1.00898
      -0.32127		      -1.09018
      -0.39217		      -1.21751
      -0.55551		      -1.35410
      -0.81483		      -1.45715
      -1.15629		      -1.48445
      -1.54986		      -1.40107
      -1.95301		      -1.18510
      -2.31637		      -0.83171
      -2.59049		      -0.35480
      -2.73287		       0.21397
      -2.71420		       0.82871
      -2.52289		       1.43494
      -2.16723		       1.97665
      -1.67478		       2.40357
      -1.08913		       2.67792
      -0.46431		       2.77943
       0.14220		       2.70796
       0.67706		       2.48341
       1.09809		       2.14277
       1.37962		       1.73483
       1.51565		       1.31317
       1.52004		       0.92861
       1.42396		       0.62202
       1.27077		       0.41865
       1.10918		       0.32483
       0.98567		       0.32739
       0.93724		       0.39612
       0.98563		       0.48864
       1.13376		       0.55721
       1.36511		       0.55636
       1.64588		       0.45021
       1.92996		       0.21844
       2.16561		      -0.14003
       2.30322		      -0.60615
       2.30278		      -1.14286
       2.14004		      -1.69982
       1.81046		      -2.22018
       1.33033		      -2.64830
       0.73497		      -2.93738
       0.07415		      -3.05577
      -0.59444		      -2.99122
      -1.21281		      -2.75230
      -1.73024		      -2.36693
      -2.10969		      -1.87816
      -2.33213		      -1.33802
      -2.39823		      -0.80018
      -2.32718		      -0.31267
      -2.15285		       0.08838
      -1.91809		       0.38292
      -1.66781		       0.56878
      -1.44215		       0.66056
      -1.27064		       0.68618
      -1.16822		       0.68140
      -1.13374		       0.68346
      -1.15102		       0.72469
      -1.19230		       0.82713
      -1.22336		       0.99900
      -1.20959		       1.23347
      -1.12195		       1.50992
      -0.94188		       1.79734
      -0.66440		       2.05937
      -0.29903		       2.26006
       0.13166		       2.36939
       0.59551		       2.36778
       1.05558		       2.24875
       1.47558		       2.01954
       1.82500		       1.69944
       2.08302		       1.31644
       2.24075		       0.90254
       2.30135		       0.48884
       2.27821		       0.10102
       2.19152		      -0.24396
       2.06394		      -0.53930
       1.91606		      -0.78797
       1.76269		      -1.00041
       1.61043		      -1.19096
       1.45708		      -1.37363
       1.29294		      -1.55808
       1.10371		      -1.74654
       0.87456		      -1.93236
       0.59439		      -2.10039
       0.25965		      -2.22937
      -0.12322		      -2.29568
      -0.53709		      -2.27801
      -0.95565		      -2.16199
      -1.34669		      -1.94398
      -1.67691		      -1.63311
      -1.91735		      -1.25129
      -2.04842		      -0.83083
      -2.06383		      -0.41017
      -1.97239		      -0.02811
      -1.79740		       0.28230
      -1.57353		       0.49939
      -1.34157		       0.61685
      -1.14181		       0.64535
      -1.00709		       0.61141
      -0.95673		       0.55340
      -0.99240		       0.51537
      -1.09666		       0.53946
      -1.23477		       0.65809
      -1.35943		       0.88735
      -1.41813		       1.22254
      -1.36179		       1.63695
      -1.15356		       2.08415
      -0.77626		       2.50365
      -0.23725		       2.82934
       0.43027		       2.99934
       1.16998		       2.96603
       1.90880		       2.70445
       2.56636		       2.21787
       3.06617		       1.53940
       3.34677		       0.72922
       3.37135		      -0.13238
       3.13417		      -0.95528
       2.66273		      -1.65174
       2.01513		      -2.14877
       1.27285		      -2.39889
       0.52989		      -2.38743
      -0.12032		      -2.13542
      -0.59838		      -1.69724
      -0.85059		      -1.15332
      -0.85731		      -0.59882
      -0.63642		      -0.12983
      -0.24137		       0.17096
       0.24611		       0.24693
       0.72771		       0.07678
       1.10297		      -0.32137
       1.28446		      -0.89147
       1.21147		      -1.54683
       0.86012		      -2.18202
       0.24829		      -2.68803
      -0.56540		      -2.96823
      -1.48863		      -2.95314
      -2.40751		      -2.61147
      -3.20223		      -1.95610
      -3.76382		      -1.04372
      -4.00994		       0.03182
      -3.89707		       1.15154
      -3.42751		       2.18725
      -2.64995		       3.01907
      -1.65356		       3.55200
      -0.55621		       3.72927
       0.51145		       3.54038
       1.42382		       3.02279
       2.07769		       2.25682
       2.40646		       1.35446
       2.38927		       0.44371
       2.05367		      -0.34942
       1.47148		      -0.91864
       0.74832		      -1.19237
       0.00831		      -1.14373
      -0.62382		      -0.79424
      -1.04077		      -0.21056
      -1.16822		       0.50528
      -0.97563		       1.23059
      -0.48086		       1.83983
       0.25223		       2.22284
       1.12266		       2.30084
       2.00662		       2.03804
       2.77495		       1.44714
       3.31149		       0.58798
       3.52958		      -0.44056
       3.38439		      -1.51407
       2.87944		      -2.49982
       2.06625		      -3.27499
       1.03735		      -3.74361
      -0.08642		      -3.84957
      -1.17253		      -3.58409
      -2.09473		      -2.98656
      -2.75021		      -2.13867
      -3.07313		      -1.15276
      -3.04302		      -0.15606
      -2.68669		       0.72690
      -2.07360		       1.39133
      -1.30533		       1.76608
      -0.50081		       1.82279
       0.22066		       1.57872
       0.75614		       1.09336
       1.03318		       0.45899
       1.01942		      -0.21305
       0.72637		      -0.80864
       0.20699		      -1.22718
      -0.45259		      -1.39576
      -1.14582		      -1.27924
      -1.76124		      -0.88473
      -2.19837		      -0.26021
      -2.38184		       0.51272
      -2.27186		       1.33058
      -1.86942		       2.08270
      -1.21590		       2.66666
      -0.38694		       3.00239
       0.51830		       3.04291
       1.39093		       2.78035
       2.12722		       2.24644
       2.64254		       1.50761
       2.88238		       0.65536
       2.82903		      -0.20654
       2.50303		      -0.97629
       1.95943		      -1.56768
       1.27937		      -1.92124
       0.55831		      -2.01143
      -0.10736		      -1.84905
      -0.63351		      -1.47850
      -0.95943		      -0.97060
      -1.05535		      -0.41190
      -0.92564		       0.10788
      -0.60705		       0.50848
      -0.16260		       0.73011
       0.32806		       0.74129
       0.78037		       0.54264
       1.11691		       0.16598
       1.27827		      -0.33073
       1.23114		      -0.87211
       0.97256		      -1.37623
       0.52996		      -1.76622
      -0.04304		      -1.98089
      -0.67439		      -1.98306
      -1.28370		      -1.76442
      -1.79335		      -1.34628
      -2.13894		      -0.77638
      -2.27783		      -0.12206
      -2.19452		       0.53906
      -1.90228		       1.12957
      -1.44081		       1.58264
      -0.87046		       1.85060
      -0.26373		       1.91089
       0.30466		       1.76840
       0.76777		       1.45414
       1.07517		       1.02038
       1.19927		       0.53300
       1.13838		       0.06226
       0.91621		      -0.32691
       0.57795		      -0.58360
       0.18346		      -0.67757
      -0.20134		      -0.60296
      -0.51375		      -0.37850
      -0.70303		      -0.04449
      -0.73726		       0.34324
      -0.60761		       0.72136
      -0.32926		       1.02798
       0.06082		       1.21133
       0.50923		       1.23689
       0.95354		       1.09220
       1.33099		       0.78848
       1.58708		       0.35914
       1.68306		      -0.14483
       1.60118		      -0.66172
       1.34712		      -1.12747
       0.94919		      -1.48431
       0.45452		      -1.68840
      -0.07727		      -1.71572
      -0.58205		      -1.56513
      -0.99972		      -1.25840
      -1.28215		      -0.83719
      -1.39947		      -0.35731
      -1.34390		       0.11880
      -1.13050		       0.53052
      -0.79492		       0.82711
      -0.38838		       0.97441
       0.02946		       0.95930
       0.39868		       0.79116
       0.66728		       0.50045
       0.79823		       0.13422
       0.77440		      -0.25042
       0.60083		      -0.59430
       0.30387		      -0.84438
      -0.07250		      -0.96108
      -0.47289		      -0.92374
      -0.83811		      -0.73348
      -1.11342		      -0.41310
      -1.25609		      -0.00389
      -1.24133		       0.43990
      -1.06580		       0.85856
      -0.74810		       1.19505
      -0.32636		       1.40277
       0.14690		       1.45197
       0.61181		       1.33384
       1.00929		       1.06169
       1.28893		       0.66921
       1.41578		       0.20593
       1.37503		      -0.26944
       1.17386		      -0.69691
       0.84045		      -1.02324
       0.42001		      -1.20898
      -0.03136		      -1.23369
      -0.45430		      -1.09842
      -0.79413		      -0.82544
      -1.00818		      -0.45492
      -1.07135		      -0.03939
      -0.97927		       0.36356
      -0.74860		       0.69906
      -0.41449		       0.92240
      -0.02556		       1.00488
       0.36291		       0.93752
       0.69655		       0.73196
       0.92930		       0.41860
       1.02954		       0.04222
       0.98419		      -0.34437
       0.80023		      -0.68755
       0.50345		      -0.94023
       0.13473		      -1.06811
      -0.25575		      -1.05413
      -0.61539		      -0.90056
      -0.89629		      -0.62836
      -1.06158		      -0.27409
      -1.09021		       0.11520
      -0.97945		       0.48848
      -0.74494		       0.79753
      -0.41825		       1.00330
      -0.04238		       1.08085
       0.33411		       1.02232
       0.66361		       0.83755
       0.90564		       0.55235
       1.03192		       0.20472
       1.02966		      -0.16044
       0.90279		      -0.49733
       0.67087		      -0.76518
       0.36604		      -0.93332
       0.02846		      -0.98476
      -0.29912		      -0.91783
