      36.60729		      -3.92715
      34.40278		      -9.52821
      28.43793		     -14.26909
      19.36261		     -17.83087
       8.17977		     -19.97709
      -3.86959		     -20.56047
     -15.44951		     -19.52834
     -25.28291		     -16.92747
     -32.29785		     -12.90776
     -35.74870		      -7.72339
     -35.29787		      -1.72868
     -31.04892		       4.63379
     -23.52783		      10.85517
     -13.61529		      16.39337
      -2.43933		      20.71643
       8.75828		      23.35331
      18.76535		      23.94736
      26.53495		      22.30609
      31.29786		      18.44015
      32.63909		      12.58466
      30.53104		       5.19756
      25.32095		      -3.06814
      17.67624		     -11.41798
       8.49612		     -18.99172
      -1.19858		     -24.95411
     -10.38316		     -28.59076
     -18.14038		     -29.39761
     -23.75283		     -27.15242
     -26.76689		     -21.95794
     -27.02294		     -14.24924
     -24.65112		      -4.76212
     -20.03578		       5.53618
     -13.75554		      15.54736
      -6.50821		      24.16306
       0.96956		      30.39247
       7.97818		      33.48131
      13.91861		      33.00717
      18.33801		      28.93883
      20.95501		      21.65090
      21.66499		      11.89076
      20.52800		       0.70043
      17.74403		     -10.69818
      13.62052		     -21.04166
       8.53746		     -29.17064
       2.91394		     -34.16506
      -2.82103		     -35.45275
      -8.25239		     -32.87788
     -12.99794		     -26.72071
     -16.72373		     -17.66612
     -19.15749		      -6.72454
     -20.10192		       4.88524
     -19.44812		      15.87714
     -17.18908		      25.04578
     -13.43106		      31.40358
      -8.40052		      34.29080
      -2.44296		      33.44570
       3.98900		      29.02718
      10.36066		      21.58807
      16.09362		      12.00337
      20.61587		       1.36308
      23.41964		      -9.15687
      24.12097		     -18.42938
      22.51377		     -25.50087
      18.61055		     -29.69132
      12.66283		     -30.65906
       5.15593		     -28.42413
      -3.22419		     -23.34946
     -11.65084		     -16.08422
     -19.23865		      -7.47789
     -25.13931		       1.52308
     -28.64043		       9.98313
     -29.25547		      17.07702
     -26.79279		      22.17007
     -21.39407		      24.87140
     -13.53525		      25.05628
      -3.98779		      22.85781
       6.25717		      18.63166
      16.09426		      12.90077
      24.42727		       6.28822
      30.29638		      -0.55269
      32.99353		      -7.00298
      32.15165		     -12.53099
      27.79600		     -16.72951
      20.35025		     -19.33585
      10.59550		     -20.23566
      -0.41379		     -19.45353
     -11.46779		     -17.13411
     -21.33924		     -13.51815
     -28.92510		      -8.91725
     -33.37483		      -3.68982
     -34.18970		       1.78013
     -31.28107		       7.10159
     -24.98048		      11.89337
     -16.00038		      15.80085
      -5.35037		      18.51388
       5.78082		      19.78663
      16.16330		      19.45906
      24.66704		      17.47805
      30.38932		      13.91552
      32.75352		       8.97963
      31.56801		       3.01537
      27.03917		      -3.50867
      19.73793		     -10.02918
      10.52515		     -15.93220
       0.44593		     -20.60981
      -9.39375		     -23.52430
     -17.95280		     -24.27288
     -24.36834		     -22.64470
     -28.04383		     -18.66213
     -28.70280		     -12.59890
     -26.40365		      -4.97069
     -21.51591		       3.50389
     -14.66285		      11.96949
      -6.63927		      19.52172
       1.68441		      25.30697
       9.45974		      28.62313
      15.94807		      29.00860
      20.58941		      26.30790
      23.04612		      20.70447
      23.21870		      12.71482
      21.23481		       3.14273
      17.41557		      -7.00258
      12.22559		     -16.61603
       6.21433		     -24.62143
      -0.04357		     -30.09699
      -6.00222		     -32.38607
     -11.18797		     -31.17949
     -15.22940		     -26.55846
     -17.87353		     -18.99228
     -18.98963		      -9.28990
     -18.56321		       1.48922
     -16.68366		      12.15507
     -13.52870		      21.52351
      -9.34826		      28.55289
      -4.44891		      32.46455
       0.82073		      32.83250
       6.08464		      29.63156
      10.95545		      23.23837
      15.05357		      14.38526
      18.03005		       4.07293
      19.59327		      -6.54725
      19.53775		     -16.30681
      17.77234		     -24.15359
      14.34363		     -29.26902
       9.45030		     -31.15570
       3.44408		     -29.68569
      -3.18580		     -25.10471
      -9.84595		     -17.99315
     -15.88874		      -9.18991
     -20.67524		       0.31066
     -23.64500		       9.47557
     -24.38475		      17.34936
     -22.68718		      23.15619
     -18.59143		      26.37646
     -12.39815		      26.79045
      -4.65503		      24.48580
       3.88815		      19.83009
      12.35174		      13.41405
      19.81887		       5.97395
      25.43843		      -1.69621
      28.52629		      -8.83195
      28.65232		     -14.77500
      25.70156		     -19.03167
      19.90081		     -21.30811
      11.80568		     -21.52095
       2.24810		     -19.78496
      -7.75097		     -16.38192
     -17.09413		     -11.71678
     -24.73262		      -6.26761
     -29.78884		      -0.53591
     -31.66169		       4.99755
     -30.10116		       9.90775
     -25.24282		      13.84971
     -17.59719		      16.57220
      -7.99471		      17.92249
       2.50764		      17.84469
      12.74705		      16.37415
      21.58864		      13.63016
      28.05616		       9.80822
      31.44399		       5.17191
      31.39700		       0.04367
      27.94889		      -5.20727
      21.51468		     -10.18131
      12.83875		     -14.47080
       2.90516		     -17.68836
      -7.17853		     -19.50015
     -16.30952		     -19.66167
     -23.51483		     -18.05182
     -28.05818		     -14.70060
     -29.51665		      -9.80521
     -27.81894		      -3.73027
     -23.24182		       3.01093
     -16.36687		       9.79461
      -8.00391		      15.94237
       0.90828		      20.78986
       9.41152		      23.76126
      16.63452		      24.44090
      21.88383		      22.63254
      24.70967		      18.39805
      24.94049		      12.06841
      22.68429		       4.22383
      18.29887		      -4.35724
      12.33675		     -12.77594
       5.47307		     -20.10977
      -1.57383		     -25.51759
      -8.11937		     -28.34035
     -13.57881		     -28.18497
     -17.51611		     -24.98021
     -19.67203		     -18.99659
     -19.97088		     -10.82636
     -18.50808		      -1.32466
     -15.52252		       8.48241
     -11.35929		      17.51244
      -6.42834		      24.75083
      -1.16423		      29.36952
       4.00911		      30.82584
       8.70615		      28.92912
      12.59964		      23.86659
      15.43299		      16.18494
      17.02714		       6.72932
      17.28365		      -3.45311
      16.18613		     -13.23360
      13.80077		     -21.53182
      10.27622		     -27.43978
       5.84182		     -30.32493
       0.80244		     -29.90012
      -4.47219		     -26.25253
      -9.56533		     -19.82848
     -14.03945		     -11.37665
     -17.47010		      -1.85724
     -19.48572		       7.67163
     -19.80953		      16.17601
     -18.29858		      22.76225
     -14.97447		      26.77348
     -10.04007		      27.85572
      -3.87789		      25.98684
       2.97242		      21.46648
       9.85760		      14.86952
      16.07220		       6.97048
      20.93248		      -1.35125
      23.85469		      -9.21295
      24.42838		     -15.82496
      22.47515		     -20.57080
      18.08442		     -23.06297
      11.61979		     -23.16945
       3.69333		     -21.01017
      -4.89124		     -16.92615
     -13.22142		     -11.42712
     -20.37599		      -5.12555
     -25.53098		       1.33401
     -28.05876		       7.34192
     -27.60780		      12.37965
     -24.15263		      16.06013
     -18.00678		      18.14993
      -9.79575		      18.57341
      -0.39239		      17.40120
       9.17882		      14.82688
      17.85739		      11.13664
      24.66904		       6.67643
      28.83950		       1.82062
      29.88636		      -3.05529
      27.67736		      -7.59650
      22.44781		     -11.48545
      14.77487		     -14.45422
       5.51147		     -16.29413
      -4.31215		     -16.86426
     -13.60750		     -16.09969
     -21.35312		     -14.01940
     -26.71109		     -10.73300
     -29.12082		      -6.44405
     -28.35938		      -1.44780
     -24.56142		       3.87925
     -18.19728		       9.09948
     -10.01243		      13.74474
      -0.93655		      17.35596
       8.02639		      19.52892
      15.91334		      19.96158
      21.90908		      18.49704
      25.43233		      15.15609
      26.19186		      10.15345
      24.20708		       3.89345
      19.79240		      -3.05688
      13.50881		     -10.01660
       6.09009		     -16.25767
      -1.64639		     -21.08334
      -8.89300		     -23.90917
     -14.93820		     -24.33704
     -19.23641		     -22.21227
     -21.45455		     -17.65557
     -21.49169		     -11.06426
     -19.47183		      -3.08065
     -15.71305		       5.47042
     -10.67877		      13.66876
      -4.91844		      20.60129
       0.99436		      25.46790
       6.51932		      27.67785
      11.19645		      26.92466
      14.67906		      23.22959
      16.75127		      16.94738
      17.33068		       8.73268
      16.45878		      -0.52987
      14.28259		      -9.82411
      11.03132		     -18.11807
       6.99183		     -24.48304
       2.48542		     -28.20188
      -2.15251		     -28.85317
      -6.58952		     -26.36107
     -10.51063		     -21.00461
     -13.63158		     -13.38532
     -15.71200		      -4.35697
     -16.56955		       5.07383
     -16.09479		      13.86432
     -14.26591		      21.05527
     -11.16124		      25.87951
      -6.96660		      27.84638
      -1.97479		      26.79253
       3.42563		      22.89369
       8.77358		      16.63684
      13.57066		       8.75708
      17.32640		       0.14767
      19.60955		      -8.24531
      20.09990		     -15.53074
      18.63415		     -20.96989
      15.23915		     -24.05247
      10.14667		     -24.54333
       3.78562		     -22.49566
      -3.24954		     -18.23094
     -10.25293		     -12.28970
     -16.47896		      -5.36057
     -21.22434		       1.80274
     -23.91097		       8.46624
     -24.15952		      13.99221
     -21.84389		      17.89933
     -17.11879		      19.90102
     -10.41531		      19.91927
      -2.40342		      18.07494
       6.07562		      14.65800
      14.10011		      10.08308
      20.77174		       4.83729
      25.32034		      -0.57307
      27.19669		      -5.67080
      26.14178		     -10.04664
      22.22345		     -13.38597
      15.83504		     -15.48280
       7.65557		     -16.24210
      -1.42467		     -15.67298
     -10.40443		     -13.87563
     -18.28621		     -11.02518
     -24.19140		      -7.35490
     -27.46219		      -3.14037
     -27.73787		       1.31498
     -24.99616		       5.69331
     -19.55482		       9.67594
     -12.03334		      12.95838
      -3.27954		      15.26759
       5.72983		      16.38179
      14.00236		      16.15172
      20.64343		      14.52146
      24.95628		      11.54568
      26.51719		       7.40005
      25.21717		       2.38119
      21.26628		      -3.10609
      15.16091		      -8.57568
       7.61908		     -13.50031
      -0.50747		     -17.36206
      -8.33333		     -19.70858
     -15.03927		     -20.20857
     -19.96022		     -18.69940
     -22.65158		     -15.22005
     -22.92730		     -10.02350
     -20.86668		      -3.56499
     -16.79098		       3.53460
     -11.21450		      10.54794
      -4.77728		      16.71728
       1.83122		      21.33933
       7.94829		      23.84890
      13.00497		      23.89116
      16.57728		      21.37254
      18.41718		      16.48337
      18.46184		       9.68754
      16.82257		       1.67939
      13.75696		      -6.68860
       9.62947		     -14.49941
       4.86652		     -20.87582
      -0.08844		     -25.08300
      -4.81472		     -26.61691
      -8.94593		     -25.26743
     -12.19159		     -21.14784
     -14.34868		     -14.68668
     -15.30463		      -6.58206
     -15.03393		       2.27627
     -13.59077		      10.90826
     -11.09983		      18.35622
      -7.74676		      23.79521
      -3.76885		      26.62806
       0.55461		      26.55343
       4.91333		      23.59897
       8.97961		      18.11566
      12.42587		      10.73445
      14.94642		       2.29066
      16.28289		      -6.27441
      16.25142		     -14.02248
      14.76876		     -20.12488
      11.87337		     -23.95403
       7.73759		     -25.14931
       2.66733		     -23.65037
      -2.91320		     -19.69471
      -8.49240		     -13.78108
     -13.51630		      -6.60437
     -17.44408		       1.02949
     -19.80846		       8.29756
     -20.27386		      14.45148
     -18.68486		      18.89619
     -15.09777		      21.24695
      -9.78997		      21.35964
      -3.24369		      19.33217
       3.89566		      15.47893
      10.88336		      10.28299
      16.95520		       4.33338
      21.41422		      -1.74433
      23.71429		      -7.35544
      23.52991		     -11.99420
      20.80306		     -15.28674
      15.76024		     -17.01583
       8.89634		     -17.12663
       0.92608		     -15.71524
      -7.29230		     -13.00364
     -14.85261		      -9.30575
     -20.90451		      -4.98978
     -24.75317		      -0.44141
     -25.94249		       3.96828
     -24.31159		       7.90811
     -20.01726		      11.10424
     -13.51907		      13.35051
      -5.52873		      14.51289
       3.07078		      14.53008
      11.32647		      13.41192
      18.32506		      11.23697
      23.29797		       8.14959
      25.70891		       4.35612
      25.31378		       0.11906
      22.18581		      -4.25252
      16.70337		      -8.41752
       9.50239		     -12.02349
       1.39950		     -14.73303
      -6.70434		     -16.25474
     -13.92788		     -16.37576
     -19.50879		     -14.99232
     -22.88646		     -12.13364
     -23.75895		      -7.97496
     -22.10839		      -2.83593
     -18.19280		       2.83770
     -12.50671		       8.50928
      -5.71639		      13.60111
       1.42141		      17.55444
       8.14701		      19.89329
      13.78108		      20.28432
      17.79415		      18.58515
      19.85512		      14.87376
      19.85461		       9.45407
      17.90199		       2.83502
      14.29871		      -4.31604
       9.49259		     -11.24163
       4.02009		     -17.17682
      -1.55574		     -21.43714
      -6.70429		     -23.50095
     -10.97693		     -23.07617
     -14.04267		     -20.14229
     -15.70764		     -14.96163
     -15.91839		      -8.05746
     -14.75107		      -0.16041
     -12.38977		       7.87114
      -9.09843		      15.14773
      -5.19033		      20.85123
      -0.99894		      24.33060
       3.14729		      25.17946
       6.94488		      23.28567
      10.12981		      18.84670
      12.48749		      12.34859
      13.85950		       4.51083
      14.14849		      -3.79634
      13.32249		     -11.65232
      11.41878		     -18.19212
       8.54689		     -22.70523
       4.88943		     -24.71564
       0.69890		     -24.03347
      -3.71135		     -20.77269
      -7.98346		     -15.33301
     -11.73922		      -8.34898
     -14.61137		      -0.61287
     -16.27958		       7.01885
     -16.50785		      13.72392
     -15.17857		      18.80584
     -12.31822		      21.76799
      -8.11036		      22.36207
      -2.89189		      20.60634
       2.86872		      16.77259
       8.61110		      11.34487
      13.73742		       4.95619
      17.67625		      -1.68836
      19.94905		      -7.89229
      20.23082		     -13.04254
      18.39733		     -16.67030
      14.55164		     -18.49163
       9.02542		     -18.42473
       2.35318		     -16.58376
      -4.77914		     -13.25190
     -11.60617		      -8.83851
     -17.36805		      -3.82698
     -21.39848		       1.28003
     -23.20517		       6.01139
     -22.53261		       9.96929
     -19.39881		      12.85838
     -14.10074		      14.50110
      -7.18673		      14.83954
       0.60153		      13.92598
       8.41116		      11.90537
      15.37503		       8.99306
      20.71182		       5.45136
      23.81730		       1.56743
      24.33568		      -2.36591
      22.20213		      -6.06578
      17.65136		      -9.27181
      11.19084		     -11.75659
       3.54206		     -13.33528
      -4.44321		     -13.87518
     -11.88148		     -13.30571
     -17.95909		     -11.62815
     -22.02445		      -8.92373
     -23.66028		      -5.35816
     -22.72733		      -1.18015
     -19.37499		       3.28805
     -14.01818		       7.66936
      -7.28400		      11.55992
       0.06474		      14.56510
       7.21941		      16.34028
      13.41783		      16.63227
      18.02794		      15.31601
      20.61341		      12.42121
      20.97414		       8.14428
      19.15802		       2.84202
      15.44410		      -2.99416
      10.30034		      -8.78229
       4.32256		     -13.90844
      -1.83742		     -17.79397
      -7.54527		     -19.96371
     -12.25080		     -20.10657
     -15.54044		     -18.12081
     -17.17073		     -14.13705
     -17.08061		      -8.51502
     -15.38284		      -1.81283
     -12.33776		       5.26876
      -8.31403		      11.96165
      -3.74228		      17.51666
       0.93228		      21.29094
       5.29297		      22.82557
       8.98622		      21.90391
      11.74532		      18.58266
      13.40247		      13.19140
      13.89018		       6.29968
      13.23392		      -1.34480
      11.53906		      -8.90025
       8.97459		     -15.52699
       5.75634		     -20.48445
       2.13127		     -23.21736
      -1.63654		     -23.42049
      -5.27818		     -21.07416
      -8.53148		     -16.44626
     -11.15271		     -10.06042
     -12.92956		      -2.63440
     -13.69545		       5.00380
     -13.34501		      12.01190
     -11.84901		      17.62973
      -9.26688		      21.26461
      -5.75385		      22.55571
      -1.56034		      21.41015
       2.97875		      18.00718
       7.46558		      12.77086
      11.47159		       6.31512
      14.57794		      -0.63112
      16.42064		      -7.30961
      16.73524		     -13.01846
      15.39528		     -17.18788
      12.43898		     -19.43755
       8.07937		     -19.60977
       2.69478		     -17.77567
      -3.20102		     -14.21534
      -9.00718		      -9.37566
     -14.09818		      -3.81216
     -17.89362		       1.87731
     -19.92731		       7.11881
     -19.90706		      11.42093
     -17.75714		      14.41960
     -13.63735		      15.90523
      -7.93487		      15.83088
      -1.22886		      14.30238
       5.76939		      11.55348
      12.29421		       7.91073
      17.61248		       3.75320
      21.10945		      -0.52781
      22.36294		      -4.56458
      21.19655		      -8.04125
      17.70498		     -10.71298
      12.24772		     -12.41580
       5.41130		     -13.06829
      -2.05581		     -12.66707
      -9.32822		     -11.27835
     -15.59829		      -9.02766
     -20.16947		      -6.08928
     -22.53670		      -2.67619
     -22.44446		       0.96964
     -19.91536		       4.58722
     -15.24597		       7.90788
      -8.97068		      10.66897
      -1.79798		      12.63050
       5.47272		      13.59423
      12.04370		      13.42424
      17.20967		      12.06654
      20.43599		       9.56497
      21.41528		       6.07024
      20.09634		       1.83920
      16.68258		      -2.77769
      11.60124		      -7.36123
       5.44791		     -11.45976
      -1.08620		     -14.63396
      -7.29491		     -16.50560
     -12.53599		     -16.80475
     -16.29902		     -15.40916
     -18.25497		     -12.37013
     -18.28255		      -7.92019
     -16.46983		      -2.46002
     -13.09222		       3.47564
      -8.57121		       9.27036
      -3.41975		      14.29171
       1.81812		      17.96292
       6.62638		      19.83203
      10.56781		      19.63001
      13.32186		      17.30988
      14.70628		      13.06133
      14.68212		       7.29771
      13.34337		       0.61600
      10.89428		      -6.26645
       7.61876		     -12.59160
       3.84621		     -17.64736
      -0.08183		     -20.85118
      -3.84089		     -21.82009
      -7.14633		     -20.41853
      -9.76885		     -16.77773
     -11.54298		     -11.28383
     -12.36989		      -4.53574
     -12.21610		       2.72250
     -11.10993		       9.68685
      -9.13692		      15.58581
      -6.43503		      19.76925
      -3.18943		      21.78281
       0.37373		      21.41905
       3.99591		      18.73940
       7.39807		      14.06434
      10.29691		       7.93356
      12.42535		       1.04103
      13.55634		      -5.84669
      13.52802		     -11.97904
      12.26734		     -16.70616
       9.80856		     -19.54982
       6.30320		     -20.25253
       2.01850		     -18.79971
      -2.67749		     -15.41317
      -7.34438		     -10.51769
     -11.50976		      -4.68581
     -14.71788		       1.43196
     -16.58148		       7.18243
     -16.83071		      11.98163
     -15.35260		      15.37501
     -12.21534		      17.07968
      -7.67302		      17.00479
      -2.14864		      15.24925
       3.80410		      12.07861
       9.55693		       7.88535
      14.47537		       3.13844
      17.99142		      -1.67106
      19.67213		      -6.08181
      19.27520		      -9.70587
      16.78432		     -12.26010
      12.41897		     -13.58329
       6.61667		     -13.63887
      -0.01139		     -12.50477
      -6.74654		     -10.35367
     -12.84331		      -7.42710
     -17.61523		      -4.00739
     -20.51535		      -0.39085
     -21.20162		       3.13544
     -19.57909		       6.31174
     -15.81339		       8.91841
     -10.31355		      10.78387
      -3.68608		      11.78922
       3.33445		      11.87049
       9.96996		      11.02001
      15.48850		       9.28733
      19.28800		       6.77946
      20.96448		       3.65987
      20.35632		       0.14469
      17.55978		      -3.50518
      12.91426		      -6.99730
       6.95939		     -10.02677
       0.36978		     -12.30079
      -6.12451		     -13.56680
     -11.82192		     -13.64192
     -16.12780		     -12.43964
     -18.61802		      -9.99021
     -19.08089		      -6.45068
     -17.53320		      -2.10188
     -14.20943		       2.66939
      -9.52665		       7.40245
      -4.03024		      11.60702
       1.67223		      14.81527
       6.98069		      16.63610
      11.36733		      16.80495
      14.42946		      15.22258
      15.92494		      11.97716
      15.78736		       7.34556
      14.12080		       1.77235
      11.17634		      -4.17245
       7.31458		      -9.85278
       2.95984		     -14.63691
      -1.44813		     -17.97056
      -5.49899		     -19.44395
      -8.84880		     -18.84438
     -11.24581		     -16.18728
     -12.54387		     -11.72115
     -12.70365		      -5.90503
     -11.78367		       0.63965
      -9.92368		       7.19758
      -7.32386		      13.04066
      -4.22267		      17.51207
      -0.87605		      20.10314
       2.46045		      20.51370
       5.54595		      18.68845
       8.16510		      14.82465
      10.13642		       9.35014
      11.31898		       2.87417
      11.61874		      -3.88300
      10.99460		     -10.17338
       9.46440		     -15.30723
       7.10973		     -18.73152
       4.07815		     -20.09156
       0.58112		     -19.26863
      -3.11403		     -16.38954
      -6.69919		     -11.80745
      -9.84777		      -6.05683
     -12.24316		       0.21147
     -13.61113		       6.30688
     -13.75268		      11.57796
     -12.57334		      15.48429
     -10.10444		      17.65290
      -6.51261		      17.91343
      -2.09463		      16.30865
       2.74351		      13.08021
       7.52245		       8.63263
      11.73733		       3.48071
      14.91281		      -1.81249
      16.65894		      -6.69934
      16.72126		     -10.70549
      15.01810		     -13.47567
      11.65989		     -14.80295
       6.94675		     -14.63958
       1.34336		     -13.08949
      -4.56701		     -10.38531
     -10.14476		      -6.85370
     -14.76569		      -2.87440
     -17.89370		       1.16184
     -19.14580		       4.89156
     -18.34102		       8.00938
     -15.52685		      10.28900
     -10.97930		      11.59373
      -5.17587		      11.87707
       1.25598		      11.17540
       7.60899		       9.59508
      13.17684		       7.29657
      17.33581		       4.47813
      19.61751		       1.36044
      19.76385		      -1.82670
      17.75751		      -4.85558
      13.82416		      -7.51048
       8.40606		      -9.59679
       2.11044		     -10.95057
      -4.36132		     -11.44869
     -10.29485		     -11.01974
     -15.04470		      -9.65444
     -18.10700		      -7.41438
     -19.17464		      -4.43671
     -18.16839		      -0.93299
     -15.24101		       2.81967
     -10.75434		       6.49603
      -5.23281		       9.74836
       0.70035		      12.23882
       6.39634		      13.67553
      11.25422		      13.84840
      14.78614		      12.66013
      16.66686		      10.14773
      16.76259		       6.49073
      15.13666		       2.00350
      12.03268		      -2.88912
       7.83827		      -7.69125
       3.03490		     -11.88712
      -1.85967		     -14.99841
      -6.34893		     -16.64119
     -10.00871		     -16.57537
     -12.52640		     -14.73999
     -13.72478		     -11.26932
     -13.56911		      -6.48644
     -12.15844		      -0.87411
      -9.70363		       4.97461
      -6.49604		      10.42092
      -2.87164		      14.85269
       0.82497		      17.75610
       4.27270		      18.77787
       7.19924		      17.77015
       9.39805		      14.81213
      10.73675		      10.20523
      11.15789		       4.44190
      10.67382		      -1.84867
       9.35763		      -7.97179
       7.33243		     -13.24691
       4.76027		     -17.08626
       1.83177		     -19.06301
      -1.24336		     -18.96064
      -4.24543		     -16.79757
      -6.95421		     -12.82422
      -9.15962		      -7.49281
     -10.67430		      -1.40382
     -11.34780		       4.76437
     -11.08181		      10.33399
      -9.84475		      14.70518
      -7.68347		      17.42275
      -4.72982		      18.22480
      -1.19962		      17.06777
       2.61767		      14.12561
       6.37891		       9.76386
       9.71650		       4.49246
      12.27432		      -1.09631
      13.74712		      -6.39703
      13.91861		     -10.85891
      12.69348		     -14.04442
      10.11841		     -15.67216
       6.38846		     -15.63997
       1.83643		     -14.02645
      -3.09493		     -11.07226
      -7.89587		      -7.14439
     -12.04361		      -2.68885
     -15.06141		       1.82192
     -16.57581		       5.94060
     -16.36485		       9.28948
     -14.39080		      11.59367
     -10.81252		      12.70012
      -5.97515		      12.58191
      -0.37700		      11.32897
       5.38280		       9.12774
      10.67061		       6.23366
      14.89063		       2.94040
      17.55486		      -0.45028
      18.34206		      -3.65490
      17.13816		      -6.42876
      14.05298		      -8.57967
       9.41077		      -9.97500
       3.71518		     -10.54322
      -2.40726		     -10.27143
      -8.27865		      -9.20038
     -13.24773		      -7.41859
     -16.76493		      -5.05621
     -18.44556		      -2.27904
     -18.11348		       0.71801
     -15.82009		       3.71849
     -11.83662		       6.49426
      -6.62070		       8.81815
      -0.76162		      10.47968
       5.08892		      11.30335
      10.29214		      11.16777
      14.29440		      10.02379
      16.68798		       7.90867
      17.25334		       4.95357
      15.97847		       1.38203
      13.05369		      -2.50220
       8.84345		      -6.33809
       3.83915		      -9.73994
      -1.40055		     -12.33671
      -6.31453		     -13.81413
     -10.40119		     -13.95445
     -13.27048		     -12.66869
     -14.68067		     -10.01660
     -14.55617		      -6.21069
     -12.98576		      -1.60236
     -10.20266		       3.34930
      -6.55006		       8.12370
      -2.43716		      12.19507
       1.70837		      15.09263
       5.48585		      16.45753
       8.55999		      16.08909
      10.68852		      13.97457
      11.73725		      10.29760
      11.68225		       5.42381
      10.60065		      -0.13584
       8.65257		      -5.78009
       6.05759		     -10.88463
       3.06910		     -14.87395
      -0.05025		     -17.28889
      -3.04973		     -17.84183
      -5.70690		     -16.45250
      -7.83888		     -13.25975
      -9.30879		      -8.60758
     -10.02862		      -3.00692
      -9.95969		       2.92263
      -9.11189		       8.52392
      -7.54236		      13.17795
      -5.35390		      16.37495
      -2.69256		      17.77225
       0.25652		      17.23234
       3.27599		      14.83643
       6.12705		      10.87239
       8.56447		       5.79878
      10.35568		       0.18954
      11.30275		      -5.33350
      11.26529		     -10.17222
      10.18134		     -13.81924
       8.08332		     -15.91251
       5.10579		     -16.27155
       1.48287		     -14.91152
      -2.46621		     -12.03436
      -6.36314		      -7.99893
      -9.80642		      -3.27454
     -12.41370		       1.61584
     -13.86602		       6.15568
     -13.94862		       9.89089
     -12.58277		      12.47574
      -9.84404		      13.70365
      -5.96357		      13.52062
      -1.31092		      12.02075
       3.64054		       9.42585
       8.36272		       6.05276
      12.33090		       2.27314
      15.08449		      -1.52888
      16.28281		      -4.99630
      15.74911		      -7.83186
      13.49669		      -9.82088
       9.73348		     -10.84292
       4.84354		     -10.87268
      -0.65280		      -9.97145
      -6.15604		      -8.27178
     -11.05529		      -5.95807
     -14.79882		      -3.24598
     -16.95872		      -0.36308
     -17.28201		       2.46772
     -15.72155		       5.04115
     -12.44303		       7.17903
      -7.80692		       8.73683
      -2.32733		       9.60830
       3.38713		       9.72917
       8.70363		       9.08045
      13.03788		       7.69148
      15.92080		       5.64228
      17.05108		       3.06410
      16.32752		       0.13690
      13.85760		      -2.91751
       9.94162		      -5.84759
       5.03467		      -8.38978
      -0.30839		     -10.29091
      -5.49826		     -11.33374
      -9.97859		     -11.36301
     -13.28758		     -10.30858
     -15.10655		      -8.20239
     -15.29044		      -5.18599
     -13.87710		      -1.50623
     -11.07541		       2.50165
      -7.23452		       6.44326
      -2.79864		       9.90396
       1.74641		      12.49386
       5.92828		      13.89359
       9.33831		      13.89550
      11.67140		      12.43446
      12.75156		       9.60395
      12.54148		       5.65433
      11.13605		       0.97227
       8.74220		      -3.95711
       5.64852		      -8.60168
       2.18905		     -12.44183
      -1.29383		     -15.03096
      -4.48342		     -16.04981
      -7.11600		     -15.34743
      -8.99946		     -12.96368
     -10.02236		      -9.12964
     -10.15413		      -4.24536
      -9.43786		       1.16293
      -7.97792		       6.50144
      -5.92478		      11.17646
      -3.45936		      14.66306
      -0.77838		      16.56645
       1.91821		      16.66859
       4.43746		      14.95426
       6.60181		      11.61344
       8.25628		       7.01941
       9.27533		       1.68549
       9.56983		      -3.79461
       9.09437		      -8.81546
       7.85431		     -12.82935
       5.91146		     -15.40821
       3.38695		     -16.29077
       0.45969		     -15.40941
      -2.64108		     -12.89412
      -5.64968		      -9.05333
      -8.28456		      -4.33459
     -10.27393		       0.72973
     -11.38462		       5.58490
     -11.45065		       9.71682
     -10.39813		      12.70803
      -8.26251		      14.28049
      -5.19523		      14.32059
      -1.45745		      12.88437
       2.59972		      10.18324
       6.56746		       6.55287
      10.02103		       2.40992
      12.56679		      -1.79774
      13.88909		      -5.64098
      13.79108		      -8.75395
      12.22404		     -10.86827
       9.30086		     -11.83392
       5.29104		     -11.62553
       0.59677		     -10.33468
      -4.28784		      -8.15052
      -8.83029		      -5.33208
     -12.51991		      -2.17633
     -14.92767		       1.01385
     -15.75826		       3.95836
     -14.88793		       6.42241
     -12.38294		       8.23163
      -8.49589		       9.27920
      -3.64001		       9.52597
       1.65618		       8.99505
       6.80838		       7.76262
      11.24355		       5.94707
      14.46608		       3.69785
      16.11552		       1.18515
      16.00851		      -1.40925
      14.16005		      -3.90025
      10.78138		      -6.10735
       6.25493		      -7.86299
       1.08923		      -9.02184
      -4.14044		      -9.47123
      -8.85867		      -9.14218
     -12.55559		      -8.02000
     -14.84389		      -6.15278
     -15.50048		      -3.65591
     -14.48826		      -0.71085
     -11.95576		       2.44335
      -8.21535		       5.52614
      -3.70323		       8.23881
       1.07361		      10.29342
       5.59652		      11.44437
       9.39353		      11.51913
      12.08976		      10.44414
      13.44462		       8.26187
      13.37190		       5.13602
      11.94136		       1.34294
       9.36277		      -2.75105
       5.95506		      -6.72482
       2.10544		     -10.14672
      -1.77636		     -12.62323
      -5.30296		     -13.84621
      -8.14829		     -13.63291
     -10.07658		     -11.95327
     -10.95915		      -8.94041
     -10.77814		      -4.88237
      -9.61814		      -0.19485
      -7.64819		       4.62213
      -5.09708		       9.03933
      -2.22578		      12.55867
       0.69963		      14.77176
       3.43171		      15.40937
       5.76005		      14.37567
       7.52339		      11.76257
       8.61557		       7.84216
       8.98614		       3.03775
       8.63704		      -2.12347
       7.61688		      -7.07036
       6.01418		     -11.25354
       3.95049		     -14.20877
       1.57389		     -15.61059
      -0.94752		     -15.30950
      -3.43241		     -13.34848
      -5.69434		      -9.95686
      -7.55159		      -5.52238
      -8.83921		      -0.54505
      -9.42275		       4.42150
      -9.21279		       8.83398
      -8.17861		      12.22106
      -6.35890		      14.23533
      -3.86730		      14.68964
      -0.89088		      13.57398
       2.31975		      11.05143
       5.46894		       7.43427
       8.24230		       3.14382
      10.33841		      -1.34064
      11.50288		      -5.53749
      11.56066		      -9.01617
      10.44227		     -11.44220
       8.20018		     -12.60897
       5.01214		     -12.45347
       1.16997		     -11.05489
      -2.94596		      -8.61748
      -6.90468		      -5.44070
     -10.27097		      -1.88100
     -12.65515		       1.68971
     -13.76014		       4.92379
     -13.42009		       7.53160
     -11.62522		       9.30579
      -8.52920		      10.13451
      -4.43741		      10.00325
       0.22326		       8.98648
       4.95011		       7.23131
       9.22075		       4.93623
      12.55304		       2.32779
      14.56190		      -0.36170
      15.00570		      -2.91339
      13.81666		      -5.13673
      11.11113		      -6.87931
       7.17827		      -8.03213
       2.44818		      -8.53125
      -2.55687		      -8.35690
      -7.28225		      -7.53120
     -11.20488		      -6.11544
     -13.89339		      -4.20704
     -15.05734		      -1.93621
     -14.57977		       0.53831
     -12.52909		       3.03536
      -9.14928		       5.36008
      -4.82963		       7.31570
      -0.05808		       8.71830
       4.63614		       9.41381
       8.74348		       9.29573
      11.83127		       8.32130
      13.59064		       6.52388
      13.86770		       4.01892
      12.67598		       1.00165
      10.18906		      -2.26461
       6.71532		      -5.46952
       2.65815		      -8.28477
      -1.53278		     -10.39844
      -5.41323		     -11.55105
      -8.59284		     -11.56877
     -10.77489		     -10.38964
     -11.78310		      -8.07855
     -11.57347		      -4.82847
     -10.23048		      -0.94648
      -7.94944		       3.17464
      -5.00806		       7.09681
      -1.73128		      10.38465
       1.54588		      12.65584
       4.51315		      13.62754
       6.91374		      13.15310
       8.56446		      11.24411
       9.36598		       8.07451
       9.30339		       3.96544
       8.43833		      -0.64769
       6.89485		      -5.26280
       4.84153		      -9.36776
       2.47255		     -12.49943
      -0.01021		     -14.29820
      -2.41243		     -14.55099
      -4.55905		     -13.21771
      -6.30255		     -10.43748
      -7.52813		      -6.51375
      -8.15676		      -1.88009
      -8.14691		       2.94961
      -7.49585		       7.44033
      -6.24051		      11.09746
      -4.45799		      13.52338
      -2.26489		      14.46227
       0.18551		      13.82788
       2.70909		      11.71120
       5.10071		       8.36732
       7.14814		       4.18341
       8.64965		      -0.36790
       9.43407		      -4.78413
       9.38125		      -8.59049
       8.44035		     -11.39259
       6.64315		     -12.91828
       4.11000		     -13.04397
       1.04629		     -11.80296
      -2.27140		      -9.37547
      -5.51887		      -6.06240
      -8.35608		      -2.24659
     -10.46375		       1.65324
     -11.58086		       5.23006
     -11.53840		       8.13205
     -10.28481		      10.09726
      -7.89936		      10.97597
      -4.59086		      10.73902
      -0.68087		       9.47233
       3.42739		       7.35930
       7.29161		       4.65413
      10.47966		       1.65006
      12.61990		      -1.35344
      13.44647		      -4.08069
      12.83372		      -6.30401
      10.81516		      -7.86016
       7.58418		      -8.65826
       3.47574		      -8.67969
      -1.06911		      -7.97110
      -5.55220		      -6.63280
      -9.47486		      -4.80447
     -12.39564		      -2.65028
     -13.98204		      -0.34516
     -14.05000		       1.93692
     -12.58622		       4.03233
      -9.75049		       5.79490
      -5.85767		       7.10155
      -1.34137		       7.85709
       3.29621		       7.99881
       7.54230		       7.50102
      10.93246		       6.37948
      13.10326		       4.69482
      13.83252		       2.55398
      13.06253		       0.10837
      10.90374		      -2.45230
       7.61878		      -4.91130
       3.58924		      -7.04107
      -0.73049		      -8.62366
      -4.86654		      -9.47357
      -8.37940		      -9.46052
     -10.91207		      -8.52927
     -12.22691		      -6.71351
     -12.22739		      -4.14110
     -10.96284		      -1.02898
      -8.61633		       2.33290
      -5.47809		       5.60784
      -1.90821		       8.44648
       1.70633		      10.52538
       4.99503		      11.58549
       7.64253		      11.46581
       9.41846		      10.12768
      10.19574		       7.66613
       9.95609		       4.30587
       8.78335		       0.38180
       6.84642		      -3.69475
       4.37479		      -7.48024
       1.63033		     -10.54905
      -1.12125		     -12.54328
      -3.63582		     -13.21637
      -5.71098		     -12.46493
      -7.19935		     -10.34438
      -8.01477		      -7.06637
      -8.13196		      -2.97737
      -7.58101		       1.47889
      -6.43837		       5.81137
      -4.81618		       9.53786
      -2.85134		      12.24080
      -0.69546		      13.61602
       1.49388		      13.50835
       3.56060		      11.92997
       5.35680		       9.05896
       6.74917		       5.21845
       7.62587		       0.83884
       7.90392		      -3.59243
       7.53704		      -7.58716
       6.52307		     -10.71228
       4.90998		     -12.63843
       2.79878		     -13.17567
       0.34216		     -12.29234
      -2.26248		     -10.11507
      -4.78602		      -6.91051
      -6.98622		      -3.05141
      -8.63084		       1.02861
      -9.52295		       4.88565
      -9.52564		       8.11553
      -8.58283		      10.39726
      -6.73313		      11.52517
      -4.11401		      11.42641
      -0.95489		      10.16259
       2.44138		       7.91609
       5.72723		       4.96364
       8.54667		       1.64088
      10.57531		      -1.69727
      11.55934		      -4.71571
      11.34861		      -7.13308
       9.91940		      -8.74718
       7.38333		      -9.44972
       3.98066		      -9.22950
       0.05799		      -8.16513
      -3.96769		      -6.40892
      -7.65472		      -4.16496
     -10.58706		      -1.66452
     -12.42325		       0.85824
     -12.93793		       3.18753
     -12.05068		       5.14237
      -9.83842		       6.58736
      -6.52938		       7.43762
      -2.47906		       7.65881
       1.86919		       7.26332
       6.03454		       6.30415
       9.55387		       4.86769
      12.03534		       3.06649
      13.20376		       1.03251
      12.93232		      -1.08920
      11.25693		      -3.14663
       8.37134		      -4.98746
       4.60381		      -6.46677
       0.37826		      -7.45602
      -3.83531		      -7.85340
      -7.57519		      -7.59454
     -10.44037		      -6.66279
     -12.13499		      -5.09706
     -12.49957		      -2.99590
     -11.52569		      -0.51597
      -9.35284		       2.13605
      -6.24831		       4.71835
      -2.57295		       6.97506
       1.26243		       8.66189
       4.84482		       9.57352
       7.80492		       9.56980
       9.85600		       8.59706
      10.82153		       6.70141
      10.64885		       4.03162
       9.40820		       0.82992
       7.27801		      -2.58878
       4.51907		      -5.86805
       1.44136		      -8.64803
      -1.63211		     -10.60654
      -4.40003		     -11.49804
      -6.61233		     -11.18571
      -8.09151		      -9.66227
      -8.74423		      -7.05630
      -8.56288		      -3.62277
      -7.61802		       0.28191
      -6.04381		       4.23778
      -4.01874		       7.80803
      -1.74470		      10.58913
       0.57325		      12.25837
       2.74426		      12.61298
       4.60500		      11.59581
       6.02833		       9.30435
       6.92767		       5.98147
       7.25766		       1.98901
       7.01243		      -2.23310
       6.22230		      -6.21710
       4.95004		      -9.52127
       3.28698		     -11.78084
       1.34902		     -12.74979
      -0.72763		     -12.32870
      -2.79191		     -10.57514
      -4.68494		      -7.69568
      -6.24922		      -4.02056
      -7.34001		       0.03573
      -7.83835		       4.02313
      -7.66461		       7.50782
      -6.79095		      10.12111
      -5.25075		      11.59960
      -3.14316		      11.81212
      -0.63105		      10.77057
       2.06850		       8.62393
       4.70119		       5.63685
       6.99898		       2.15569
       8.70793		      -1.43328
       9.61743		      -4.74836
       9.58730		      -7.45421
       8.56921		      -9.29626
       6.61900		     -10.12409
       3.89778		      -9.90174
       0.66059		      -8.70459
      -2.76691		      -6.70413
      -6.02162		      -4.14323
      -8.74269		      -1.30544
     -10.61314		       1.51745
     -11.39846		       4.05606
     -10.97720		       6.08865
      -9.35956		       7.45883
      -6.69100		       8.08459
      -3.23994		       7.95864
       0.62955		       7.14121
       4.49728		       5.74714
       7.93419		       3.92960
      10.55191		       1.86269
      12.04839		      -0.27489
      12.24440		      -2.31379
      11.10586		      -4.10464
       8.74952		      -5.52522
       5.43071		      -6.48461
       1.51477		      -6.92498
      -2.56468		      -6.82204
      -6.35561		      -6.18469
      -9.43962		      -5.05449
     -11.47990		      -3.50468
     -12.25939		      -1.63871
     -11.70459		       0.41272
      -9.89244		       2.49675
      -7.03940		       4.44623
      -3.47461		       6.09066
       0.39969		       7.26995
       4.15539		       7.85006
       7.38756		       7.73893
       9.75963		       6.90086
      11.03926		       5.36694
      11.12116		       3.23961
      10.03443		       0.68975
       7.93430		      -2.05454
       5.07973		      -4.72711
       1.80027		      -7.04947
      -1.54357		      -8.76062
      -4.60135		      -9.64771
      -7.07042		      -9.57358
      -8.72596		      -8.49778
      -9.44049		      -6.48760
      -9.19128		      -3.71719
      -8.05557		      -0.45385
      -6.19531		       2.96758
      -3.83387		       6.17974
      -1.22812		       8.82362
       1.36038		      10.59029
       3.69191		      11.25866
       5.56994		      10.72429
       6.85568		       9.01544
       7.47500		       6.29387
       7.41805		       2.83994
       6.73278		      -0.97699
       5.51410		      -4.73924
       3.89050		      -8.02831
       2.01028		     -10.47323
       0.02865		     -11.79419
      -1.90308		     -11.83594
      -3.64603		     -10.58690
      -5.07982		      -8.18140
      -6.10701		      -4.88481
      -6.65631		      -1.06316
      -6.68534		       2.85903
      -6.18315		       6.44782
      -5.17263		       9.30963
      -3.71223		      11.13609
      -1.89630		      11.73838
       0.14688		      11.06725
       2.26035		       9.21640
       4.26744		       6.40926
       5.98468		       2.97087
       7.23786		      -0.71127
       7.88009		      -4.23266
       7.80988		      -7.21784
       6.98681		      -9.36169
       5.44265		     -10.46119
       3.28544		     -10.43426
       0.69537		      -9.32410
      -2.08827		      -7.28896
      -4.78845		      -4.57939
      -7.11824		      -1.50620
      -8.81228		       1.59665
      -9.65838		       4.40954
      -9.52520		       6.66083
      -8.38237		       8.15282
      -6.30992		       8.77775
      -3.49521		       8.52273
      -0.21690		       7.46386
       3.18282		       5.75130
       6.33484		       3.58780
       8.88475		       1.20370
      10.53430		      -1.16824
      11.07788		      -3.31548
      10.42922		      -5.06353
       8.63476		      -6.28773
       5.87171		      -6.91861
       2.43044		      -6.94124
      -1.31681		      -6.38984
      -4.95763		      -5.33915
      -8.08657		      -3.89411
     -10.35208		      -2.17937
     -11.49766		      -0.32971
     -11.39214		       1.51826
     -10.04537		       3.23284
      -7.60736		       4.69279
      -4.35097		       5.79244
      -0.64015		       6.44649
       3.11233		       6.59516
       6.49258		       6.20953
       9.13301		       5.29657
      10.75371		       3.90310
      11.19303		       2.11760
      10.42391		       0.06863
       8.55416		      -2.08084
       5.81120		      -4.14387
       2.51320		      -5.92443
      -0.96927		      -7.23572
      -4.25659		      -7.92047
      -7.00290		      -7.87063
      -8.93351		      -7.04414
      -9.87262		      -5.47603
      -9.75862		      -3.28186
      -8.64563		      -0.65202
      -6.69192		       2.16329
      -4.13718		       4.87750
      -1.27196		       7.19740
       1.59669		       8.85597
       4.17915		       9.64448
       6.23278		       9.43989
       7.58422		       8.22369
       8.14218		       6.08951
       7.90040		       3.23770
       6.93109		      -0.04295
       5.37081		      -3.40495
       3.40098		      -6.48001
       1.22598		      -8.92097
      -0.94850		     -10.44258
      -2.93441		     -10.85640
      -4.57608		     -10.09507
      -5.75969		      -8.22297
      -6.41747		      -5.43143
      -6.52729		      -2.01883
      -6.10862		       1.64227
      -5.21623		       5.14733
      -3.93292		       8.10625
      -2.36215		      10.18852
      -0.62126		      11.16162
       1.16452		      10.91810
       2.86764		       9.48791
       4.36375		       7.03458
       5.53759		       3.83583
       6.28973		       0.25082
       6.54411		      -3.32179
       6.25591		      -6.48985
       5.41900		      -8.91244
       4.07168		     -10.33773
       2.29946		     -10.62984
       0.23361		      -9.78165
      -1.95547		      -7.91231
      -4.07021		      -5.25031
      -5.90280		      -2.10444
      -7.25571		       1.17355
      -7.96375		       4.22976
      -7.91524		       6.74765
      -7.06923		       8.48158
      -5.46633		       9.28069
      -3.23108		       9.10091
      -0.56449		       8.00424
       2.27294		       6.14617
       4.98668		       3.75340
       7.27958		       1.09509
       8.88558		      -1.54858
       9.60207		      -3.91672
       9.31642		      -5.79355
       8.02341		      -7.02707
       5.83065		      -7.53929
       2.95091		      -7.32757
      -0.31842		      -6.45784
      -3.62676		      -5.05159
      -6.60917		      -3.26865
      -8.92819		      -1.28838
     -10.31364		       0.70858
     -10.59551		       2.55589
      -9.72572		       4.11350
      -7.78590		       5.27528
      -4.97997		       5.97258
      -1.61211		       6.17433
       1.94735		       5.88461
       5.30421		       5.13887
       8.08571		       3.99944
       9.98361		       2.55115
      10.78967		       0.89701
      10.41941		      -0.84606
       8.92123		      -2.55198
       6.46989		      -4.09131
       3.34531		      -5.33835
      -0.10071		      -6.17982
      -3.48569		      -6.52476
      -6.44056		      -6.31473
      -8.65136		      -5.53331
      -9.89359		      -4.21326
     -10.05544		      -2.43981
      -9.14727		      -0.34888
      -7.29677		       1.88065
      -4.73079		       4.04063
      -1.74639		       5.91261
       1.32495		       7.29029
       4.15554		       8.00318
       6.45749		       7.93870
       8.01254		       7.05952
       8.69226		       5.41381
       8.46721		       3.13611
       7.40430		       0.43812
       5.65370		      -2.41035
       3.42735		      -5.10864
       0.97230		      -7.35799
      -1.45771		      -8.89591
      -3.62901		      -9.52824
      -5.35019		      -9.15461
      -6.48770		      -7.78405
      -6.97376		      -5.53820
      -6.80654		      -2.64129
      -6.04367		       0.60245
      -4.79053		       3.84161
      -3.18548		       6.71706
      -1.38410		       8.90332
       0.45574		      10.14699
       2.18657		      10.29738
       3.68085		       9.32564
       4.83724		       7.32967
       5.58394		       4.52416
       5.87959		       1.21677
       5.71271		      -2.22687
       5.10032		      -5.42512
       4.08629		      -8.02430
       2.73944		      -9.73930
       1.15147		     -10.38604
      -0.56613		      -9.90195
      -2.28637		      -8.35197
      -3.87318		      -5.91966
      -5.18996		      -2.88456
      -6.11024		       0.41127
      -6.52975		       3.60334
      -6.37887		       6.34657
      -5.63368		       8.35391
      -4.32415		       9.42709
      -2.53758		       9.47639
      -0.41617		       8.52713
       1.85211		       6.71276
       4.04896		       4.25588
       5.94668		       1.43985
       7.33234		      -1.42526
       8.03272		      -4.03802
       7.93691		      -6.13824
       7.01349		      -7.53304
       5.31968		      -8.11384
       3.00071		      -7.86290
       0.27863		      -6.84926
      -2.56866		      -5.21550
      -5.23639		      -3.15740
      -7.42656		      -0.89956
      -8.88268		       1.32992
      -9.42112		       3.32277
      -8.95525		       4.90942
      -7.50892		       5.97179
      -5.21747		       6.44935
      -2.31536		       6.33863
       0.88826		       5.68723
       4.04349		       4.58378
       6.79932		       3.14569
       8.84429		       1.50630
       9.94311		      -0.19694
       9.96498		      -1.83248
       8.89982		      -3.28233
       6.86050		      -4.44733
       4.07053		      -5.25059
       0.83869		      -5.63954
      -2.47647		      -5.58730
      -5.50790		      -5.09375
      -7.92236		      -4.18635
      -9.45836		      -2.92070
      -9.95551		      -1.38000
      -9.37177		       0.32699
      -7.78654		       2.07036
      -5.38971		       3.70629
      -2.45793		       5.08718
       0.67863		       6.07429
       3.67496		       6.55196
       6.21054		       6.44180
       8.02476		       5.71510
       8.94422		       4.40159
       8.89911		       2.59268
       7.92708		       0.43803
       6.16467		      -1.86504
       3.82789		      -4.08884
       1.18468		      -5.99802
      -1.47705		      -7.37527
      -3.88187		      -8.04713
      -5.79593		      -7.90676
      -7.04959		      -6.93054
      -7.55145		      -5.18598
      -7.29260		      -2.82923
      -6.34164		      -0.09204
      -4.83160		       2.74114
      -2.94107		       5.36343
      -0.87226		       7.47998
       1.17128		       8.84253
       3.00468		       9.27980
       4.47752		       8.71996
       5.48427		       7.20195
       5.96893		       4.87408
       5.92419		       1.97956
       5.38631		      -1.16954
       4.42689		      -4.22713
       3.14320		      -6.85252
       1.64816		      -8.74998
       0.06130		      -9.70339
      -1.49892		      -9.60193
      -2.92124		      -8.45357
      -4.10635		      -6.38460
      -4.97071		      -3.62524
      -5.45001		      -0.48306
      -5.50247		       2.69269
      -5.11230		       5.55135
      -4.29290		       7.78111
      -3.08926		       9.14423
      -1.57885		       9.50323
       0.12996		       8.83492
       1.90264		       7.23101
       3.58688		       4.88521
       5.02434		       2.06890
       6.06528		      -0.90154
       6.58460		      -3.70170
       6.49763		      -6.03584
       5.77344		      -7.66903
       4.44381		      -8.45104
       2.60591		      -8.32970
       0.41773		      -7.35236
      -1.91418		      -5.65611
      -4.15380		      -3.44821
      -6.05993		      -0.97984
      -7.41311		       1.48366
      -8.04203		       3.69219
      -7.84607		       5.43668
      -6.81105		       6.56845
      -5.01551		       7.01052
      -2.62648		       6.76011
       0.11557		       5.88304
       2.92128		       4.50115
       5.48383		       2.77518
       7.51376		       0.88532
       8.77304		      -0.98804
       9.10428		      -2.68119
       8.45115		      -4.06020
       6.86755		      -5.02930
       4.51380		      -5.53447
       1.64018		      -5.56270
      -1.44047		      -5.13794
      -4.38802		      -4.31489
      -6.87413		      -3.17176
      -8.62021		      -1.80305
      -9.42996		      -0.31295
      -9.21238		       1.19043
      -7.99242		       2.59998
      -5.90804		       3.81419
      -3.19400		       4.74172
      -0.15435		       5.30628
       2.87297		       5.45205
       5.55517		       5.14931
       7.60256		       4.39969
       8.80093		       3.24022
       9.03458		       1.74517
       8.29740		       0.02459
       6.69103		      -1.78108
       4.41060		      -3.51062
       1.72007		      -4.99556
      -1.07963		      -6.07659
      -3.68549		      -6.62131
      -5.82643		      -6.54118
      -7.29208		      -5.80543
      -7.95355		      -4.44991
      -7.77388		      -2.57890
      -6.80756		      -0.35916
      -5.18980		       1.99399
      -3.11731		       4.23745
      -0.82348		       6.12609
       1.44898		       7.44055
       3.47438		       8.01388
       5.06661		       7.75361
       6.09551		       6.65618
       6.49585		       4.81170
       6.26843		       2.39763
       5.47418		      -0.33806
       4.22249		      -3.10292
       2.65591		      -5.59229
       0.93332		      -7.52422
      -0.78641		      -8.67272
      -2.35842		      -8.89541
      -3.66258		      -8.15190
      -4.61021		      -6.51056
      -5.14702		      -4.14245
      -5.25277		      -1.30315
      -4.93852		       1.69583
      -4.24244		       4.52250
      -3.22510		       6.86252
      -1.96467		       8.45562
      -0.55257		       9.12566
       0.91077		       8.80090
       2.32006		       7.52198
       3.56993		       5.43662
       4.56034		       2.78191
       5.20324		      -0.14377
       5.42984		      -3.01563
       5.19836		      -5.51991
       4.50102		      -7.38941
       3.36944		      -8.43291
       1.87697		      -8.55510
       0.13709		      -7.76495
      -1.70286		      -6.17172
      -3.47274		      -3.96962
      -4.99481		      -1.41319
      -6.10184		       1.21338
      -6.65627		       3.62899
      -6.56803		       5.58671
      -5.80871		       6.89944
      -4.41992		       7.45756
      -2.51401		       7.23687
      -0.26666		       6.29651
       2.09877		       4.76763
       4.33358		       2.83484
       6.19068		       0.71302
       7.45301		      -1.37745
       7.96003		      -3.23405
       7.62897		      -4.69167
       6.46789		      -5.63620
       4.57850		      -6.01154
       2.14802		      -5.81970
      -0.56948		      -5.11493
      -3.28036		      -3.99319
      -5.68422		      -2.57890
      -7.50856		      -1.01061
      -8.54094		       0.57251
      -8.65484		       2.04206
      -7.82584		       3.28908
      -6.13602		       4.22951
      -3.76579		       4.80681
      -0.97406		       4.99230
       1.93109		       4.78388
       4.62768		       4.20395
       6.81693		       3.29699
       8.25766		       2.12709
       8.79390		       0.77539
       8.37236		      -0.66285
       7.04782		      -2.08215
       4.97579		      -3.37182
       2.39349		      -4.42274
      -0.40842		      -5.13549
      -3.11984		      -5.42966
      -5.44693		      -5.25337
      -7.14499		      -4.59184
      -8.04494		      -3.47361
      -8.07030		      -1.97315
      -7.24299		      -0.20883
      -5.67760		       1.66454
      -3.56520		       3.46814
      -1.14917		       5.01608
       1.30407		       6.13498
       3.53547		       6.68426
       5.32148		       6.57456
       6.49669		       5.78176
       6.96860		       4.35462
       6.72334		       2.41423
       5.82231		       0.14497
       4.39066		      -2.22274
       2.59963		      -4.43624
       0.64526		      -6.24847
      -1.27383		      -7.44671
      -2.97686		      -7.87867
      -4.31757		      -7.47261
      -5.19542		      -6.24876
      -5.56095		      -4.32027
      -5.41524		      -1.88313
      -4.80434		       0.80407
      -3.81022		       3.44842
      -2.53943		       5.75577
      -1.11146		       7.46482
       0.35223		       8.37789
       1.73729		       8.38486
       2.94341		       7.47701
       3.88888		       5.74913
       4.51324		       3.38935
       4.77849		       0.65795
       4.66945		      -2.14241
       4.19371		      -4.70153
       3.38143		      -6.73741
       2.28486		      -8.02847
       0.97735		      -8.43857
      -0.44880		      -7.93180
      -1.88606		      -6.57538
      -3.21748		      -4.53055
      -4.32461		      -2.03255
      -5.09745		       0.63751
      -5.44547		       3.18559
      -5.30876		       5.33828
      -4.66778		       6.87309
      -3.55020		       7.64199
      -2.03342		       7.58559
      -0.24175		       6.73657
       1.66219		       5.21254
       3.49151		       3.19948
       5.05345		       0.92809
       6.17035		      -1.35369
       6.70072		      -3.40868
       6.55794		      -5.03572
       5.72389		      -6.08931
       4.25556		      -6.49181
       2.28307		      -6.23732
      -0.00095		      -5.38728
      -2.36024		      -4.05914
      -4.53988		      -2.40982
      -6.29482		      -0.61647
      -7.41863		       1.14317
      -7.76882		       2.70842
      -7.28570		       3.94965
      -6.00195		       4.77746
      -4.04164		       5.14669
      -1.60837		       5.05555
       1.03643		       4.54077
       3.60251		       3.66995
       5.80384		       2.53247
       7.39183		       1.23016
       8.18450		      -0.13113
       8.08836		      -1.44871
       7.10981		      -2.62853
       5.35512		      -3.58921
       3.01839		      -4.26498
       0.35935		      -4.60799
      -2.32668		      -4.59033
      -4.74283		      -4.20599
      -6.62479		      -3.47269
      -7.77078		      -2.43312
      -8.06389		      -1.15511
      -7.48428		       0.26990
      -6.10982		       1.73089
      -4.10538		       3.10388
      -1.70221		       4.26130
       0.82979		       5.08351
       3.21363		       5.47151
       5.19660		       5.35943
       6.57788		       4.72518
       7.22914		       3.59752
       7.10615		       2.05826
       6.25019		       0.23845
       4.77975		      -1.69152
       2.87383		      -3.53747
       0.74928		      -5.10126
      -1.36485		      -6.20281
      -3.25282		      -6.70178
      -4.73455		      -6.51614
      -5.68258		      -5.63520
      -6.03189		      -4.12491
      -5.78218		      -2.12448
      -4.99297		       0.16600
      -3.77254		       2.50575
      -2.26289		       4.63939
      -0.62251		       6.32578
       0.99065		       7.36652
       2.43417		       7.63029
       3.59283		       7.07010
       4.38597		       5.73106
       4.77058		       3.74744
       4.74038		       1.32906
       4.32189		      -1.26156
       3.56835		      -3.73868
       2.55282		      -5.82611
       1.36113		      -7.28922
       0.08563		      -7.96242
      -1.18030		      -7.76870
      -2.34666		      -6.72883
      -3.33061		      -4.95909
      -4.06003		      -2.65780
      -4.47696		      -0.08217
      -4.54140		       2.48155
      -4.23516		       4.75112
      -3.56543		       6.48057
      -2.56756		       7.48781
      -1.30608		       7.67432
       0.12669		       7.03485
       1.61503		       5.65598
       3.02754		       3.70418
       4.22793		       1.40486
       5.08811		      -0.98472
       5.50236		      -3.20539
       5.40090		      -5.02509
       4.76111		      -6.26380
       3.61464		      -6.81142
       2.04885		      -6.63686
       0.20204		      -5.78785
      -1.74793		      -4.38171
      -3.60063		      -2.58887
      -5.15411		      -0.61139
      -6.22776		       1.34069
      -6.68429		       3.07233
      -6.44792		       4.42309
      -5.51648		       5.28153
      -3.96542		       5.59299
      -1.94270		       5.36062
       0.34504		       4.64017
       2.65403		       3.52966
       4.73018		       2.15577
       6.33809		       0.65890
       7.28893		      -0.82148
       7.46360		      -2.15932
       6.82823		      -3.25152
       5.44005		      -4.02393
       3.44254		      -4.43372
       1.05025		      -4.46878
      -1.47495		      -4.14482
      -3.85366		      -3.50102
      -5.82101		      -2.59522
      -7.15737		      -1.49901
      -7.71387		      -0.29336
      -7.42963		       0.93537
      -6.33874		       2.09923
      -4.56598		       3.11247
      -2.31200		       3.89579
       0.17034		       4.38120
       2.60541		       4.51749
       4.72667		       4.27578
       6.30686		       3.65477
       7.18320		       2.68458
       7.27448		       1.42840
       6.58837		      -0.01897
       5.21825		      -1.53626
       3.33023		      -2.98453
       1.14215		      -4.21946
      -1.10254		      -5.10585
      -3.16293		      -5.53302
      -4.82733		      -5.42928
      -5.93546		      -4.77340
      -6.39373		      -3.60135
      -6.18221		      -2.00702
      -5.35294		      -0.13609
      -4.02019		       1.82667
      -2.34448		       3.67574
      -0.51242		       5.20701
       1.28480		       6.24121
       2.87186		       6.64582
       4.10637		       6.35275
       4.89081		       5.36922
       5.17869		       3.78029
       4.97460		       1.74219
       4.32896		      -0.53303
       3.32863		      -2.80019
       2.08495		      -4.80824
       0.72097		      -6.32920
      -0.64082		      -7.18514
      -1.88872		      -7.26995
      -2.92959		      -6.56301
      -3.69362		      -5.13312
      -4.13648		      -3.13177
      -4.23913		      -0.77671
      -4.00620		       1.67265
      -3.46335		       3.94486
      -2.65446		       5.78770
      -1.63874		       6.99730
      -0.48794		       7.44157
       0.71655		       7.07516
       1.88700		       5.94424
       2.93352		       4.18044
       3.76916		       1.98490
       4.31625		      -0.39557
       4.51338		      -2.69737
       4.32268		      -4.67043
       3.73631		      -6.10631
       2.78120		      -6.86088
       1.52097		      -6.86897
       0.05414		      -6.14947
      -1.49183		      -4.80058
      -2.97067		      -2.98617
