      58.07049		      -6.39465
      52.76103		     -15.57362
      37.28383		     -22.14163
      14.95388		     -25.12742
      -9.41152		     -24.15267
     -30.60217		     -19.48022
     -44.20801		     -11.97891
     -47.60944		      -3.00588
     -40.53155		       5.78905
     -25.03905		      12.72365
      -4.98788		      16.38039
      14.91931		      15.89540
      30.23519		      11.18129
      37.75992		       3.02394
      36.19443		      -6.99192
      26.31917		     -16.74141
      10.68482		     -23.97216
      -7.07980		     -26.79571
     -23.15220		     -24.14973
     -34.37044		     -16.11489
     -38.85989		      -3.99156
     -36.30772		       9.90760
     -27.85762		      22.72501
     -15.69220		      31.69150
      -2.43885		      34.78070
       9.43869		      31.22224
      18.11868		      21.73636
      22.67814		       8.41558
      23.10606		      -5.73432
      20.11620		     -17.49297
      14.84626		     -24.19649
       8.54273		     -24.38875
       2.31327		     -18.18489
      -3.01004		      -7.24921
      -6.89684		       5.61306
      -9.07000		      17.15056
      -9.43384		      24.47208
      -8.02486		      25.75888
      -5.00740		      20.70106
      -0.70704		      10.54800
       4.34995		      -2.23605
       9.43224		     -14.61683
      13.66611		     -23.76328
      16.17312		     -27.74599
      16.25933		     -25.98142
      13.60698		     -19.31336
       8.40855		      -9.72284
       1.39187		       0.24360
      -6.28730		       8.16425
     -13.27107		      12.36201
     -18.29271		      12.29030
     -20.46329		       8.59216
     -19.47509		       2.83251
     -15.66612		      -3.00548
      -9.92734		      -7.10794
      -3.47806		      -8.33236
       2.42856		      -6.48645
       6.78975		      -2.31584
       9.05228		       2.78143
       9.17932		       7.21690
       7.57795		       9.70635
       4.92180		       9.64892
       1.93192		       7.28189
      -0.81318		       3.57229
      -2.98237		      -0.11386
      -4.48894		      -2.45855
      -5.39597		      -2.61640
      -5.77888		      -0.48763
      -5.60840		       3.24210
      -4.70872		       7.30574
      -2.81635		      10.23994
       0.27448		      10.83541
       4.53189		       8.51764
       9.54423		       3.54472
      14.48536		      -3.03674
      18.22705		      -9.66559
      19.59203		     -14.69130
      17.69034		     -16.82890
      12.24480		     -15.51443
       3.80003		     -11.06210
      -6.26866		      -4.58132
     -15.97998		       2.31980
     -23.17224		       7.95915
     -26.03405		      11.01483
     -23.60371		      10.85172
     -16.09661		       7.65681
      -4.95542		       2.35578
       7.41357		      -3.65571
      18.17112		      -8.88443
      24.72042		     -12.11083
      25.35885		     -12.66210
      19.73515		     -10.52449
       8.98553		      -6.28086
      -4.49803		      -0.90907
     -17.61901		       4.48963
     -27.31396		       8.95147
     -31.29235		      11.83342
     -28.59136		      12.88368
     -19.80473		      12.20265
      -6.92841		      10.13016
       7.13530		       7.11095
      19.28639		       3.58749
      26.96672		      -0.05141
      28.74487		      -3.46570
      24.60462		      -6.32820
      15.87593		      -8.29623
       4.84155		      -9.02490
      -5.86625		      -8.23664
     -13.91493		      -5.83317
     -17.80068		      -2.01040
     -17.13127		       2.67569
     -12.60966		       7.33781
      -5.74695		      10.90074
       1.59686		      12.34186
       7.70875		      10.97363
      11.42092		       6.68867
      12.31635		       0.08602
      10.70897		      -7.57818
       7.43181		     -14.62698
       3.51785		     -19.34327
      -0.11974		     -20.40470
      -2.91310		     -17.25814
      -4.71491		     -10.32522
      -5.72079		      -0.96905
      -6.28570		       8.78665
      -6.71220		      16.72688
      -7.09159		      20.98884
      -7.25521		      20.53935
      -6.85074		      15.45731
      -5.51260		       6.94040
      -3.06099		      -2.97363
       0.34761		     -11.90436
       4.18038		     -17.71846
       7.62413		     -19.05908
       9.79664		     -15.67702
      10.01182		      -8.47799
       8.01537		       0.72426
       4.11222		       9.68071
      -0.86303		      16.27887
      -5.73442		      19.06221
      -9.28459		      17.56347
     -10.58304		      12.37128
      -9.24798		       4.92331
      -5.56369		      -2.90709
      -0.41614		      -9.31097
       4.93776		     -12.99301
       9.20323		     -13.45291
      11.38916		     -11.03433
      11.06136		      -6.74520
       8.43745		      -1.91622
       4.29935		       2.19391
      -0.24684		       4.73041
      -4.09012		       5.42164
      -6.41808		       4.56691
      -6.91695		       2.85425
      -5.81366		       1.07950
      -3.75501		      -0.13630
      -1.56800		      -0.53945
       0.01893		      -0.28885
       0.60459		       0.15261
       0.22260		       0.23579
      -0.70327		      -0.42817
      -1.53738		      -1.88139
      -1.68239		      -3.76080
      -0.81618		      -5.39273
       0.96552		      -6.01365
       3.15177		      -5.04647
       4.96844		      -2.34056
       5.63421		       1.70878
       4.63982		       6.21004
       1.95888		       9.99092
      -1.88338		      11.92315
      -5.91478		      11.26301
      -8.97229		       7.90410
     -10.03893		       2.46129
      -8.56259		      -3.84871
      -4.65860		      -9.50492
       0.87113		     -13.07975
       6.71741		     -13.62663
      11.39824		     -10.94785
      13.65791		      -5.66450
      12.81854		       0.93437
       8.98278		       7.22424
       3.02674		      11.66840
      -3.61873		      13.21607
      -9.34028		      11.56640
     -12.76539		       7.22828
     -13.11999		       1.36336
     -10.42172		      -4.53925
      -5.45726		      -9.06273
       0.44680		     -11.22465
       5.79190		     -10.70369
       9.30919		      -7.87507
      10.28231		      -3.65528
       8.70413		       0.78921
       5.23041		       4.37822
       0.95226		       6.40024
      -2.93888		       6.66321
      -5.49208		       5.47957
      -6.24403		       3.50340
      -5.30480		       1.48102
      -3.26582		      -0.00001
      -0.96776		      -0.68316
       0.79252		      -0.68538
       1.52096		      -0.40327
       1.17007		      -0.32211
       0.12518		      -0.79828
      -0.95785		      -1.89357
      -1.40671		      -3.32195
      -0.79234		      -4.53074
       0.89344		      -4.89230
       3.20389		      -3.94366
       5.36227		      -1.59217
       6.50947		       1.78679
       5.99737		       5.40232
       3.63356		       8.24559
      -0.20430		       9.38005
      -4.62841		       8.23894
      -8.46556		       4.83714
     -10.58594		      -0.17385
     -10.24089		      -5.63549
      -7.30804		     -10.16883
      -2.36690		     -12.54300
       3.42438		     -12.02240
       8.62223		      -8.59188
      11.88169		      -2.99126
      12.32402		       3.45689
       9.78336		       9.18312
       4.86141		      12.78032
      -1.22687		      13.37420
      -6.97424		      10.85218
     -10.97947		       5.88788
     -12.31212		      -0.24503
     -10.74372		      -6.01641
      -6.78418		     -10.04436
      -1.51840		     -11.44892
       3.70546		     -10.05926
       7.64441		      -6.42179
       9.48055		      -1.61457
       9.00549		       3.07265
       6.62412		       6.49724
       3.18707		       7.95852
      -0.28953		       7.34870
      -2.92808		       5.12505
      -4.22573		       2.12255
      -4.15620		      -0.72778
      -3.11515		      -2.68471
      -1.73636		      -3.39977
      -0.64545		      -2.97999
      -0.23527		      -1.89910
      -0.53698		      -0.79422
      -1.22761		      -0.21993
      -1.76900		      -0.44349
      -1.62884		      -1.34923
      -0.50692		      -2.48346
       1.51319		      -3.22401
       3.94349		      -3.01743
       6.01613		      -1.60316
       6.91975		       0.85301
       6.07525		       3.76582
       3.36279		       6.28312
      -0.77781		       7.54165
      -5.41443		       6.94871
      -9.34871		       4.40057
     -11.44238		       0.36447
     -10.95123		      -4.20938
      -7.76805		      -8.12835
      -2.49795		     -10.28557
       3.66371		      -9.98185
       9.22438		      -7.14571
      12.78152		      -2.38337
      13.39813		       3.16168
      10.86168		       8.10438
       5.75277		      11.18819
      -0.69771		      11.62586
      -6.92505		       9.31425
     -11.43489		       4.86181
     -13.18471		      -0.57911
     -11.84002		      -5.62753
      -7.83839		      -9.04708
      -2.24898		     -10.07191
       3.52812		      -8.59469
       8.13551		      -5.16708
      10.60063		      -0.81761
      10.55524		       3.25565
       8.27917		       6.02557
       4.56755		       6.91045
       0.47051		       5.90573
      -3.01205		       3.54028
      -5.19038		       0.67805
      -5.82851		      -1.76885
      -5.13989		      -3.12487
      -3.65034		      -3.14606
      -1.98286		      -2.06805
      -0.63998		      -0.49676
       0.14537		       0.81910
       0.44581		       1.25790
       0.55782		       0.54901
       0.83829		      -1.12270
       1.52245		      -3.16690
       2.59183		      -4.77817
       3.74364		      -5.20746
       4.47720		      -4.02843
       4.27223		      -1.31197
       2.79990		       2.35093
       0.09278		       5.99176
      -3.39078		       8.53544
      -6.84098		       9.12159
      -9.29866		       7.37997
      -9.93168		       3.57512
      -8.30406		      -1.42845
      -4.55279		      -6.37694
       0.58989		      -9.95840
       5.94733		     -11.16259
      10.18986		      -9.56742
      12.19038		      -5.46981
      11.34440		       0.17828
       7.76119		       6.01231
       2.26574		      10.60988
      -3.79609		      12.86001
      -8.90106		      12.24571
     -11.74862		       8.96460
     -11.60788		       3.85806
      -8.51470		      -1.82635
      -3.26315		      -6.76904
       2.80712		      -9.91480
       8.16895		     -10.72015
      11.51216		      -9.24945
      12.08265		      -6.10319
       9.86407		      -2.21021
       5.55504		       1.44786
       0.35316		       4.09675
      -4.38885		       5.34162
      -7.53505		       5.20997
      -8.46114		       4.06649
      -7.19209		       2.43983
      -4.34999		       0.82596
      -0.93514		      -0.46500
       1.98883		      -1.37090
       3.60983		      -2.03504
       3.58933		      -2.68287
       2.12979		      -3.46990
      -0.12618		      -4.36235
      -2.32702		      -5.10052
      -3.69797		      -5.26487
      -3.79057		      -4.42783
      -2.61892		      -2.34120
      -0.64224		       0.90780
       1.39776		       4.83347
       2.73113		       8.61689
       2.82352		      11.29435
       1.56488		      12.02251
      -0.67800		      10.34456
      -3.16358		       6.37455
      -5.00240		       0.83522
      -5.43954		      -5.07523
      -4.10528		      -9.96308
      -1.15508		     -12.59551
       2.74711		     -12.23739
       6.60133		      -8.87242
       9.35146		      -3.24120
      10.19114		       3.32177
       8.80536		       9.21463
       5.47544		      12.97348
       1.01450		      13.64837
      -3.44960		      11.04781
      -6.78272		       5.78537
      -8.15601		      -0.88421
      -7.27201		      -7.39405
      -4.44131		     -12.26853
      -0.48973		     -14.49152
       3.47569		     -13.74098
       6.37333		     -10.43098
       7.43846		      -5.55701
       6.41829		      -0.39564
       3.61892		       3.85165
      -0.20338		       6.36800
      -4.06924		       6.89968
      -7.05211		       5.76051
      -8.52211		       3.67225
      -8.29042		       1.49877
      -6.61907		      -0.03860
      -4.10254		      -0.57557
      -1.46515		      -0.18549
       0.65926		       0.69330
       1.89766		       1.45334
       2.21014		       1.56783
       1.84993		       0.80844
       1.23326		      -0.64434
       0.76911		      -2.23861
       0.70928		      -3.22868
       1.06925		      -2.93854
       1.64439		      -1.02670
       2.11170		       2.33630
       2.17766		       6.44297
       1.71626		      10.19644
       0.84439		      12.39798
      -0.09685		      12.09639
      -0.65342		       8.89819
      -0.42733		       3.14359
       0.75407		      -4.11217
       2.73031		     -11.31906
       5.00595		     -16.80342
       6.86652		     -19.19495
       7.58496		     -17.79509
       6.65864		     -12.78551
       4.00235		      -5.21624
       0.03035		       3.22866
      -4.40889		      10.63036
      -8.23810		      15.29808
     -10.44526		      16.17733
     -10.38372		      13.10025
      -7.98827		       6.81716
      -3.83649		      -1.19446
       0.97315		      -9.09024
       5.10200		     -15.09428
       7.33818		     -17.90042
       6.94780		     -16.94420
       3.90830		     -12.48839
      -1.04912		      -5.51470
      -6.60847		       2.53716
     -11.21043		      10.10815
     -13.47617		      15.85005
     -12.59690		      18.87272
      -8.57862		      18.86377
      -2.26903		      16.07336
       4.84677		      11.19065
      11.03084		       5.15967
      14.75447		      -1.01304
      15.11180		      -6.41781
      12.07033		     -10.34725
       6.48739		     -12.34821
      -0.11408		     -12.23583
      -5.95104		     -10.08912
      -9.45744		      -6.24122
      -9.70300		      -1.26407
      -6.64027		       4.06471
      -1.11340		       8.83072
       5.37206		      12.09951
      11.05431		      13.07781
      14.38395		      11.29453
      14.42947		       6.75876
      11.11180		       0.04407
       5.20869		      -7.74318
      -1.86668		     -15.12931
      -8.44749		     -20.55520
     -13.04906		     -22.72044
     -14.74049		     -20.90955
     -13.35622		     -15.21357
      -9.49798		      -6.57787
      -4.33657		       3.35355
       0.72362		      12.57575
       4.42061		      19.17043
       5.94893		      21.75729
       5.13203		      19.83513
       2.41673		      13.92118
      -1.29554		       5.44575
      -4.92280		      -3.57869
      -7.49924		     -11.03560
      -8.41243		     -15.21114
      -7.52237		     -15.20162
      -5.14178		     -11.11821
      -1.89826		      -4.03781
       1.47004		       4.28471
       4.31955		      11.86552
       6.24885		      16.98340
       7.15386		      18.58613
       7.18783		      16.50967
       6.65298		      11.46048
       5.86873		       4.77642
       5.06381		      -1.95927
       4.32538		      -7.33964
       3.61517		     -10.47529
       2.83704		     -11.16684
       1.92280		      -9.87191
       0.89830		      -7.49017
      -0.09916		      -5.04115
      -0.86070		      -3.33705
      -1.18910		      -2.74951
      -0.99296		      -3.13650
      -0.35368		      -3.94407
       0.46565		      -4.44305
       1.08026		      -4.01943
       1.09903		      -2.42158
       0.25986		       0.11809
      -1.46040		       2.92946
      -3.80243		       5.10803
      -6.26889		       5.81406
      -8.25064		       4.57401
      -9.20096		       1.48721
      -8.80530		      -2.73375
      -7.09212		      -6.91183
      -4.44554		      -9.71014
      -1.50918		     -10.01060
       0.99493		      -7.25953
       2.48072		      -1.67823
       2.68029		       5.72866
       1.73521		      13.37916
       0.16367		      19.48711
      -1.29257		      22.50750
      -1.89954		      21.53751
      -1.17219		      16.56628
       0.95008		       8.50556
       4.05208		      -1.00909
       7.33911		      -9.99748
       9.85934		     -16.59827
      10.79092		     -19.50087
       9.70870		     -18.23959
       6.74723		     -13.28144
       2.60356		      -5.89297
      -1.63112		       2.17360
      -4.77068		       9.09163
      -5.88218		      13.36681
      -4.58192		      14.14480
      -1.18815		      11.35621
       3.32299		       5.67922
       7.55725		      -1.65495
      10.07883		      -9.15453
       9.82272		     -15.38286
       6.42644		     -19.22722
       0.38222		     -20.07170
      -7.04188		     -17.85483
     -14.10104		     -13.02090
     -19.01900		      -6.39496
     -20.46259		       0.98092
     -17.91630		       8.01563
     -11.85115		      13.71787
      -3.63602		      17.31530
       4.79166		      18.34243
      11.41299		      16.69818
      14.64568		      12.67103
      13.75605		       6.92396
       9.05512		       0.42822
       1.82533		      -5.66165
      -6.00366		     -10.18776
     -12.34574		     -12.20301
     -15.48745		     -11.18108
     -14.51830		      -7.17291
      -9.55255		      -0.86125
      -1.68893		       6.51852
       7.27615		      13.39421
      15.30271		      18.17601
      20.60855		      19.61407
      22.08950		      17.11016
      19.55600		      10.90168
      13.73495		       2.06060
       6.04840		      -7.70697
      -1.76324		     -16.42468
      -8.06968		     -22.29236
     -11.72116		     -24.10812
     -12.27340		     -21.55954
     -10.02363		     -15.30693
      -5.86623		      -6.83193
      -1.02134		       1.91517
       3.28261		       8.98353
       6.08898		      12.88824
       6.89135		      12.95693
       5.68070		       9.46948
       2.86989		       3.55702
      -0.86503		      -3.11001
      -4.77165		      -8.76043
      -8.18370		     -11.97071
     -10.62378		     -12.00647
     -11.83600		      -8.97115
     -11.76175		      -3.72996
     -10.48640		       2.36145
      -8.18700		       7.84218
      -5.10151		      11.53551
      -1.52329		      12.83618
       2.19119		      11.82141
       5.62328		       9.16437
       8.32188		       5.88521
       9.87064		       3.02004
       9.98356		       1.30864
       8.60307		       0.99214
       5.96533		       1.77628
       2.60082		       2.96479
      -0.74643		       3.71608
      -3.27311		       3.34035
      -4.31144		       1.54360
      -3.51401		      -1.45755
      -0.97384		      -4.98595
       2.76149		      -8.10399
       6.79645		      -9.90311
      10.09524		      -9.79419
      11.74068		      -7.70981
      11.17609		      -4.15477
       8.36278		      -0.08616
       3.80631		       3.34553
      -1.56038		       5.12093
      -6.60907		       4.64902
     -10.30257		       1.95069
     -11.95750		      -2.32549
     -11.41148		      -7.06206
      -9.04847		     -10.96323
      -5.67589		     -12.89755
      -2.28933		     -12.19864
       0.20787		      -8.84250
       1.24970		      -3.45484
       0.74828		       2.85076
      -0.90839		       8.75705
      -2.99762		      13.07091
      -4.69763		      15.00711
      -5.34532		      14.35579
      -4.63818		      11.49595
      -2.71967		       7.26097
      -0.12350		       2.70118
       2.40490		      -1.18660
       4.15334		      -3.68908
       4.67749		      -4.50990
       3.95073		      -3.78165
       2.38060		      -1.96792
       0.68395		       0.30392
      -0.34320		       2.42349
      -0.09153		       3.93905
       1.64287		       4.62644
       4.55739		       4.47816
       7.89633		       3.63257
      10.64963		       2.27966
      11.84313		       0.58330
      10.83729		      -1.35189
       7.54514		      -3.46140
       2.50139		      -5.66461
      -3.24438		      -7.80268
      -8.38689		      -9.60563
     -11.70861		     -10.71358
     -12.41293		     -10.75676
     -10.35330		      -9.47470
      -6.09159		      -6.83663
      -0.76577		      -3.11793
       4.20034		       1.10343
       7.46804		       5.04420
       8.13564		       7.89125
       5.97628		       9.01217
       1.49777		       8.14191
      -4.19056		       5.48765
      -9.66671		       1.71318
     -13.56162		      -2.20314
     -14.90364		      -5.20633
     -13.35167		      -6.43819
      -9.25940		      -5.47175
      -3.56026		      -2.44002
       2.48911		       1.98103
       7.63273		       6.73542
      10.91808		      10.65540
      11.90030		      12.76377
      10.70137		      12.52794
       7.92040		       9.99612
       4.43196		       5.77780
       1.13677		       0.87442
      -1.26315		      -3.59231
      -2.40667		      -6.67829
      -2.30409		      -7.85821
      -1.26244		      -7.14403
       0.25799		      -5.05059
       1.80266		      -2.42189
       3.04599		      -0.17143
       3.84464		       0.98624
       4.21456		       0.73498
       4.25216		      -0.76895
       4.03870		      -2.96650
       3.57032		      -5.08456
       2.74425		      -6.38436
       1.40869		      -6.39342
      -0.54172		      -5.05067
      -3.06299		      -2.72198
      -5.89537		      -0.08254
      -8.56824		       2.09679
     -10.48794		       3.19303
     -11.09158		       2.92976
     -10.02424		       1.46955
      -7.28391		      -0.62879
      -3.28267		      -2.57627
       1.20597		      -3.59385
       5.21105		      -3.15470
       7.80245		      -1.15571
       8.34083		       2.03411
       6.66835		       5.66404
       3.18168		       8.80607
      -1.24072		      10.61408
      -5.44509		      10.56316
      -8.29201		       8.59956
      -8.95330		       5.15855
      -7.13560		       1.04570
      -3.16816		      -2.78349
       2.07144		      -5.48142
       7.37598		      -6.53028
      11.51402		      -5.86608
      13.54070		      -3.87270
      13.03109		      -1.25211
      10.17479		       1.18723
       5.70927		       2.75993
       0.71331		       3.08403
      -3.67994		       2.16267
      -6.57098		       0.34854
      -7.50549		      -1.79119
      -6.55617		      -3.66296
      -4.25941		      -4.82690
      -1.43247		      -5.11375
       1.07086		      -4.64522
       2.59409		      -3.75681
       2.83613		      -2.85364
       1.89439		      -2.25073
       0.18906		      -2.05344
      -1.69953		      -2.11954
      -3.22492		      -2.11652
      -4.03807		      -1.65549
      -4.07191		      -0.45625
      -3.52564		       1.51385
      -2.76071		       3.97834
      -2.14835		       6.39469
      -1.92279		       8.09609
      -2.09087		       8.49311
      -2.42882		       7.27423
      -2.56720		       4.54104
      -2.13496		       0.82978
      -0.91335		      -2.99642
       1.05407		      -5.96200
       3.43598		      -7.24357
       5.68606		      -6.41059
       7.19582		      -3.57085
       7.48232		       0.62584
       6.35232		       5.13331
       3.98907		       8.76961
       0.93009		      10.52414
      -2.06341		       9.82830
      -4.21128		       6.71504
      -4.93526		       1.82215
      -4.03096		      -3.76310
      -1.73852		      -8.77713
       1.31173		     -12.09787
       4.26604		     -13.02239
       6.28059		     -11.43166
       6.75526		      -7.80113
       5.50093		      -3.05882
       2.79193		       1.66625
      -0.71132		       5.33433
      -4.14724		       7.24531
      -6.69172		       7.18470
      -7.78203		       5.43313
      -7.26169		       2.64613
      -5.40652		      -0.35344
      -2.82686		      -2.80603
      -0.27751		      -4.20356
       1.56637		      -4.38610
       2.30050		      -3.52890
       1.89381		      -2.03522
       0.67397		      -0.37767
      -0.79618		       1.05737
      -1.91034		       2.07266
      -2.21768		       2.68214
      -1.56660		       3.05224
      -0.14904		       3.39020
       1.56782		       3.82444
       2.99973		       4.32301
       3.64302		       4.68252
       3.24804		       4.59417
       1.91249		       3.76579
       0.06302		       2.05790
      -1.67154		      -0.41588
      -2.65783		      -3.26443
      -2.46576		      -5.88792
      -1.02123		      -7.62677
       1.34618		      -7.95079
       3.97941		      -6.63195
       6.07522		      -3.84585
       6.91945		      -0.16491
       6.10690		       3.56284
       3.67944		       6.42156
       0.13843		       7.66734
      -3.67609		       6.93322
      -6.80822		       4.34055
      -8.44879		       0.48259
      -8.16322		      -3.71853
      -6.01878		      -7.24425
      -2.57356		      -9.23923
       1.27103		      -9.22763
       4.51351		      -7.22785
       6.32337		      -3.73599
       6.26371		       0.41483
       4.40374		       4.27799
       1.29089		       7.03632
      -2.20791		       8.19786
      -5.14888		       7.69340
      -6.76875		       5.85449
      -6.68442		       3.28594
      -4.98090		       0.67590
      -2.16656		      -1.39753
       0.98693		      -2.60657
       3.67009		      -2.92406
       5.25993		      -2.57644
       5.47897		      -1.92279
       4.44670		      -1.30543
       2.61392		      -0.92455
       0.60547		      -0.77873
      -0.97747		      -0.68956
      -1.73441		      -0.39917
      -1.56980		       0.29631
      -0.69653		       1.42729
       0.45704		       2.79180
       1.40302		       3.98413
       1.76098		       4.50877
       1.38214		       3.94752
       0.39255		       2.12693
      -0.85672		      -0.77138
      -1.91403		      -4.20059
      -2.38453		      -7.35369
      -2.06831		      -9.36277
      -1.03426		      -9.54102
       0.39511		      -7.59859
       1.74354		      -3.76640
       2.53420		       1.21546
       2.44723		       6.25116
       1.43116		      10.15057
      -0.26868		      11.93241
      -2.17530		      11.08779
      -3.72036		       7.73112
      -4.41693		       2.59344
      -4.01148		      -3.14441
      -2.56747		      -8.13830
      -0.45360		     -11.21307
       1.76125		     -11.65419
       3.47510		      -9.38243
       4.23169		      -4.96678
       3.85630		       0.52588
       2.50677		       5.80284
       0.62360		       9.66628
      -1.20589		      11.29888
      -2.42815		      10.44238
      -2.69306		       7.42807
      -1.96036		       3.05922
      -0.50952		      -1.61558
       1.15052		      -5.57246
       2.44416		      -8.05285
       2.91438		      -8.71453
       2.37225		      -7.66234
       0.96332		      -5.36253
      -0.87154		      -2.47682
      -2.53072		       0.32938
      -3.44175		       2.54836
      -3.24817		       3.92006
      -1.93476		       4.43539
       0.15005		       4.26619
       2.38502		       3.65619
       4.05626		       2.81645
       4.57439		       1.86193
       3.66379		       0.80770
       1.46542		      -0.38040
      -1.48118		      -1.70687
      -4.37560		      -3.07608
      -6.37755		      -4.26452
      -6.84875		      -4.95411
      -5.54566		      -4.82252
      -2.70584		      -3.66340
       1.00004		      -1.49553
       4.63971		       1.38139
       7.26819		       4.41244
       8.18512		       6.89896
       7.12822		       8.17176
       4.34852		       7.78021
       0.54580		       5.64167
      -3.31777		       2.10302
      -6.27394		      -2.11131
      -7.60342		      -6.05891
      -7.01988		      -8.80882
      -4.73366		      -9.68109
      -1.38086		      -8.43074
       2.15915		      -5.32371
       5.00412		      -1.08072
       6.49904		       3.29895
       6.37337		       6.78820
       4.78565		       8.59070
       2.24919		       8.33822
      -0.53331		       6.17414
      -2.87412		       2.70228
      -4.28311		      -1.18272
      -4.57810		      -4.53497
      -3.89647		      -6.60029
      -2.61264		      -6.99663
      -1.19393		      -5.78590
      -0.04423		      -3.42277
       0.61445		      -0.60128
       0.78753		       1.95184
       0.67062		       3.67560
       0.54727		       4.30869
       0.66067		       3.92486
       1.10551		       2.86632
       1.77909		       1.60290
       2.40967		       0.56566
       2.65391		       0.00920
       2.23075		      -0.05461
       1.04583		       0.16637
      -0.73849		       0.34538
      -2.71601		       0.17843
      -4.33492		      -0.48342
      -5.05590		      -1.55772
      -4.52365		      -2.73864
      -2.69839		      -3.58950
       0.09689		      -3.69177
       3.23358		      -2.80238
       5.92907		      -0.96641
       7.45324		       1.45560
       7.33271		       3.86125
       5.49377		       5.56451
       2.30088		       5.99500
      -1.52364		       4.87958
      -5.07940		       2.34976
      -7.51920		      -1.06174
      -8.26873		      -4.54055
      -7.17433		      -7.19743
      -4.53847		      -8.30684
      -1.03419		      -7.51039
       2.47650		      -4.92693
       5.16899		      -1.13556
       6.46437		       2.96632
       6.16359		       6.39278
       4.47404		       8.32497
       1.92614		       8.32267
      -0.79075		       6.43439
      -3.02289		       3.17687
      -4.32012		      -0.60888
      -4.53158		      -3.98358
      -3.80693		      -6.15480
      -2.51056		      -6.67411
      -1.08176		      -5.53450
       0.11104		      -3.14578
       0.87556		      -0.20007
       1.22886		       2.52990
       1.35256		       4.40037
       1.49011		       5.05526
       1.82540		       4.49282
       2.38785		       3.02783
       3.01984		       1.16796
       3.42071		      -0.55321
       3.25526		      -1.73356
       2.29111		      -2.20375
       0.51737		      -2.04568
      -1.79960		      -1.52897
      -4.14956		      -0.99173
      -5.89928		      -0.70866
      -6.47067		      -0.79149
      -5.52494		      -1.15449
      -3.09593		      -1.55501
       0.37315		      -1.69365
       4.10875		      -1.33834
       7.18785		      -0.42844
       8.77577		       0.87871
       8.35660		       2.23786
       5.89120		       3.21598
       1.85491		       3.43237
      -2.86060		       2.69411
      -7.15962		       1.08148
     -10.01494		      -1.04749
     -10.72883		      -3.14017
      -9.11278		      -4.59921
      -5.53757		      -4.95660
      -0.84014		      -4.01985
       3.88775		      -1.94478
       7.57267		       0.79015
       9.42184		       3.50425
       9.10700		       5.49744
       6.82411		       6.24427
       3.21836		       5.54276
      -0.79993		       3.57457
      -4.29498		       0.85757
      -6.53457		      -1.89628
      -7.14929		      -3.97782
      -6.18524		      -4.87589
      -4.04510		      -4.41493
      -1.34373		      -2.79603
       1.27390		      -0.53049
       3.29807		       1.71345
       4.45847		       3.30516
       4.74466		       3.83002
       4.34795		       3.20019
       3.55328		       1.66655
       2.62274		      -0.26937
       1.71141		      -2.01501
       0.84158		      -3.06863
      -0.06085		      -3.16804
      -1.08662		      -2.36193
      -2.25448		      -0.98359
      -3.45133		       0.46328
      -4.42858		       1.47002
      -4.86247		       1.68781
      -4.46207		       1.04021
      -3.09034		      -0.25136
      -0.85542		      -1.73735
       1.86460		      -2.88343
       4.48095		      -3.24294
       6.32935		      -2.60468
       6.84761		      -1.06936
       5.74576		       0.97012
       3.11725		       2.94042
      -0.54674		       4.25850
      -4.45169		       4.51026
      -7.68363		       3.58249
      -9.43665		       1.70698
      -9.22389		      -0.59808
      -7.01352		      -2.67386
      -3.25096		      -3.91150
       1.24186		      -3.93155
       5.46505		      -2.69881
       8.48598		      -0.53792
       9.66644		       1.95590
       8.81251		       4.08539
       6.20930		       5.25014
       2.53405		       5.11788
      -1.32600		       3.71804
      -4.49973		       1.43071
      -6.34134		      -1.12532
      -6.56881		      -3.27212
      -5.29983		      -4.46667
      -2.98306		      -4.45263
      -0.25159		      -3.32597
       2.25496		      -1.49652
       4.04830		       0.44161
       4.88753		       1.89092
       4.79365		       2.42814
       3.98853		       1.92587
       2.78674		       0.58279
       1.48059		      -1.14499
       0.25695		      -2.68939
      -0.82947		      -3.54731
      -1.82331		      -3.43519
      -2.79479		      -2.37435
      -3.75771		      -0.68185
      -4.61496		       1.12962
      -5.15688		       2.51164
      -5.11843		       3.05057
      -4.27921		       2.59660
      -2.57231		       1.31176
      -0.16147		      -0.37755
       2.54689		      -1.90947
       4.97174		      -2.75793
       6.49470		      -2.59452
       6.63203		      -1.39219
       5.19177		       0.56079
       2.36654		       2.74093
      -1.27276		       4.54009
      -4.88992		       5.44184
      -7.58020		       5.17142
      -8.60162		       3.77529
      -7.57889		       1.60728
      -4.62208		      -0.77377
      -0.32335		      -2.76403
       4.37259		      -3.88477
       8.39419		      -3.91294
      10.80728		      -2.93496
      11.04895		      -1.31002
       9.06882		       0.44381
       5.34014		       1.80494
       0.73790		       2.39791
      -3.68329		       2.09325
      -6.95228		       1.02992
      -8.41595		      -0.44322
      -7.88505		      -1.88567
      -5.65623		      -2.90452
      -2.40941		      -3.27065
       0.98663		      -2.97656
       3.70450		      -2.22007
       5.16127		      -1.32180
       5.14191		      -0.60586
       3.81598		      -0.28416
       1.65109		      -0.38313
      -0.74411		      -0.73759
      -2.79770		      -1.05367
      -4.12053		      -1.02027
      -4.58190		      -0.43149
      -4.29966		       0.72190
      -3.55680		       2.22484
      -2.67826		       3.68713
      -1.91160		       4.65752
      -1.35094		       4.76892
      -0.92690		       3.86926
      -0.46198		       2.09465
       0.23167		      -0.14257
       1.24940		      -2.25283
       2.52476		      -3.63060
       3.82128		      -3.83245
       4.79172		      -2.71938
       5.08813		      -0.51873
       4.48761		       2.21663
       2.99140		       4.74486
       0.86153		       6.33226
      -1.42275		       6.45664
      -3.28136		       4.95950
      -4.19210		       2.10248
      -3.84594		      -1.49004
      -2.25194		      -4.98839
       0.24236		      -7.57288
       3.02542		      -8.64809
       5.37388		      -7.99734
       6.64206		      -5.83499
       6.43621		      -2.74322
       4.72462		       0.48827
       1.85165		       3.07398
      -1.54899		       4.43696
      -4.71814		       4.34998
      -6.96687		       2.97700
      -7.85010		       0.80705
      -7.27087		      -1.49645
      -5.48853		      -3.28558
      -3.03152		      -4.10164
      -0.54243		      -3.78498
       1.39863		      -2.49327
       2.42198		      -0.62875
       2.44734		       1.29884
       1.67538		       2.82890
       0.49967		       3.67828
      -0.62980		       3.80424
      -1.34757		       3.38695
      -1.47491		       2.74212
      -1.05406		       2.19583
      -0.30779		       1.96458
       0.45830		       2.08026
       0.97566		       2.38430
       1.11342		       2.59188
       0.92549		       2.40391
       0.62828		       1.62849
       0.51629		       0.27000
       0.84409		      -1.44619
       1.71522		      -3.12464
       3.01720		      -4.31361
       4.42829		      -4.64730
       5.49852		      -3.97237
       5.78367		      -2.41684
       4.99207		      -0.37667
       3.09802		       1.58085
       0.38347		       2.87159
      -2.61027		       3.06343
      -5.21217		       2.00979
      -6.79889		      -0.09292
      -6.97034		      -2.74339
      -5.67210		      -5.26100
      -3.22701		      -6.96546
      -0.26331		      -7.36051
       2.44389		      -6.27008
       4.17585		      -3.88853
       4.46248		      -0.73060
       3.21014		       2.50469
       0.72917		       5.11771
      -2.34705		       6.58808
      -5.22940		       6.70122
      -7.18037		       5.58805
      -7.70466		       3.66987
      -6.67137		       1.52753
      -4.33612		      -0.26523
      -1.25977		      -1.29527
       1.85052		      -1.40775
       4.33150		      -0.72308
       5.73154		       0.42669
       5.91073		       1.61788
       5.04909		       2.47192
       3.56607		       2.76572
       1.97973		       2.48318
       0.75014		       1.79499
       0.15376		       0.97757
       0.22374		       0.30116
       0.76965		      -0.07359
       1.46501		      -0.15480
       1.97090		      -0.11377
       2.05395		      -0.21624
       1.66093		      -0.71337
       0.92693		      -1.73000
       0.11718		      -3.18973
      -0.47652		      -4.80564
      -0.64841		      -6.14521
      -0.36176		      -6.75349
       0.22686		      -6.29880
       0.81198		      -4.69582
       1.03920		      -2.16485
       0.62951		       0.79619
      -0.51278		       3.52523
      -2.24480		       5.36708
      -4.20367		       5.85533
      -5.89689		       4.85281
      -6.84007		       2.60796
      -6.70157		      -0.29269
      -5.41029		      -3.06722
      -3.19231		      -4.93950
      -0.52266		      -5.34516
       1.99637		      -4.08596
       3.79685		      -1.38935
       4.50054		       2.14375
       4.02303		       5.68993
       2.59590		       8.41235
       0.69997		       9.67189
      -1.07134		       9.18415
      -2.17919		       7.08176
      -2.28890		       3.86775
      -1.35894		       0.27579
       0.35549		      -2.92212
       2.38376		      -5.10752
       4.18090		      -5.95589
       5.28566		      -5.49133
       5.44881		      -4.04667
       4.69437		      -2.14647
       3.29728		      -0.35103
       1.68652		       0.89264
       0.30518		       1.35203
      -0.52848		       1.03883
      -0.71579		       0.16626
      -0.39914		      -0.94551
       0.09557		      -1.98121
       0.37678		      -2.72300
       0.12739		      -3.09629
      -0.77788		      -3.15888
      -2.21643		      -3.04332
      -3.84243		      -2.87776
      -5.18686		      -2.71684
      -5.80328		      -2.50953
      -5.41505		      -2.11680
      -4.01753		      -1.37364
      -1.90153		      -0.17314
       0.41272		       1.45882
       2.31494		       3.32819
       3.27860		       5.09511
       3.01885		       6.35301
       1.58727		       6.74427
      -0.62635		       6.07793
      -2.98887		       4.41130
      -4.79084		       2.06568
      -5.44018		      -0.43493
      -4.62839		      -2.49045
      -2.42261		      -3.58392
       0.74306		      -3.42873
       4.17518		      -2.06034
       7.09830		       0.15713
       8.85360		       2.61531
       9.06482		       4.61705
       7.72756		       5.56168
       5.19954		       5.10900
       2.09752		       3.27585
      -0.86849		       0.43720
      -3.07671		      -2.76975
      -4.14151		      -5.61263
      -3.99025		      -7.45614
      -2.85290		      -7.92619
      -1.17346		      -7.00109
       0.52646		      -5.00512
       1.79048		      -2.50843
       2.33651		      -0.16275
       2.10488		       1.47906
       1.23844		       2.10847
       0.00848		       1.73164
      -1.28465		       0.64678
      -2.40227		      -0.66152
      -3.22141		      -1.67742
      -3.73879		      -2.01114
      -4.02953		      -1.51182
      -4.18097		      -0.30342
      -4.22976		       1.26456
      -4.12837		       2.73449
      -3.75561		       3.68839
      -2.96900		       3.88000
      -1.68061		       3.31050
       0.07227		       2.22493
       2.09090		       1.03112
       4.03251		       0.16667
       5.48351		      -0.04441
       6.07151		       0.49924
       5.58375		       1.63612
       4.05467		       2.98372
       1.79086		       4.05083
      -0.68100		       4.38712
      -2.73555		       3.72504
      -3.80994		       2.07092
      -3.56118		      -0.28288
      -1.97438		      -2.82978
       0.61218		      -4.98490
       3.57663		      -6.24606
       6.16336		      -6.33351
       7.67498		      -5.26791
       7.65537		      -3.36436
       6.01380		      -1.14442
       3.05517		       0.80816
      -0.59319		       2.00648
      -4.13916		       2.18914
      -6.82597		       1.38290
      -8.12093		      -0.11642
      -7.84242		      -1.83687
      -6.19219		      -3.26803
      -3.68658		      -4.00258
      -1.00793		      -3.84127
       1.18070		      -2.83321
       2.40591		      -1.24337
       2.49339		       0.53882
       1.58937		       2.11922
       0.09275		       3.20961
      -1.47790		       3.69644
      -2.64081		       3.64968
      -3.08444		       3.27324
      -2.74039		       2.81699
      -1.77809		       2.48173
      -0.52781		       2.34952
       0.64010		       2.36222
       1.43928		       2.35429
       1.75549		       2.12726
       1.67146		       1.53908
       1.42286		       0.57589
       1.30149		      -0.62035
       1.53906		      -1.78106
       2.21103		      -2.59017
       3.19331		      -2.78933
       4.18823		      -2.27492
       4.81326		      -1.15352
       4.72610		       0.26604
       3.74671		       1.54665
       1.93680		       2.24449
      -0.39088		       2.04377
      -2.74031		       0.86379
      -4.56030		      -1.09597
      -5.39753		      -3.39049
      -5.02998		      -5.43759
      -3.54106		      -6.67245
      -1.31070		      -6.70528
       1.07649		      -5.43695
       2.98217		      -3.09792
       3.88324		      -0.19696
       3.51194		       2.60812
       1.92852		       4.68300
      -0.49372		       5.58495
      -3.16614		       5.17942
      -5.43801		       3.67226
      -6.76268		       1.54857
      -6.83180		      -0.56449
      -5.64275		      -2.07196
      -3.48392		      -2.57314
      -0.84600		      -1.96604
       1.71275		      -0.46579
       3.70785		       1.46668
       4.83796		       3.26328
       5.03515		       4.41371
       4.44790		       4.60865
       3.36863		       3.82031
       2.13290		       2.29878
       1.02310		       0.48732
       0.20529		      -1.11612
      -0.28565		      -2.10910
      -0.51449		      -2.30135
      -0.58501		      -1.76394
      -0.57645		      -0.79758
      -0.50246		       0.16899
      -0.30856		       0.71839
       0.09129		       0.57896
       0.75354		      -0.28691
       1.64461		      -1.66726
       2.60769		      -3.16236
       3.37555		      -4.30506
       3.63258		      -4.70339
       3.11147		      -4.16250
       1.69597		      -2.74922
      -0.50500		      -0.77981
      -3.14103		       1.26572
      -5.67562		       2.87772
      -7.50579		       3.66036
      -8.11803		       3.44270
      -7.23815		       2.32557
      -4.93119		       0.65167
      -1.61801		      -1.09187
       2.00321		      -2.40922
       5.11581		      -2.93088
       6.98568		      -2.50984
       7.15227		      -1.25317
       5.55742		       0.51737
       2.57495		       2.36134
      -1.07059		       3.84243
      -4.47793		       4.64191
      -6.79209		       4.63124
      -7.41889		       3.88611
      -6.17483		       2.64268
      -3.33299		       1.21389
       0.44696		      -0.10558
       4.28566		      -1.11560
       7.30387		      -1.74655
       8.83726		      -2.04766
       8.59134		      -2.13701
       6.69824		      -2.13472
       3.66440		      -2.10558
       0.22715		      -2.03280
      -2.83843		      -1.83265
      -4.90981		      -1.40411
      -5.65540		      -0.69420
      -5.08849		       0.24728
      -3.52906		       1.24772
      -1.49087		       2.03946
       0.46971		       2.33221
       1.89889		       1.91018
       2.54612		       0.72340
       2.39726		      -1.05931
       1.63891		      -3.05881
       0.57206		      -4.76154
      -0.49302		      -5.64750
      -1.32710		      -5.33779
      -1.83121		      -3.71921
      -2.03465		      -1.00734
      -2.04878		       2.27621
      -1.99806		       5.41311
      -1.95570		       7.66008
      -1.90821		       8.43992
      -1.76147		       7.50025
      -1.38545		       4.99534
      -0.68061		       1.46498
       0.35956		      -2.28765
       1.61473		      -5.39020
       2.84827		      -7.11786
       3.76308		      -7.07582
       4.08759		      -5.29934
       3.66565		      -2.24450
       2.52072		       1.32790
       0.87131		       4.54488
      -0.91148		       6.63911
      -2.39542		       7.13556
      -3.20308		       5.95900
      -3.11916		       3.43699
      -2.15676		       0.20109
      -0.56180		      -2.98397
       1.24805		      -5.41543
       2.79392		      -6.61983
       3.66512		      -6.45046
       3.63044		      -5.09391
       2.69958		      -2.99057
       1.11694		      -0.69700
      -0.70995		       1.26769
      -2.32646		       2.54830
      -3.35709		       3.02039
      -3.60525		       2.78484
      -3.09828		       2.09962
      -2.06561		       1.27565
      -0.85873		       0.57241
       0.16156		       0.12589
       0.73531		      -0.07135
       0.77722		      -0.13637
       0.39211		      -0.22475
      -0.17156		      -0.45007
      -0.61411		      -0.82399
      -0.69269		      -1.23925
      -0.30941		      -1.50228
       0.44950		      -1.40500
       1.33727		      -0.81125
       2.02659		       0.27264
       2.22124		       1.66949
       1.76376		       3.05865
       0.70356		       4.05490
      -0.69883		       4.31750
      -2.03634		       3.65740
      -2.87222		       2.10925
      -2.87546		      -0.05607
      -1.93375		      -2.38551
      -0.20781		      -4.35244
       1.89280		      -5.49105
       3.80984		      -5.51946
       4.98653		      -4.41701
       5.02659		      -2.43351
       3.81601		      -0.02743
       1.57115		       2.25018
      -1.20357		       3.89429
      -3.83968		       4.56917
      -5.67799		       4.18379
      -6.24447		       2.90077
      -5.37990		       1.07960
      -3.28711		      -0.82720
      -0.48169		      -2.39371
       2.34096		      -3.32233
       4.48643		      -3.50120
       5.44100		      -3.00524
       5.00177		      -2.04651
       3.32290		      -0.89394
       0.86686		       0.20978
      -1.72405		       1.10793
      -3.79950		       1.74974
      -4.86871		       2.16885
      -4.71917		       2.43308
      -3.45638		       2.58781
      -1.45781		       2.61692
       0.74245		       2.43826
       2.60306		       1.93729
       3.71628		       1.02794
       3.90229		      -0.28201
       3.23424		      -1.84750
       1.99230		      -3.38616
       0.56516		      -4.52978
      -0.66863		      -4.91824
      -1.44390		      -4.31118
      -1.66774		      -2.68344
      -1.42094		      -0.27163
      -0.90679		       2.44924
      -0.36808		       4.86103
      -0.00125		       6.34980
       0.10424		       6.46846
      -0.01650		       5.07000
      -0.23222		       2.37185
      -0.37718		      -1.07156
      -0.32277		      -4.48684
      -0.03318		      -7.06377
       0.41494		      -8.15632
       0.85594		      -7.45015
       1.09407		      -5.05155
       0.97765		      -1.47226
       0.46246		       2.48825
      -0.35828		       5.93402
      -1.27005		       8.08923
      -1.99623		       8.48460
      -2.28330		       7.06643
      -1.98520		       4.20143
      -1.11941		       0.57791
       0.12515		      -2.96891
       1.43344		      -5.66126
       2.45147		      -6.95992
       2.88995		      -6.67767
       2.61334		      -4.99984
       1.68617		      -2.41260
       0.36091		       0.43697
      -0.99090		       2.90797
      -1.98521		       4.51545
      -2.33864		       5.02579
      -1.95425		       4.47883
      -0.95344		       3.13894
       0.35681		       1.39670
       1.57299		      -0.34592
       2.31462		      -1.77332
       2.33920		      -2.71192
       1.61762		      -3.13479
       0.34704		      -3.12270
      -1.10424		      -2.80206
      -2.30416		      -2.28528
      -2.88573		      -1.63498
      -2.65869		      -0.86280
      -1.67074		       0.04051
      -0.19873		       1.05940
       1.32856		       2.11399
       2.45445		       3.04648
       2.82924		       3.64426
       2.31625		       3.69651
       1.03733		       3.06803
      -0.65658		       1.76536
      -2.28226		      -0.02960
      -3.36111		      -1.97558
      -3.55693		      -3.63949
      -2.77462		      -4.60138
      -1.19117		      -4.56920
       0.79061		      -3.47040
       2.65243		      -1.49141
       3.90393		       0.95031
       4.21798		       3.29866
       3.51990		       4.99366
       2.00554		       5.61372
       0.08401		       4.98672
      -1.73787		       3.23903
      -2.99570		       0.76765
      -3.39232		      -1.85807
      -2.87263		      -4.03933
      -1.62861		      -5.29722
      -0.03555		      -5.38882
       1.46015		      -4.35943
       2.46774		      -2.51869
       2.75659		      -0.34909
       2.30955		       1.62593
       1.31213		       2.97713
       0.08394		       3.47095
      -1.02428		       3.11147
      -1.73563		       2.11498
      -1.92237		       0.82874
      -1.63030		      -0.37891
      -1.04731		      -1.22327
      -0.42905		      -1.57258
      -0.00723		      -1.46373
       0.08895		      -1.06416
      -0.12692		      -0.59584
      -0.50895		      -0.24892
      -0.83586		      -0.11433
      -0.89468		      -0.15742
      -0.56313		      -0.24046
       0.13753		      -0.18504
       1.03771		       0.14797
       1.86612		       0.78957
       2.33433		       1.63044
       2.23309		       2.43878
       1.50962		       2.92576
       0.29991		       2.83934
      -1.09646		       2.05712
      -2.29419		       0.64726
      -2.93134		      -1.12504
      -2.77790		      -2.85217
      -1.81115		      -4.08768
      -0.23409		      -4.47085
       1.57059		      -3.83638
       3.13949		      -2.27586
       4.05340		      -0.13027
       4.05273		       2.08779
       3.11068		       3.82326
       1.44291		       4.62469
      -0.54917		       4.26705
      -2.38568		       2.81657
      -3.63563		       0.61861
      -4.02881		      -1.78928
      -3.52129		      -3.81586
      -2.29743		      -4.96903
      -0.70985		      -4.98126
       0.82368		      -3.87418
       1.93551		      -1.94569
       2.40259		       0.31538
       2.19400		       2.36205
       1.46086		       3.73214
       0.47472		       4.16221
      -0.46367		       3.64272
      -1.11619		       2.40226
      -1.37121		       0.82874
      -1.26170		      -0.64701
      -0.93431		      -1.67035
      -0.58270		      -2.05116
      -0.36902		      -1.79818
      -0.36109		      -1.09342
      -0.50707		      -0.21865
      -0.65640		       0.54055
      -0.62012		       0.98252
      -0.25020		       1.04242
       0.49004		       0.79629
       1.48999		       0.41810
       2.50573		       0.10668
       3.22320		       0.00838
       3.35377		       0.16201
       2.73320		       0.48431
       1.39255		       0.80067
      -0.42435		       0.91044
      -2.30660		       0.66457
      -3.77648		       0.02898
      -4.41837		      -0.88881
      -4.00024		      -1.86047
      -2.55201		      -2.60061
      -0.37575		      -2.85457
       2.01870		      -2.48316
       4.03812		      -1.51687
       5.15813		      -0.16093
       5.06235		       1.25293
       3.73016		       2.35566
       1.44825		       2.84560
      -1.25820		       2.57803
      -3.75702		       1.61213
      -5.46814		       0.20052
      -6.00815		      -1.27717
      -5.28197		      -2.41831
      -3.49874		      -2.90925
      -1.10925		      -2.61289
       1.31595		      -1.60646
       3.23352		      -0.15861
       4.25953		       1.34768
       4.25262		       2.52352
       3.32904		       3.08237
       1.80987		       2.91692
       0.11963		       2.12263
      -1.33248		       0.96223
      -2.25457		      -0.21713
      -2.53050		      -1.08855
      -2.22272		      -1.44036
      -1.52434		      -1.23316
      -0.68041		      -0.60283
       0.09428		       0.19003
       0.67451		       0.84750
       1.04431		       1.13086
       1.27414		       0.93595
       1.46764		       0.32423
       1.69949		      -0.49975
       1.96869		      -1.25696
       2.18550		      -1.68658
       2.19823		      -1.63318
       1.85176		      -1.10065
       1.05785		      -0.25516
      -0.14801		       0.62446
      -1.58562		       1.23417
      -2.95654		       1.34291
      -3.91477		       0.87091
      -4.16329		      -0.07723
      -3.54866		      -1.23621
      -2.12403		      -2.25471
      -0.15866		      -2.79969
       1.91330		      -2.65897
       3.59450		      -1.81080
       4.45080		      -0.43845
       4.22837		       1.11600
       2.92855		       2.44643
       0.81842		       3.19865
      -1.62794		       3.17373
      -3.84327		       2.38786
      -5.30659		       1.07046
      -5.67159		      -0.39974
      -4.85043		      -1.60255
      -3.03133		      -2.19684
      -0.62666		      -2.01876
       1.83332		      -1.12861
       3.83159		       0.20722
       4.98566		       1.59416
       5.12821		       2.62443
       4.32870		       2.99529
       2.85486		       2.59604
       1.08872		       1.53834
      -0.57636		       0.12131
      -1.82877		      -1.25800
      -2.49791		      -2.22211
      -2.56806		      -2.52367
      -2.14947		      -2.11657
      -1.42156		      -1.16676
      -0.57001		      -0.00002
       0.26148		       0.99752
       0.99139		       1.49635
       1.59052		       1.32305
       2.05138		       0.51294
       2.35333		      -0.69976
       2.44118		      -1.95109
       2.22904		      -2.85534
       1.63093		      -3.11978
       0.60847		      -2.63226
      -0.78260		      -1.49597
      -2.36721		      -0.00119
      -3.86254		       1.45754
      -4.93021		       2.49440
      -5.25963		       2.84255
      -4.66068		       2.42959
      -3.13799		       1.39686
      -0.92120		       0.05744
       1.56389		      -1.19407
       3.78190		      -1.99371
       5.21402		      -2.10955
       5.49187		      -1.50383
       4.50280		      -0.33900
       2.43565		       1.07246
      -0.24935		       2.35847
      -2.92282		       3.19109
      -4.93666		       3.37345
      -5.78496		       2.88614
      -5.23316		       1.88177
      -3.38092		       0.63184
      -0.64100		      -0.55591
       2.36122		      -1.42421
       4.94193		      -1.83147
       6.52652		      -1.77802
       6.78735		      -1.38847
       5.71631		      -0.85894
       3.61482		      -0.38821
       1.00631		      -0.11558
      -1.50355		      -0.08461
      -3.38019		      -0.24272
      -4.28627		      -0.47393
      -4.14904		      -0.65144
      -3.15424		      -0.69040
      -1.67330		      -0.58174
      -0.14782		      -0.39507
       1.03363		      -0.24953
       1.63192		      -0.26300
       1.60198		      -0.49807
       1.07750		      -0.92479
       0.30551		      -1.41547
      -0.44529		      -1.77601
      -0.97203		      -1.80595
      -1.19391		      -1.36915
      -1.16172		      -0.45164
      -1.02049		       0.81366
      -0.94055		       2.16700
      -1.04224		       3.28410
      -1.34060		       3.86482
      -1.72990		       3.72306
      -2.01394		       2.85027
      -1.97321		       1.43188
      -1.44709		      -0.19139
      -0.40376		      -1.60925
       1.02644		      -2.45183
       2.56774		      -2.49356
       3.86399		      -1.72051
       4.57472		      -0.34089
       4.47487		       1.26623
       3.52829		       2.65105
       1.91204		       3.41471
      -0.01810		       3.31880
      -1.81313		       2.35152
      -3.04512		       0.73188
      -3.41896		      -1.14990
      -2.85095		      -2.83871
      -1.49207		      -3.93798
       0.31020		      -4.21510
       2.10133		      -3.65967
       3.43555		      -2.47861
       3.98692		      -1.03074
       3.62610		       0.27937
       2.44385		       1.11698
       0.71724		       1.30880
      -1.16935		       0.88455
      -2.82485		       0.05787
      -3.94548		      -0.84636
      -4.37753		      -1.49531
      -4.13498		      -1.65058
      -3.37162		      -1.23886
      -2.32059		      -0.37025
      -1.22226		       0.70040
      -0.26291		       1.65643
       0.45908		       2.22053
       0.93322		       2.24264
       1.20819		       1.74750
       1.34903		       0.92710
       1.39799		       0.08011
       1.35453		      -0.48302
       1.18158		      -0.54037
       0.83493		      -0.03304
       0.30323		       0.90946
      -0.35876		       2.00185
      -1.01930		       2.88487
      -1.48998		       3.23251
      -1.57474		       2.85286
      -1.13439		       1.75229
      -0.14621		       0.14302
       1.26263		      -1.60939
       2.82281		      -3.08425
       4.17508		      -3.92196
       4.95648		      -3.92503
       4.89852		      -3.11455
       3.90968		      -1.72606
       2.11686		      -0.14550
      -0.14911		       1.19649
      -2.42409		       1.94207
      -4.22086		       1.90246
      -5.15096		       1.10638
      -5.02531		      -0.21208
      -3.90565		      -1.68158
      -2.09168		      -2.89724
      -0.04615		      -3.53030
       1.72268		      -3.41285
       2.79010		      -2.57528
       2.92078		      -1.22793
       2.12351		       0.30528
       0.64081		       1.68005
      -1.12234		       2.62411
      -2.70985		       3.00261
      -3.73457		       2.83977
      -3.97403		       2.29356
      -3.41682		       1.59449
      -2.24918		       0.96936
      -0.78871		       0.57418
       0.61313		       0.45630
       1.67003		       0.55501
       2.23264		       0.73776
       2.31376		       0.85742
       2.06253		       0.81002
       1.69857		       0.57314
       1.42918		       0.21217
       1.37693		      -0.14702
       1.54063		      -0.36890
       1.80177		      -0.36462
       1.97311		      -0.13325
       1.87270		       0.22722
       1.39820		       0.54499
       0.57592		       0.62892
      -0.43287		       0.33567
      -1.37253		      -0.37255
      -1.96926		      -1.39946
      -2.02005		      -2.52730
      -1.46617		      -3.46934
      -0.42691		      -3.94888
       0.81940		      -3.78192
       1.90456		      -2.93854
       2.47149		      -1.56334
       2.27874		       0.05340
       1.27770		       1.54757
      -0.36108		       2.57710
      -2.28213		       2.91500
      -4.03221		       2.51291
      -5.17723		       1.51649
      -5.41719		       0.22737
      -4.66695		      -0.97815
      -3.08056		      -1.75116
      -1.01207		      -1.86443
       1.07637		      -1.27252
       2.73355		      -0.12121
       3.63293		       1.29565
       3.65025		       2.61888
       2.88503		       3.52231
       1.62198		       3.79854
       0.24532		       3.40857
      -0.86865		       2.48245
      -1.44989		       1.27292
      -1.39714		       0.07742
      -0.78946		      -0.84742
       0.15340		      -1.35344
       1.14686		      -1.43172
       1.92898		      -1.19932
       2.33297		      -0.84856
       2.32410		      -0.57667
       1.99221		      -0.51896
       1.50544		      -0.70698
       1.04246		      -1.06410
       0.72673		      -1.43907
       0.58468		      -1.66504
       0.54127		      -1.62393
       0.45385		      -1.29366
       0.17224		      -0.76206
      -0.39560		      -0.20147
      -1.23533		       0.18834
      -2.21290		       0.25072
      -3.10283		      -0.06697
      -3.65106		      -0.68355
      -3.65414		      -1.39693
      -3.03013		      -1.93849
      -1.85831		      -2.05405
      -0.37328		      -1.58733
       1.08752		      -0.53984
       2.16984		       0.91312
       2.59878		       2.45796
       2.25756		       3.72220
       1.22600		       4.37650
      -0.23357		       4.23028
      -1.74013		       3.29256
      -2.89090		       1.77898
      -3.36512		       0.06062
      -3.00672		      -1.43240
      -1.86352		      -2.32676
      -0.17325		      -2.40857
       1.69901		      -1.68386
       3.35393		      -0.37883
       4.45582		       1.12061
       4.80946		       2.37400
       4.39666		       3.00686
       3.36560		       2.81304
       1.97942		       1.81030
       0.54102		       0.23395
      -0.68319		      -1.52935
      -1.52006		      -3.04853
      -1.91349		      -3.96527
      -1.91305		      -4.08862
      -1.63597		      -3.44104
      -1.21797		      -2.24392
      -0.77061		      -0.84837
      -0.35828		       0.36784
       0.00015		       1.10681
       0.30945		       1.23019
       0.56784		       0.78984
       0.74328		       0.00251
       0.76816		      -0.82243
       0.55734		      -1.37956
       0.04457		      -1.45905
      -0.77513		      -1.00662
      -1.81427		      -0.13509
      -2.88770		       0.91470
      -3.74099		       1.85022
      -4.10933		       2.41732
      -3.79239		       2.47631
      -2.72414		       2.04172
      -1.01464		       1.27441
       1.05244		       0.42931
       3.07148		      -0.22444
       4.60617		      -0.48655
       5.29850		      -0.28641
       4.96630		       0.29611
       3.66158		       1.05588
       1.67110		       1.72547
      -0.54460		       2.05651
      -2.46016		       1.89486
      -3.61523		       1.22734
      -3.73149		       0.18626
      -2.78519		      -0.98868
      -1.01538		      -2.01941
       1.13537		      -2.66833
       3.13257		      -2.80388
       4.48447		      -2.43369
       4.86431		      -1.69687
       4.18814		      -0.81886
       2.62848		      -0.04350
       0.56188		       0.43676
      -1.53420		       0.53193
      -3.20577		       0.27259
      -4.13432		      -0.20871
      -4.20690		      -0.72517
      -3.52757		      -1.09634
      -2.37037		      -1.20247
      -1.09029		      -1.01585
      -0.01956		      -0.60079
       0.62041		      -0.08405
       0.76751		       0.39311
       0.51642		       0.72417
       0.06954		       0.87142
      -0.34069		       0.87349
      -0.53225		       0.82449
      -0.43131		       0.83255
      -0.09002		       0.97274
       0.33982		       1.25144
       0.66722		       1.59551
       0.73576		       1.87159
       0.48565		       1.93029
      -0.01678		       1.66128
      -0.59300		       1.04092
      -1.00608		       0.15510
      -1.03839		      -0.81252
      -0.56874		      -1.62608
       0.37589		      -2.06489
       1.61170		      -1.99284
       2.83763		      -1.40808
       3.71349		      -0.45584
       3.95524		       0.60210
       3.41999		       1.45504
       2.15553		       1.83012
       0.39897		       1.57351
      -1.47684		       0.70173
      -3.05543		      -0.59338
      -3.98262		      -1.98967
      -4.05759		      -3.11862
      -3.28428		      -3.66564
      -1.86946		      -3.45857
      -0.16842		      -2.51876
       1.40629		      -1.05955
       2.48836		       0.56863
       2.84562		       1.97178
       2.43017		       2.81872
       1.37938		       2.93030
      -0.02971		       2.32656
      -1.45764		       1.21821
      -2.58889		      -0.05473
      -3.20404		      -1.11979
      -3.22010		      -1.67664
      -2.69172		      -1.57964
      -1.77772		      -0.87515
      -0.68661		       0.21640
       0.38082		       1.36792
       1.27504		       2.24219
       1.91706		       2.58944
       2.29239		       2.31747
       2.42673		       1.51461
       2.35632		       0.41945
       2.10584		      -0.65281
       1.68282		      -1.40513
       1.08985		      -1.64633
       0.34820		      -1.34573
      -0.47886		      -0.63928
      -1.27580		       0.21436
      -1.88621		       0.91395
      -2.14687		       1.20807
      -1.93646		       0.97193
      -1.22437		       0.24609
      -0.10214		      -0.77436
       1.21619		      -1.79674
       2.43063		      -2.51684
       3.22287		      -2.70855
       3.33917		      -2.29087
       2.66598		      -1.35276
       1.27546		      -0.12877
      -0.57486		       1.06700
      -2.49237		       1.92923
      -4.03959		       2.24639
      -4.84231		       1.95799
      -4.68731		       1.16849
      -3.58291		       0.11455
