      31.61154		      -1.78321
      25.51905		     -18.10160
      11.10321		     -27.61589
      -5.87686		     -26.74251
     -18.68963		     -16.08256
     -22.34051		      -0.15055
     -15.56511		      14.46728
      -1.30997		      21.77456
      14.48212		      18.77103
      25.28241		       6.63805
      26.60518		      -9.76459
      17.79726		     -23.87636
       2.27515		     -30.08291
     -13.87445		     -25.96414
     -24.35639		     -13.24284
     -25.19459		       2.93732
     -16.30930		      16.10235
      -1.51782		      21.05693
      13.03011		      15.96001
      21.34160		       3.03699
      19.98761		     -12.34700
       9.46109		     -23.86783
      -6.05094		     -26.79108
     -20.37717		     -19.86203
     -27.85498		      -5.78307
     -25.59902		       9.90161
     -14.63624		      21.05313
       0.53911		      23.40521
      13.79864		      16.25896
      19.85337		       2.73124
      16.36916		     -11.53117
       4.87726		     -20.64191
      -9.87505		     -20.84164
     -21.85948		     -11.98966
     -26.19887		       2.41055
     -21.11544		      16.64900
      -8.61750		      25.11959
       6.33970		      24.56781
      17.86799		      15.37409
      21.51586		       1.36661
      16.03932		     -11.74761
       3.86873		     -18.69064
      -9.90343		     -16.72713
     -19.59339		      -6.73687
     -21.21384		       7.17416
     -14.05833		      19.35357
      -0.95324		      24.88632
      12.91029		      21.55967
      22.08141		      10.72414
      23.03735		      -3.28370
      15.57518		     -14.91022
       2.85767		     -19.62343
      -9.89142		     -15.71832
     -17.50471		      -4.96902
     -16.94327		       8.12162
      -8.49222		      18.15897
       4.39009		      21.03110
      16.49427		      15.54474
      22.96839		       3.87236
      21.25962		      -9.35555
      12.11196		     -18.93356
      -0.76934		     -21.17341
     -12.23649		     -15.36370
     -17.77864		      -4.01921
     -15.32136		       8.16613
      -6.02793		      16.22741
       6.20711		      16.92260
      16.35338		      10.01137
      20.27584		      -1.68526
      16.38193		     -13.45329
       6.22907		     -20.59837
      -6.13815		     -20.32659
     -15.83898		     -12.83972
     -19.12159		      -1.21613
     -14.85028		       9.85945
      -4.92514		      15.99312
       6.52026		      14.83748
      14.80543		       7.00379
      16.58589		      -4.22372
      11.17515		     -14.24069
       0.78343		     -18.98596
     -10.40746		     -16.56129
     -17.94623		      -7.96204
     -18.89806		       3.36149
     -12.99789		      12.91978
      -2.71789		      16.99556
       7.76204		      14.11977
      14.25260		       5.62564
      14.23194		      -4.92769
       7.82965		     -13.21418
      -2.26595		     -15.88499
     -11.92378		     -11.89451
     -17.24639		      -2.88364
     -16.12672		       7.51852
      -9.06353		      15.17801
       1.07908		      17.11777
      10.25501		      12.68977
      14.87342		       3.79617
      13.22689		      -5.91380
       6.14235		     -12.53266
      -3.39308		     -13.46200
     -11.46441		      -8.42939
     -14.81129		       0.44290
     -12.12119		       9.52867
      -4.52063		      15.17469
       4.91809		      15.16240
      12.43969		       9.56961
      15.11918		       0.69831
      12.01555		      -7.88583
       4.51090		     -12.80146
      -4.28566		     -12.19916
     -10.81350		      -6.47092
     -12.49221		       1.94992
      -8.73386		       9.60129
      -1.13883		      13.39655
       7.18714		      11.85089
      12.90409		       5.64297
      13.77709		      -2.69961
       9.54644		      -9.84738
       1.99083		     -13.01491
      -5.82545		     -11.06143
     -10.80300		      -4.91113
     -11.04525		       2.86043
      -6.58915		       9.09078
       0.65253		      11.30621
       7.69706		       8.69409
      11.70690		       2.38981
      11.11938		      -5.02088
       6.24119		     -10.56732
      -0.91737		     -12.08840
      -7.48443		      -9.07565
     -10.89255		      -2.83653
      -9.89501		       4.07102
      -5.03030		       8.88942
       1.63755		       9.76590
       7.38084		       6.46825
       9.91310		       0.43549
       8.28941		      -5.83956
       3.24780		      -9.83222
      -3.12983		      -9.99338
      -8.28383		      -6.34071
     -10.20985		      -0.40880
      -8.24188		       5.40425
      -3.27971		       8.81626
       2.61433		       8.56639
       7.07055		       4.88724
       8.36448		      -0.63220
       6.08405		      -5.72024
       1.25338		      -8.34796
      -4.11959		      -7.52956
      -7.87355		      -3.68195
      -8.55896		       1.58597
      -5.99184		       6.15213
      -1.28523		       8.24240
       3.63690		       7.12439
       6.83233		       3.36301
       7.11320		      -1.44927
       4.49135		      -5.36196
       0.13015		      -6.85474
      -4.16038		      -5.42584
      -6.66727		      -1.75327
      -6.45162		       2.61971
      -3.69161		       5.93139
       0.43246		       6.91006
       4.24725		       5.25925
       6.27093		       1.73532
       5.79319		      -2.19700
       3.12382		      -4.97614
      -0.57500		      -5.56741
      -3.78810		      -3.84969
      -5.26452		      -0.62138
      -4.50122		       2.75958
      -1.90660		       4.94118
       1.40635		       5.11322
       4.09682		       3.30118
       5.13931		       0.31300
       4.21326		      -2.62242
       1.79169		      -4.36488
      -1.09046		      -4.30936
      -3.27835		      -2.59475
      -3.96154		      -0.00485
      -2.97378		       2.38128
      -0.81835		       3.63511
       1.57458		       3.33649
       3.24479		       1.70608
       3.58429		      -0.52621
       2.55297		      -2.44652
       0.65259		      -3.33239
      -1.31328		      -2.92421
      -2.58143		      -1.49122
      -2.72788		       0.31878
      -1.80677		       1.76870
      -0.28594		       2.33248
       1.17759		       1.88414
       2.01731		       0.70864
       1.97354		      -0.65377
       1.16392		      -1.65063
      -0.00637		      -1.93954
      -1.04148		      -1.50037
      -1.56591		      -0.60263
      -1.46026		       0.34237
      -0.87324		       0.96915
      -0.11983		       1.10110
       0.47661		       0.79306
       0.72217		       0.26776
       0.61168		      -0.21152
       0.29311		      -0.46575
      -0.03324		      -0.46457
      -0.22369		      -0.30764
      -0.25301		      -0.14291
      -0.20269		      -0.07154
      -0.18930		      -0.09208
      -0.27760		      -0.11237
      -0.42939		      -0.01981
      -0.51885		       0.23188
      -0.40809		       0.57083
      -0.04245		       0.82452
       0.48880		       0.80394
       0.96651		       0.41470
       1.13332		      -0.26399
       0.82471		      -0.98054
       0.07548		      -1.40448
      -0.85753		      -1.27738
      -1.58041		      -0.55331
      -1.72794		       0.54263
      -1.14050		       1.57732
       0.03125		       2.07995
       1.35238		       1.75269
       2.26382		       0.62822
       2.31811		      -0.90442
       1.39144		      -2.23173
      -0.22623		      -2.76222
      -1.91554		      -2.18829
      -2.96560		      -0.64836
      -2.87407		       1.29142
      -1.58293		       2.84375
       0.45861		       3.32028
       2.44534		       2.43508
       3.53251		       0.45851
       3.19303		      -1.85596
       1.46484		      -3.55711
      -1.02563		      -3.88547
      -3.28861		      -2.60774
      -4.36517		      -0.14961
      -3.73314		       2.54201
      -1.55330		       4.36545
       1.35792		       4.51763
       3.83322		       2.84772
       4.82375		      -0.04365
       3.84393		      -3.01516
       1.20368		      -4.83318
      -2.08041		      -4.68164
      -4.67359		      -2.52275
      -5.46309		       0.84968
      -4.03115		       4.10109
      -0.86033		       5.88558
       2.82650		       5.40373
       5.54085		       2.75758
       6.13372		      -1.05346
       4.28511		      -4.50920
       0.66970		      -6.17640
      -3.28282		      -5.30460
      -5.94929		      -2.16249
      -6.17594		       2.03449
      -3.77184		       5.59054
       0.37727		       7.01139
       4.63572		       5.62714
       7.26526		       1.89690
       7.13693		      -2.74171
       4.21565		      -6.43126
      -0.38976		      -7.64448
      -4.84586		      -5.82233
      -7.32517		      -1.63395
      -6.75696		       3.26054
      -3.28979		       6.86181
       1.73328		       7.64194
       6.29077		       5.18522
       8.49235		       0.39069
       7.35750		      -4.85916
       3.24247		      -8.44240
      -2.26920		      -8.86011
      -6.98228		      -5.86659
      -8.97228		      -0.60257
      -7.37982		       4.83610
      -2.78901		       8.23188
       2.97576		       8.14972
       7.56570		       4.54321
       9.05553		      -1.19281
       6.74076		      -6.75810
       1.45447		      -9.86574
      -4.73735		      -9.17673
      -9.35125		      -4.86833
     -10.49076		       1.40433
      -7.63306		       7.15136
      -1.87174		      10.04604
       4.49528		       8.87749
       8.87826		       4.06777
       9.44619		      -2.46676
       5.88921		      -8.06693
      -0.42433		     -10.40045
      -6.97239		      -8.41962
     -11.08457		      -2.81383
     -11.02752		       4.23758
      -6.72886		       9.92460
       0.16226		      11.93901
       6.91507		       9.42326
      10.80937		       3.34558
      10.24314		      -3.86198
       5.40417		      -9.26828
      -1.77550		     -10.62790
      -8.37635		      -7.30719
     -11.66319		      -0.56976
     -10.20157		       6.90570
      -4.46334		      12.09164
       3.33379		      12.83729
      10.09963		       8.75736
      13.11374		       1.41661
      11.13672		      -6.27592
       4.93628		     -11.22871
      -2.99480		     -11.42151
      -9.42662		      -6.74236
     -11.69439		       0.93889
      -8.79018		       8.50183
      -1.79685		      12.82578
       6.52164		      12.05811
      12.81900		       6.38520
      14.51739		      -2.01434
      10.86458		      -9.82657
       3.26390		     -13.93188
      -5.26689		     -12.67355
     -11.29954		      -6.54896
     -12.38171		       1.96503
      -8.04484		       9.39277
      -0.01934		      12.65866
       8.44041		      10.34115
      13.85838		       3.27079
      13.94508		      -5.77861
       8.54142		     -13.19143
      -0.29085		     -15.96653
      -9.07868		     -12.94139
     -14.32935		      -5.28459
     -13.94603		       3.95176
      -8.09313		      11.04868
       0.84593		      13.12120
       9.21155		       9.29746
      13.53887		       1.09417
      11.96554		      -8.17279
       5.00468		     -14.71380
      -4.63731		     -15.79709
     -13.13427		     -10.86752
     -17.07874		      -1.79429
     -14.86639		       7.86139
      -7.36349		      14.27182
       2.42039		      14.89038
      10.53140		       9.49494
      13.66467		       0.29927
      10.50974		      -8.92171
       2.30030		     -14.34766
      -7.66200		     -13.66104
     -15.32606		      -7.00067
     -17.52566		       3.07134
     -13.26987		      12.58464
      -4.16382		      17.75508
       6.21820		      16.51766
      13.76253		       9.37642
      15.47634		      -0.77881
      10.70783		      -9.82324
       1.42843		     -14.05760
      -8.54498		     -11.70972
     -15.08152		      -3.66791
     -15.40713		       6.85727
      -9.23916		      15.61414
       1.07881		      19.02265
      11.50425		      15.62828
      17.91758		       6.70680
      17.78730		      -4.23148
      11.20468		     -12.84525
       0.86456		     -15.71211
      -9.00749		     -11.71902
     -14.35504		      -2.52797
     -12.93393		       8.07821
      -5.23332		      15.71277
       5.70315		      17.15669
      15.49104		      11.66976
      20.16925		       1.30743
      17.80452		      -9.89115
       9.28592		     -17.52255
      -2.01693		     -18.59609
     -11.60098		     -12.75042
     -15.64326		      -2.41423
     -12.55028		       8.16039
      -3.61485		      14.60773
       7.49066		      14.21422
      16.18636		       7.02614
      18.83239		      -4.15247
      14.20675		     -14.87714
       4.01377		     -20.84974
      -7.78766		     -19.65594
     -16.57070		     -11.75046
     -18.90554		      -0.28794
     -13.95007		      10.13826
      -3.80176		      15.34508
       7.33694		      13.25207
      14.84810		       4.73214
      15.56399		      -6.72753
       9.05540		     -16.42292
      -2.18073		     -20.32910
     -13.71555		     -16.73056
     -20.96771		      -6.92584
     -21.05242		       5.28247
     -13.95319		      15.11153
      -2.54004		      18.72456
       8.57831		      14.78300
      14.90930		       4.99582
      13.89182		      -6.56013
       5.93843		     -15.07919
      -5.71988		     -16.96678
     -16.32822		     -11.29757
     -21.52297		      -0.20085
     -19.09614		      11.98658
      -9.89561		      20.46216
       2.50544		      21.89371
      13.24061		      15.76857
      18.10932		       4.60895
      15.27355		      -7.03736
       6.00588		     -14.42748
      -5.81609		     -14.53832
     -15.26897		      -7.29294
     -18.36996		       4.39916
     -13.68929		      15.80774
      -2.93666		      22.28612
       9.71821		      21.14746
      19.32006		      12.75503
      22.12412		       0.38453
      17.10894		     -11.08942
       6.39401		     -17.15541
      -5.60932		     -15.48550
     -13.97386		      -6.87857
     -15.24496		       5.05634
      -8.83901		      15.35178
       2.71397		      19.68530
      14.78399		      16.12692
      22.50466		       5.92476
      22.73593		      -6.99022
      15.33442		     -17.58295
       3.21712		     -21.74155
      -8.80932		     -17.93582
     -15.98362		      -7.83719
     -15.50976		       4.35195
      -7.68700		      13.59108
       4.20734		      16.03523
      15.23694		      10.58914
      20.79695		      -0.64572
      18.47363		     -13.21341
       9.02251		     -22.09685
      -3.93041		     -23.73988
     -15.34569		     -17.48269
     -20.79901		      -5.83083
     -18.26391		       6.55184
      -8.92926		      14.72149
       3.27923		      15.44723
      13.28166		       8.51478
      16.89336		      -3.18563
      12.51479		     -14.82351
       1.77985		     -21.57589
     -11.09940		     -20.57338
     -21.02826		     -12.05972
     -24.08166		       0.70321
     -19.08604		      12.74720
      -8.09265		      19.39788
       4.44883		      18.15698
      13.48374		       9.70784
      15.38987		      -2.36159
       9.43767		     -13.00680
      -1.91595		     -17.76220
     -14.01857		     -14.54316
     -21.89852		      -4.48807
     -22.26975		       8.49907
     -14.85716		      19.32079
      -2.50810		      23.73912
       9.95435		      20.08172
      17.67392		       9.91362
      17.71608		      -2.59585
      10.24774		     -12.35520
      -1.53383		     -15.40350
     -12.69324		     -10.50622
     -18.54905		       0.34901
     -16.56201		      12.75571
      -7.35865		      21.66623
       5.52174		      23.42654
      17.05368		      17.24782
      22.74945		       5.52250
      20.46460		      -7.14157
      11.25759		     -15.77819
      -1.04169		     -17.06220
     -11.37924		     -10.64518
     -15.51545		       0.70974
     -11.73272		      12.24692
      -1.52450		      19.13866
      11.01040		      18.43192
      20.82244		      10.23704
      23.94646		      -2.31932
      19.09709		     -14.35615
       8.18234		     -21.20447
      -4.46953		     -20.28514
     -13.85631		     -12.14176
     -16.31626		      -0.21421
     -10.99870		      10.55369
      -0.19963		      15.70943
      11.57089		      13.08504
      19.41116		       3.66649
      20.00422		      -8.80921
      12.95181		     -19.36391
       0.93015		     -23.78488
     -11.39256		     -20.31866
     -19.23798		     -10.37100
     -19.63930		       2.06651
     -12.62898		      12.02931
      -1.21600		      15.58015
       9.83507		      11.39045
      15.92848		       1.26716
      14.48846		     -10.58448
       5.99189		     -19.26173
      -6.23104		     -21.14127
     -17.34436		     -15.33544
     -22.95605		      -4.04311
     -20.88343		       8.34272
     -12.02408		      17.00759
       0.01542		      18.65222
      10.37961		      12.81333
      14.92200		       2.03872
      11.87093		      -9.14999
       2.53391		     -16.08552
      -9.23994		     -15.83533
     -18.61858		      -8.37731
     -21.73591		       3.40019
     -17.24496		      14.86958
      -6.85187		      21.53079
       5.38042		      20.82000
      14.67389		      13.13251
      17.45851		       1.65149
      12.80171		      -8.94413
       2.77103		     -14.36823
      -8.41166		     -12.45016
     -16.07931		      -3.99923
     -17.00077		       7.53370
     -10.67614		      17.45593
       0.47219		      21.72640
      12.08500		      18.57887
      19.62635		       9.22311
      20.20700		      -2.65392
      13.73744		     -12.38068
       2.94968		     -16.18276
      -7.71552		     -12.69484
     -13.90340		      -3.49665
     -13.09649		       7.53825
      -5.61838		      15.81306
       5.51028		      17.86149
      15.79992		      12.73759
      21.10470		       2.38496
      19.28789		      -9.15782
      11.07084		     -17.39002
      -0.27140		     -19.15883
     -10.23936		     -13.91806
     -14.92343		      -3.93214
     -12.57106		       6.65074
      -4.27794		      13.47771
       6.46980		      13.74307
      15.21204		       7.30805
      18.31450		      -3.25817
      14.42630		     -13.72640
       5.01096		     -19.91669
      -6.25685		     -19.37777
     -14.97976		     -12.36173
     -17.80748		      -1.70654
     -13.77505		       8.31986
      -4.67428		      13.74282
       5.68506		      12.47550
      13.02021		       5.14447
      14.30059		      -5.18055
       8.95836		     -14.23724
      -0.89875		     -18.29233
     -11.35137		     -15.63926
     -18.25461		      -7.27152
     -18.90421		       3.53346
     -13.11260		      12.54502
      -3.26665		      16.28381
       6.64916		      13.41260
      12.66423		       5.25676
      12.41636		      -4.74862
       6.08831		     -12.45505
      -3.68479		     -14.67348
     -12.89283		     -10.44921
     -17.77242		      -1.42967
     -16.31731		       8.81590
      -9.07176		      16.24353
       1.10657		      17.96132
      10.21080		      13.38102
      14.70141		       4.43566
      12.92237		      -5.21683
       5.74966		     -11.67630
      -3.78227		     -12.36827
     -11.71771		      -7.06658
     -14.77678		       2.03546
     -11.66771		      11.22627
      -3.58975		      16.77926
       6.26831		      16.44957
      14.02431		      10.36306
      16.66591		       0.94610
      13.25124		      -8.06747
       5.26793		     -13.14543
      -3.98613		     -12.37190
     -10.74306		      -6.20061
     -12.28171		       2.74991
      -8.01021		      10.76815
       0.31619		      14.55041
       9.32158		      12.52375
      15.37953		       5.46182
      16.07081		      -3.84686
      11.14270		     -11.73616
       2.58989		     -15.14059
      -6.16721		     -12.81838
     -11.66791		      -5.83066
     -11.79915		       2.90781
      -6.62865		       9.81725
       1.64536		      12.09604
       9.59874		       8.83691
      13.96859		       1.37142
      12.96118		      -7.28745
       6.95670		     -13.67140
      -1.66553		     -15.25256
      -9.50173		     -11.44711
     -13.49878		      -3.82846
     -12.17361		       4.52697
      -6.18962		      10.28946
       1.93403		      11.21332
       8.85410		       7.02444
      11.75362		      -0.49294
       9.46572		      -8.23597
       2.92259		     -13.04314
      -5.24247		     -12.96304
     -11.77051		      -8.02293
     -14.09036		      -0.19497
     -11.34068		       7.41687
      -4.69435		      11.83367
       3.13652		      11.39299
       9.00620		       6.39793
      10.60113		      -1.02963
       7.35604		      -7.82301
       0.65773		     -11.21214
      -6.73621		      -9.83024
     -11.82062		      -4.24359
     -12.55045		       3.30035
      -8.64780		       9.79513
      -1.69013		      12.68947
       5.54599		      10.90259
      10.21262		       5.23693
      10.53126		      -1.96934
       6.48962		      -7.79999
      -0.17896		      -9.93664
      -6.71499		      -7.57854
     -10.45310		      -1.74121
      -9.88850		       5.17670
      -5.26289		      10.37437
       1.55759		      11.77631
       7.85323		       8.85281
      11.15185		       2.80904
      10.21414		      -3.92319
       5.51051		      -8.67703
      -0.99393		      -9.62099
      -6.64926		      -6.47827
      -9.19213		      -0.61242
      -7.64527		       5.54503
      -2.68768		       9.48530
       3.64414		       9.62784
       8.79354		       5.93780
      10.71526		      -0.08537
       8.68512		      -6.03316
       3.56742		      -9.56632
      -2.55767		      -9.34887
      -7.24677		      -5.56463
      -8.67634		       0.18321
      -6.36049		       5.53851
      -1.32085		       8.34790
       4.34955		       7.51823
       8.34319		       3.43418
       9.06478		      -2.22289
       6.25598		      -7.17129
       1.07368		      -9.45239
      -4.39908		      -8.20721
      -8.00304		      -3.99850
      -8.36664		       1.44178
      -5.43812		       5.92735
      -0.47948		       7.69989
       4.46444		       6.12258
       7.39905		       1.91122
       7.17582		      -3.18001
       3.93336		      -7.08122
      -0.98519		      -8.24041
      -5.59429		      -6.23233
      -8.07269		      -1.90406
      -7.48679		       2.99090
      -4.14363		       6.51242
       0.55961		       7.31199
       4.71794		       5.15721
       6.69040		       0.99845
       5.74854		      -3.43822
       2.34526		      -6.35832
      -2.09438		      -6.61672
      -5.76552		      -4.15878
      -7.21292		      -0.01535
      -5.90278		       4.13532
      -2.41249		       6.65309
       1.82792		       6.58883
       5.12775		       4.04474
       6.21619		       0.10594
       4.73743		      -3.61824
       1.36748		      -5.64982
      -2.48379		      -5.22742
      -5.25501		      -2.58959
      -5.85980		       1.14862
      -4.10604		       4.46515
      -0.74636		       6.04906
       2.84934		       5.31647
       5.25785		       2.62123
       5.57063		      -0.91436
       3.73947		      -3.86992
       0.56854		      -5.10152
      -2.63291		      -4.18784
      -4.58790		      -1.57419
      -4.55864		       1.63347
      -2.62187		       4.13078
       0.38961		       4.94065
       3.24442		       3.79052
       4.81637		       1.19579
       4.52830		      -1.77330
       2.56135		      -3.93732
      -0.24528		      -4.48021
      -2.75274		      -3.25958
      -3.98639		      -0.83698
      -3.51623		       1.77300
      -1.60562		       3.52392
       0.92203		       3.75434
       3.03377		       2.43412
       3.90612		       0.14930
       3.24274		      -2.15758
       1.36837		      -3.57733
      -0.92838		      -3.59320
      -2.72944		      -2.26738
      -3.35734		      -0.18854
      -2.63184		       1.78730
      -0.91627		       2.88949
       1.05462		       2.73362
       2.48546		       1.45329
       2.83869		      -0.38104
       2.03307		      -2.01249
       0.44967		      -2.80826
      -1.24633		      -2.50288
      -2.38623		      -1.28102
      -2.56268		       0.32375
      -1.77403		       1.66264
      -0.39789		       2.23598
       0.98438		       1.88063
       1.83227		       0.81053
       1.85702		      -0.49586
       1.11665		      -1.50526
      -0.03457		      -1.84513
      -1.11094		      -1.43802
      -1.69916		      -0.50697
      -1.61575		       0.53986
      -0.95844		       1.28840
      -0.03985		       1.48377
       0.75883		       1.11527
       1.14705		       0.39440
       1.03067		      -0.35483
       0.52615		      -0.83913
      -0.11301		      -0.91000
      -0.61709		      -0.60433
      -0.81228		      -0.10292
      -0.67741		       0.36562
      -0.32792		       0.62748
       0.05652		       0.62735
       0.32118		       0.42997
       0.39956		       0.16752
       0.32492		      -0.03540
       0.19158		      -0.12016
       0.09191		      -0.10904
       0.06423		      -0.07428
       0.07880		      -0.08257
       0.06673		      -0.14787
      -0.02656		      -0.21985
      -0.19533		      -0.21485
      -0.36303		      -0.07251
      -0.41692		       0.19394
      -0.27191		       0.48458
       0.06921		       0.64954
       0.49422		       0.56206
       0.81613		       0.19345
       0.85454		      -0.35004
       0.52827		      -0.85345
      -0.08605		      -1.07837
      -0.76340		      -0.87360
      -1.21269		      -0.26045
      -1.20207		       0.55135
      -0.67342		       1.23349
       0.20866		       1.47236
       1.10336		       1.11158
       1.62502		       0.23982
       1.50860		      -0.82161
       0.73861		      -1.63566
      -0.41948		      -1.82894
      -1.50810		      -1.25992
      -2.05816		      -0.10097
      -1.79001		       1.20886
      -0.74906		       2.13023
       0.68807		       2.24616
       1.94895		       1.44904
       2.49443		       0.00880
       2.04958		      -1.51506
       0.73784		      -2.49067
      -0.94516		      -2.47592
      -2.31700		      -1.41667
      -2.78416		       0.30668
      -2.09656		       2.01331
      -0.47216		       2.99011
       1.46823		       2.78847
       2.93866		       1.42606
       3.30745		      -0.59607
       2.36840		      -2.47782
       0.44765		      -3.43840
      -1.70638		      -3.04212
      -3.21439		      -1.39559
      -3.42532		       0.87183
      -2.19677		       2.84586
       0.02388		       3.69408
       2.35966		       3.01424
       3.84921		       1.01869
       3.84094		      -1.52847
       2.27461		      -3.60523
      -0.27091		      -4.34374
      -2.79234		      -3.39419
      -4.26010		      -1.08822
      -4.04170		       1.67324
      -2.17639		       3.77109
       0.61779		       4.32140
       3.21656		       3.04734
       4.53854		       0.41335
       3.99143		      -2.54154
       1.73129		      -4.61236
      -1.37791		      -4.91806
      -4.09713		      -3.27326
      -5.30940		      -0.28551
      -4.48165		       2.87051
      -1.90022		       4.91817
       1.42319		       4.99939
       4.14595		       3.03805
       5.13565		      -0.20733
       3.93980		      -3.43175
       0.98938		      -5.30370
      -2.55432		      -5.00973
      -5.25610		      -2.60093
      -5.98702		       1.00591
      -4.39379		       4.38145
      -1.06228		       6.15553
       2.69932		       5.57850
       5.37789		       2.84213
       5.86882		      -0.97693
       3.93651		      -4.33677
       0.33020		      -5.84958
      -3.50014		      -4.85198
      -5.98050		      -1.69187
      -6.05278		       2.39149
      -3.61773		       5.75410
       0.40421		       7.00932
       4.42698		       5.59866
       6.83193		       2.03639
       6.62683		      -2.27864
       3.86248		      -5.61572
      -0.36797		      -6.61114
      -4.35462		      -4.83090
      -6.45616		      -0.96505
      -5.77001		       3.43253
      -2.51380		       6.56136
       2.04269		       7.10327
       6.07551		       4.76802
       7.93913		       0.42985
       6.83920		      -4.20781
       3.17029		      -7.29106
      -1.62456		      -7.56705
      -5.62356		      -4.90342
      -7.19999		      -0.36027
      -5.68875		       4.22199
      -1.67219		       6.95892
       3.23705		       6.68813
       7.03578		       3.45347
       8.13889		      -1.49384
       6.03024		      -6.18519
       1.48881		      -8.72365
      -3.70846		      -8.05566
      -7.49372		      -4.41127
      -8.34383		       0.77099
      -5.90651		       5.41146
      -1.15952		       7.62520
       3.96844		       6.49036
       7.36845		       2.43581
       7.60579		      -2.91475
       4.51198		      -7.38629
      -0.72969		      -9.12837
      -6.04652		      -7.37081
      -9.30592		      -2.75041
      -9.17984		       2.92936
      -5.69347		       7.41531
      -0.23140		       8.91293
       5.00777		       6.81972
       7.89397		       1.98356
       7.23076		      -3.62443
       3.25184		      -7.69688
      -2.45706		      -8.52266
      -7.58585		      -5.68842
     -10.02888		      -0.26135
      -8.74117		       5.62645
      -4.17405		       9.63025
       1.89131		      10.14052
       7.05140		       6.94287
       9.24773		       1.31933
       7.60448		      -4.45604
       2.79529		      -8.02899
      -3.21439		      -7.91880
      -7.95136		      -4.12751
      -9.43251		       1.84590
      -6.97382		       7.59803
      -1.48081		      10.78607
       4.90246		      10.07753
       9.64960		       5.69969
      10.87111		      -0.63771
       8.08491		      -6.42117
       2.42391		      -9.34378
      -3.80889		      -8.24116
      -8.06327		      -3.57270
      -8.57287		       2.75064
      -5.07774		       8.12817
       1.05707		      10.31727
       7.38024		       8.34508
      11.33729		       2.91368
      11.30375		      -3.86973
       7.25016		      -9.33364
       0.76671		     -11.31837
      -5.56744		      -9.05343
      -9.22024		      -3.47953
      -8.73162		       3.11977
      -4.31221		       8.03266
       2.22975		       9.21406
       8.20879		       6.11873
      11.14308		      -0.06651
       9.76067		      -6.89009
       4.52338		     -11.61805
      -2.54717		     -12.33778
      -8.67585		      -8.73703
     -11.45058		      -2.24093
      -9.79959		       4.55293
      -4.43296		       8.91742
       2.43384		       9.09798
       7.96710		       5.02833
       9.85789		      -1.63222
       7.25993		      -8.15937
       1.14160		     -11.85945
      -6.09388		     -11.15930
     -11.57089		      -6.24974
     -13.10068		       0.98058
     -10.06965		       7.69804
      -3.69600		      11.26338
       3.45279		      10.29882
       8.49053		       5.25109
       9.37748		      -1.78005
       5.74944		      -7.88269
      -0.92617		     -10.50641
      -7.93406		      -8.49600
     -12.40231		      -2.56648
     -12.46266		       4.97552
      -8.01089		      11.15510
      -0.75817		      13.52709
       6.45101		      11.16583
      10.78195		       5.04565
      10.55435		      -2.34453
       5.92550		      -8.00039
      -1.16589		      -9.61411
      -7.77610		      -6.51014
     -11.14234		       0.07456
      -9.80069		       7.48202
      -4.18396		      12.70101
       3.54428		      13.58209
      10.35552		       9.70950
      13.57505		       2.57633
      11.96253		      -5.01060
       6.21742		     -10.05862
      -1.29704		     -10.59634
      -7.50290		      -6.47275
      -9.84855		       0.57619
      -7.34157		       7.62282
      -0.95532		      11.72696
       6.75705		      11.12413
      12.68805		       5.94300
      14.42854		      -1.83933
      11.24250		      -9.18850
       4.36945		     -13.23340
      -3.46967		     -12.42449
      -9.16608		      -7.16211
     -10.47645		       0.36060
      -6.93018		       7.03891
      -0.02354		      10.10816
       7.37986		       8.26146
      12.20230		       2.18177
      12.39456		      -5.72808
       7.76664		     -12.31030
       0.06996		     -14.92428
      -7.70364		     -12.51305
     -12.52514		      -6.03319
     -12.54918		       1.92675
      -7.85998		       8.18710
      -0.44012		      10.25858
       6.62677		       7.34767
      10.39924		       0.67962
       9.26612		      -6.99279
       3.60003		     -12.49785
      -4.38859		     -13.52463
     -11.53930		      -9.55766
     -15.01425		      -2.08875
     -13.44279		       5.98052
      -7.47595		      11.50583
       0.47357		      12.36679
       7.20238		       8.32224
      10.00744		       1.10869
       7.77682		      -6.25893
       1.43983		     -10.70304
      -6.40588		     -10.32583
     -12.54072		      -5.17709
     -14.42151		       2.76286
     -11.20840		      10.37885
      -4.10580		      14.67503
       4.12065		      13.98201
      10.25699		       8.63007
      11.93525		       0.81671
       8.58750		      -6.27877
       1.67453		      -9.77692
      -5.90341		      -8.25951
     -10.97663		      -2.34204
     -11.38515		       5.57371
      -6.85105		      12.26756
       0.90771		      14.99918
       8.86823		      12.61324
      13.91973		       6.00582
      14.11619		      -2.23589
       9.45964		      -8.87551
       1.89827		     -11.33089
      -5.45987		      -8.71368
      -9.60038		      -2.18590
      -8.81802		       5.51009
      -3.40398		      11.15860
       4.47187		      12.36801
      11.63609		       8.53562
      15.19089		       1.09092
      13.68176		      -7.08017
       7.68292		     -12.79760
      -0.43500		     -13.86739
      -7.46080		      -9.96360
     -10.63638		      -2.75701
      -8.76682		       4.76079
      -2.69940		       9.48480
       5.02071		       9.44863
      11.17871		       4.61624
      13.18722		      -3.10493
      10.12913		     -10.63415
       3.12627		     -14.95940
      -5.11367		     -14.35026
     -11.38844		      -9.05311
     -13.29033		      -1.18930
     -10.17338		       6.10173
      -3.40959		       9.92798
       4.16799		       8.80874
       9.40981		       3.26799
      10.11996		      -4.38068
       5.93982		     -10.96990
      -1.50985		     -13.75655
      -9.28453		     -11.52671
     -14.30341		      -5.08267
     -14.58963		       3.08287
     -10.06357		       9.79254
      -2.57067		      12.46373
       4.86579		      10.14572
       9.26442		       3.89757
       8.88584		      -3.64415
       3.92970		      -9.33183
      -3.55073		     -10.77649
     -10.48037		      -7.30888
     -14.00349		      -0.24572
     -12.63361		       7.64449
      -6.84908		      13.25871
       1.10361		      14.40842
       8.11786		      10.69728
      11.47840		       3.67507
       9.95187		      -3.79207
       4.27756		      -8.67929
      -3.13725		      -9.02107
      -9.19253		      -4.69908
     -11.34656		       2.51606
      -8.63831		       9.68361
      -2.07030		      13.88035
       5.80016		      13.37730
      11.89405		       8.33212
      13.85030		       0.71995
      10.97233		      -6.46664
       4.50164		     -10.42434
      -2.88933		      -9.66521
      -8.17819		      -4.60945
      -9.21038		       2.59187
      -5.56303		       8.93002
       1.29135		      11.75354
       8.58462		       9.83475
      13.37178		       3.85923
      13.71650		      -3.85652
       9.46624		     -10.30232
       2.30661		     -12.98677
      -4.92367		     -10.93609
      -9.37874		      -5.07831
      -9.34941		       2.13909
      -4.94473		       7.74101
       1.96095		       9.42431
       8.49077		       6.48167
      11.92807		       0.07915
      10.80922		      -7.22109
       5.50744		     -12.49749
      -1.92494		     -13.64548
      -8.58867		     -10.21977
     -11.90625		      -3.60537
     -10.65556		       3.54800
      -5.45334		       8.39724
       1.50316		       9.04936
       7.32860		       5.31709
       9.61410		      -1.21548
       7.39390		      -7.83991
       1.52656		     -11.81920
      -5.65954		     -11.48909
     -11.30977		      -6.92213
     -13.19323		       0.11010
     -10.59566		       6.85760
      -4.59778		      10.70172
       2.36941		      10.20574
       7.50941		       5.68444
       8.78602		      -0.93381
       5.73687		      -6.89259
      -0.35073		      -9.72121
      -6.96832		      -8.22673
     -11.40254		      -2.96625
     -11.82742		       3.98714
      -8.03326		       9.88635
      -1.50136		      12.41773
       5.20114		      10.62743
       9.45879		       5.29538
       9.65799		      -1.38972
       5.82758		      -6.71921
      -0.38471		      -8.55621
      -6.38622		      -6.19011
      -9.68836		      -0.61210
      -8.90646		       5.89520
      -4.30912		      10.68406
       2.30070		      11.80824
       8.32009		       8.80021
      11.39670		       2.84872
      10.37108		      -3.69001
       5.73289		      -8.24648
      -0.58842		      -9.07058
      -6.00970		      -5.92745
      -8.33666		      -0.17942
      -6.64221		       5.77429
      -1.62892		       9.46987
       4.66592		       9.36969
       9.69916		       5.47310
      11.44706		      -0.69485
       9.21390		      -6.70728
       3.90074		     -10.21643
      -2.36900		      -9.89479
      -7.11164		      -5.95886
      -8.48267		      -0.06876
      -6.01111		       5.35098
      -0.77611		       8.09158
       5.04036		       7.04507
       9.03976		       2.63961
       9.57230		      -3.34580
       6.39313		      -8.50738
       0.74862		     -10.78681
      -5.13664		      -9.29420
      -8.96077		      -4.65457
      -9.26831		       1.25673
      -6.02560		       6.07792
      -0.62032		       7.91258
       4.70944		       6.08575
       7.78181		       1.40245
       7.34641		      -4.19022
       3.57723		      -8.39606
      -2.01107		      -9.49499
      -7.18393		      -7.02789
      -9.89038		      -1.96860
      -9.08367		       3.68061
      -5.13075		       7.70211
       0.34953		       8.55386
       5.14862		       5.98019
       7.36008		       1.10011
       6.14059		      -4.05663
       2.03643		      -7.37391
      -3.25111		      -7.49918
      -7.56104		      -4.37788
      -9.14466		       0.73879
      -7.36253		       5.80979
      -2.92873		       8.83123
       2.39032		       8.63900
       6.49555		       5.36562
       7.79994		       0.37195
       5.85814		      -4.31270
       1.53090		      -6.81182
      -3.37598		      -6.15197
      -6.84739		      -2.64183
      -7.46951		       2.26731
      -4.98943		       6.57749
      -0.40244		       8.55180
       4.46204		       7.40739
       7.68377		       3.61738
       8.02183		      -1.29436
       5.40279		      -5.37684
       0.93478		      -7.03868
      -3.55212		      -5.68043
      -6.24856		      -1.92113
      -6.09051		       2.66642
      -3.17534		       6.19899
       1.29316		       7.24185
       5.50223		       5.37761
       7.76477		       1.35956
       7.19332		      -3.20615
       4.04422		      -6.51533
      -0.40113		      -7.29072
      -4.36386		      -5.28538
      -6.28677		      -1.36634
      -5.45408		       2.84917
      -2.26514		       5.65241
       1.94257		       5.92865
       5.44343		       3.59440
       6.82066		      -0.38503
       5.52886		      -4.39812
       2.09895		      -6.84225
      -2.09106		      -6.76487
      -5.38065		      -4.23435
      -6.49537		      -0.29624
      -5.05019		       3.46075
      -1.68859		       5.54907
       2.19218		       5.17547
       5.01283		       2.54643
       5.64703		      -1.23172
       3.86420		      -4.61100
       0.40621		      -6.22878
      -3.32626		      -5.44970
      -5.84546		      -2.60704
      -6.17297		       1.14765
      -4.22154		       4.31948
      -0.81378		       5.67381
       2.66347		       4.72470
       4.82387		       1.91493
       4.83554		      -1.57878
       2.74278		      -4.33024
      -0.56878		      -5.23875
      -3.74269		      -3.96266
      -5.50317		      -1.04098
      -5.16337		       2.33953
      -2.88792		       4.83149
       0.39000		       5.46822
       3.35715		       4.04196
       4.85236		       1.17086
       4.32683		      -1.96531
       2.04990		      -4.10827
      -1.01640		      -4.42524
      -3.61687		      -2.83201
      -4.71081		      -0.00976
      -3.88280		       2.88417
      -1.49424		       4.68916
       1.47863		       4.70466
       3.84863		       2.95902
       4.69610		       0.18108
       3.72934		      -2.50727
       1.38558		      -4.04795
      -1.36130		      -3.86698
      -3.40259		      -2.09116
      -3.94026		       0.52035
      -2.79714		       2.89506
      -0.47140		       4.08300
       2.07987		       3.63230
       3.83449		       1.75607
       4.11431		      -0.77049
       2.84604		      -2.93428
       0.57366		      -3.89445
      -1.77563		      -3.31243
      -3.27161		      -1.47224
      -3.35146		       0.85070
      -2.03294		       2.71301
       0.11022		       3.38395
       2.19378		       2.62988
       3.38469		       0.79185
       3.23108		      -1.36822
       1.82995		      -2.98426
      -0.22919		      -3.43394
      -2.11503		      -2.57823
      -3.09310		      -0.80044
      -2.81445		       1.16399
      -1.44089		       2.53206
       0.43742		       2.78612
       2.05204		       1.86998
       2.76822		       0.19426
       2.33215		      -1.54432
       0.95724		      -2.65068
      -0.77874		      -2.70742
      -2.17753		      -1.72970
      -2.70248		      -0.14173
      -2.18489		       1.40840
      -0.87549		       2.31522
       0.67304		       2.25430
       1.83856		       1.29854
       2.17929		      -0.12862
       1.60076		      -1.43719
       0.37692		      -2.11249
      -0.97619		      -1.91554
      -1.91691		      -0.96430
      -2.09397		       0.33105
      -1.47580		       1.44575
      -0.34617		       1.95427
       0.82531		       1.69349
       1.57944		       0.81259
       1.64861		      -0.30393
       1.05136		      -1.20231
       0.06760		      -1.54336
      -0.88851		      -1.22948
      -1.44120		      -0.42772
      -1.39927		       0.51403
      -0.81900		       1.21715
       0.03567		       1.42427
       0.81289		       1.09224
       1.21882		       0.39278
       1.12928		      -0.37243
       0.62494		      -0.90192
      -0.05823		      -1.01375
      -0.63637		      -0.70693
      -0.89480		      -0.14486
      -0.76654		       0.42562
      -0.34373		       0.78097
       0.17609		       0.80746
       0.58086		       0.53420
       0.73055		       0.10439
       0.60435		      -0.29658
       0.29305		      -0.52157
      -0.05370		      -0.51601
      -0.29762		      -0.32604
      -0.36715		      -0.06310
      -0.27581		       0.15438
      -0.10045		       0.25296
       0.06539		       0.22748
       0.15780		       0.12867
       0.16646		       0.02599
       0.12734		      -0.03258
       0.09169		      -0.04271
       0.09054		      -0.03784
       0.11499		      -0.06057
       0.12306		      -0.12925
       0.06910		      -0.21944
      -0.06127		      -0.27249
      -0.23127		      -0.22799
      -0.36197		      -0.06373
      -0.36871		       0.17955
      -0.20848		       0.40463
       0.08632		       0.49708
       0.40776		       0.38136
       0.61157		       0.06707
       0.58119		      -0.33971
       0.28871		      -0.67063
      -0.17765		      -0.76445
      -0.63708		      -0.54309
      -0.88609		      -0.05906
      -0.78776		       0.51112
      -0.34146		       0.93083
       0.30101		       1.00164
       0.88565		       0.65515
       1.15706		      -0.00344
       0.96973		      -0.72397
       0.36159		      -1.20637
      -0.44592		      -1.22576
      -1.12743		      -0.73584
      -1.38465		       0.09664
      -1.07609		       0.94629
      -0.28931		       1.45582
       0.67960		       1.38557
       1.43685		       0.72345
       1.65091		      -0.29445
       1.19654		      -1.26731
       0.22061		      -1.78793
      -0.90304		      -1.61361
      -1.71711		      -0.77771
      -1.86773		       0.40850
      -1.25832		       1.47074
      -0.10383		       1.96117
       1.14266		       1.64679
       1.96677		       0.61760
       2.00405		      -0.73488
       1.19888		      -1.86589
      -0.15782		      -2.29662
      -1.53351		      -1.81609
      -2.36407		      -0.58056
      -2.28626		       0.93519
      -1.29657		       2.12101
       0.23239		       2.47821
       1.69083		       1.83032
       2.47445		       0.40874
       2.23426		      -1.22707
       1.03036		      -2.40809
      -0.67769		      -2.62776
      -2.20573		      -1.75671
      -2.91897		      -0.10952
      -2.49502		       1.66931
      -1.06724		       2.85933
       0.81496		       2.95788
       2.39836		       1.89386
       3.02903		       0.07069
       2.42400		      -1.78459
       0.79896		      -2.90993
      -1.20526		      -2.82016
      -2.77306		      -1.51436
      -3.24356		       0.50958
      -2.38611		       2.44470
      -0.50704		       3.49703
       1.66094		       3.21121
       3.24719		       1.66620
       3.59584		      -0.54286
       2.53981		      -2.53467
       0.48170		      -3.49508
      -1.75657		      -3.01186
      -3.25960		      -1.25332
      -3.39062		       1.08630
      -2.05865		       3.05798
       0.23122		       3.83978
       2.57016		       3.07578
       4.00749		       1.03226
       3.93789		      -1.49682
       2.35617		      -3.50210
      -0.12745		      -4.16597
      -2.52313		      -3.20027
      -3.85720		      -0.97499
      -3.56971		       1.61896
      -1.75143		       3.52252
       0.87998		       3.93710
       3.26000		       2.65560
       4.40444		       0.15863
       3.81218		      -2.56775
       1.67881		      -4.42404
      -1.16980		      -4.64295
      -3.60194		      -3.10808
      -4.63525		      -0.41318
      -3.83925		       2.36680
      -1.52038		       4.10481
       1.38996		       4.07969
       3.70380		       2.27678
       4.45593		      -0.59396
       3.30059		      -3.37458
       0.66278		      -4.92286
      -2.42180		      -4.57726
      -4.71783		      -2.43397
      -5.28941		       0.67997
      -3.88519		       3.53128
      -1.05107		       4.97530
       2.07953		       4.42257
       4.23761		       2.08665
       4.53239		      -1.09080
       2.81905		      -3.81216
      -0.23145		      -4.94617
      -3.39322		      -3.99026
      -5.37552		      -1.28389
      -5.34624		       2.11717
      -3.27626		       4.85955
       0.03758		       5.83749
       3.28483		       4.64497
       5.16640		       1.74973
       4.92203		      -1.68539
       2.64567		      -4.26558
      -0.74185		      -4.92749
      -3.85635		      -3.37519
      -5.40652		      -0.21000
      -4.71945		       3.30232
      -2.02144		       5.73702
       1.64258		       6.08647
       4.82294		       4.17388
       6.24821		       0.73490
       5.34262		      -2.87019
       2.46727		      -5.20081
      -1.21600		      -5.31929
      -4.20712		      -3.17652
      -5.27252		       0.35850
      -3.94854		       3.84128
      -0.73786		       5.83159
       3.08383		       5.47765
       5.97665		       2.86796
       6.75790		      -0.99453
       5.08489		      -4.58914
       1.60236		      -6.48816
      -2.30904		      -5.93590
      -5.08476		      -3.16113
      -5.60850		       0.70639
      -3.66855		       4.08537
      -0.05204		       5.57970
       3.76484		       4.54612
       6.20873		       1.36204
       6.24579		      -2.71770
       3.80562		      -6.06093
      -0.18131		      -7.31557
      -4.15125		      -5.95944
      -6.53452		      -2.51873
      -6.39054		       1.63615
      -3.79350		       4.83836
       0.18960		       5.79696
       3.92328		       4.12259
       5.86144		       0.49229
       5.17440		      -3.61616
       2.09085		      -6.51631
      -2.18609		      -6.99427
      -5.95793		      -4.80392
      -7.71403		      -0.77422
      -6.74404		       3.51784
      -3.43093		       6.37933
       0.89616		       6.68511
       4.49306		       4.33660
       5.90340		       0.30854
       4.54986		      -3.73843
       0.97383		      -6.12533
      -3.37607		      -5.83447
      -6.72398		      -2.92606
      -7.68313		       1.47850
      -5.81949		       5.64277
      -1.83373		       7.91310
       2.71463		       7.38748
       6.03207		       4.28455
       6.81439		      -0.13823
       4.77663		      -4.08703
       0.77379		      -5.95397
      -3.53859		      -4.96858
      -6.36977		      -1.51427
      -6.51755		       3.01996
      -3.85825		       6.79544
       0.59678		       8.26460
       5.10315		       6.79829
       7.88397		       2.94514
       7.84731		      -1.78363
       5.03050		      -5.51969
       0.59038		      -6.79038
      -3.65900		      -5.11547
      -5.97660		      -1.20568
      -5.39870		       3.31923
      -2.13232		       6.58119
       2.52261		       7.20210
       6.69330		       4.86355
       8.68802		       0.44101
       7.68035		      -4.34392
       4.04690		      -7.61453
      -0.77952		      -8.09583
      -4.88392		      -5.63148
      -6.64040		      -1.25099
      -5.36975		       3.24179
      -1.61718		       5.99475
       3.06344		       5.85589
       6.73383		       2.84179
       7.85321		      -1.86424
       5.90264		      -6.38535
       1.59899		      -8.90628
      -3.38950		      -8.40637
      -7.11271		      -5.07436
      -8.12435		      -0.23629
      -6.06692		       4.17600
      -1.81888		       6.40273
       2.85666		       5.56703
       6.02169		       2.03150
       6.34580		      -2.74473
       3.64573		      -6.79212
      -1.03670		      -8.42485
      -5.85116		      -6.92262
      -8.88290		      -2.82473
      -8.92509		       2.28351
      -5.96740		       6.40714
      -1.20311		       7.94485
       3.44962		       6.33553
       6.12005		       2.28650
       5.74002		      -2.50967
       2.47672		      -6.05662
      -2.33214		      -6.85995
      -6.71581		      -4.53208
      -8.86478		       0.04833
      -7.86163		       5.08762
      -4.05343		       8.59839
       1.08527		       9.20037
       5.54458		       6.67790
       7.58846		       2.06860
       6.45480		      -2.75337
       2.66375		      -5.83219
      -2.19082		      -5.91946
      -6.08341		      -2.97894
      -7.37414		       1.79697
      -5.47156		       6.46661
      -1.07340		       9.12137
       4.11240		       8.65575
       8.05452		       5.21455
       9.21640		       0.13633
       7.17575		      -4.58456
       2.79540		      -7.10098
      -2.12389		      -6.45736
      -5.56920		      -2.97518
      -6.12734		       1.87633
      -3.55552		       6.07247
       1.11977		       7.84995
       6.01559		       6.41879
       9.15128		       2.28231
       9.24694		      -2.96432
       6.23990		      -7.27580
       1.31074		      -8.98022
      -3.59188		      -7.45238
      -6.53605		      -3.36537
      -6.38489		       1.58108
      -3.25444		       5.34627
       1.53364		       6.37161
       5.98540		       4.20939
       8.23911		      -0.29630
       7.31638		      -5.34963
       3.51717		      -8.92664
      -1.70050		      -9.59086
      -6.30758		      -7.07190
      -8.52095		      -2.37415
      -7.52103		       2.62834
      -3.78079		       5.94718
       1.12622		       6.28058
       5.16136		       3.53720
       6.64332		      -1.12826
       4.92602		      -5.78174
       0.65879		      -8.49029
      -4.47582		      -8.10152
      -8.44029		      -4.70797
      -9.66298		       0.39057
      -7.67049		       5.21101
      -3.27704		       7.88569
       1.74496		       7.41370
       5.37999		       4.06226
       6.18148		      -0.74331
       3.85361		      -4.99599
      -0.63131		      -6.91712
      -5.42665		      -5.67327
      -8.55690		      -1.71128
      -8.71410		       3.42295
      -5.78410		       7.70820
      -0.89127		       9.46210
       4.05569		       8.01759
       7.13292		       3.98939
       7.17534		      -0.97614
       4.24360		      -4.86603
      -0.40352		      -6.11216
      -4.81921		      -4.22180
      -7.15476		       0.02623
      -6.40459		       4.89794
      -2.81010		       8.40470
       2.23952		       9.10475
       6.76847		       6.68281
       9.01040		       2.07485
       8.11836		      -2.91111
       4.50294		      -6.32433
      -0.33666		      -6.85625
      -4.41926		      -4.36491
      -6.08082		       0.07175
      -4.64364		       4.59384
      -0.68659		       7.31118
       4.19140		       7.06494
       8.01781		       3.89286
       9.24168		      -0.98874
       7.35670		      -5.67713
       3.10207		      -8.35028
      -1.83846		      -7.99905
      -5.51665		      -4.83004
      -6.50411		      -0.17797
      -4.46478		       4.03573
      -0.28587		       6.07848
       4.28396		       5.10354
       7.34200		       1.48798
       7.59834		      -3.32318
       4.89339		      -7.40199
       0.25879		      -9.11492
      -4.50136		      -7.77899
      -7.53830		      -3.93292
      -7.70182		       0.88399
      -4.99942		       4.75476
      -0.58809		       6.15700
       3.69642		       4.57333
       6.08136		       0.69491
       5.57040		      -3.86212
       2.34156		      -7.21116
      -2.32899		      -7.95584
      -6.58467		      -5.75008
      -8.73741		      -1.43342
      -7.94561		       3.31125
      -4.54862		       6.63745
       0.07514		       7.27770
       4.06722		       5.04975
       5.83861		       0.92406
       4.70716		      -3.37263
       1.16726		      -6.05597
      -3.31514		      -6.00239
      -6.89718		      -3.19817
      -8.10249		       1.26015
      -6.41335		       5.61182
      -2.47447		       8.14277
       2.17169		       7.87412
       5.70905		       4.95148
       6.77875		       0.58022
       5.02224		      -3.46489
       1.21921		      -5.55631
      -3.03279		      -4.86705
      -5.96579		      -1.69851
      -6.35367		       2.64731
      -4.00242		       6.39710
       0.17727		       8.02211
       4.54208		       6.85134
       7.38026		       3.33660
       7.59952		      -1.13545
       5.16175		      -4.80565
       1.09149		      -6.25097
      -2.94255		      -4.95364
      -5.30239		      -1.50292
      -5.03877		       2.64936
      -2.26825		       5.77835
       1.88061		       6.58163
       5.72747		       4.70027
       7.71911		       0.85730
       7.05272		      -3.43944
       3.99354		      -6.50788
      -0.23871		      -7.16804
      -3.96603		      -5.21207
      -5.72896		      -1.48051
      -4.87077		       2.48316
      -1.79505		       5.05779
       2.20466		       5.19654
       5.47141		       2.84331
       6.65362		      -1.05194
       5.24606		      -4.92220
       1.78697		      -7.21732
      -2.36560		      -7.02644
      -5.58484		      -4.43886
      -6.62997		      -0.50061
      -5.14090		       3.21290
      -1.77539		       5.23327
       2.06363		       4.78756
       4.79775		       2.10264
       5.30853		      -1.69452
       3.38303		      -5.03713
      -0.20807		      -6.55168
      -4.02796		      -5.60816
      -6.55600		      -2.56707
      -6.79869		       1.37335
      -4.68383		       4.66481
      -1.08147		       6.03293
       2.55353		       4.98586
       4.77047		       2.00420
       4.70475		      -1.66106
       2.41936		      -4.49795
      -1.12927		      -5.34312
      -4.48361		      -3.84570
      -6.27494		      -0.60080
      -5.77205		       3.09798
      -3.16886		       5.78407
       0.50190		       6.40772
       3.79073		       4.75301
       5.41654		       1.51616
       4.77844		      -1.98279
       2.18959		      -4.33575
      -1.25806		      -4.61219
      -4.14009		      -2.72748
      -5.27475		       0.53206
      -4.19478		       3.83378
      -1.32759		       5.83913
       2.18534		       5.74075
       4.95357		       3.58082
       5.89772		       0.22524
       4.67864		      -2.99216
       1.82514		      -4.80929
      -1.48774		      -4.54064
      -3.91722		      -2.34536
      -4.49298		       0.84649
      -3.00195		       3.71587
      -0.06496		       5.08846
       3.12192		       4.40398
       5.27372		       1.93388
       5.53275		      -1.33705
       3.80738		      -4.11360
       0.79976		      -5.31277
      -2.28506		      -4.49486
      -4.22793		      -2.03166
      -4.28407		       1.05282
      -2.47526		       3.50095
       0.42882		       4.32847
       3.22885		       3.21540
       4.78220		       0.62574
       4.46025		      -2.38868
       2.39367		      -4.61730
      -0.58969		      -5.17789
      -3.30554		      -3.86562
      -4.69197		      -1.22597
      -4.23291		       1.67377
      -2.15700		       3.67898
       0.66446		       4.01114
       3.07563		       2.57410
       4.10313		      -0.01731
       3.34331		      -2.69388
       1.11565		      -4.36690
      -1.67563		      -4.36456
      -3.91220		      -2.69492
      -4.71243		      -0.03277
      -3.78069		       2.56028
      -1.51684		       4.06637
       1.15447		       3.91784
       3.16183		       2.21723
       3.71804		      -0.31440
       2.63052		      -2.63598
       0.36868		      -3.80828
      -2.13469		      -3.36815
      -3.86440		      -1.50616
      -4.13045		       1.02031
      -2.83878		       3.19947
      -0.51905		       4.17397
       1.89766		       3.58118
       3.45788		       1.68964
       3.56729		      -0.71924
       2.22185		      -2.67258
      -0.00116		      -3.39846
      -2.18454		      -2.63080
      -3.44418		      -0.70656
      -3.28198		       1.58013
      -1.77794		       3.30401
       0.45256		       3.78100
       2.51476		       2.83721
       3.59735		       0.86871
       3.29494		      -1.32761
       1.76206		      -2.88012
      -0.35966		      -3.19204
      -2.20761		      -2.17421
      -3.04721		      -0.27030
      -2.56269		       1.73141
      -0.97453		       3.02019
       1.05991		       3.08717
       2.71823		       1.92223
       3.34493		       0.00746
       2.70951		      -1.88599
       1.08927		      -3.01193
      -0.85264		      -2.94640
      -2.34047		      -1.74951
      -2.79790		       0.06957
      -2.07336		       1.76626
      -0.49042		       2.66311
       1.29258		       2.41856
       2.55334		       1.15511
       2.79535		      -0.60085
       1.94039		      -2.13893
       0.34938		      -2.85264
      -1.33256		      -2.47863
      -2.44051		      -1.19289
      -2.55525		       0.47075
      -1.66381		       1.84277
      -0.15377		       2.38833
       1.35211		       1.91669
       2.25046		       0.64774
       2.19724		      -0.88716
       1.23742		      -2.06571
      -0.22408		      -2.42517
      -1.59412		      -1.84210
      -2.33308		      -0.57147
      -2.16808		       0.86613
      -1.19345		       1.89971
       0.17813		       2.13667
       1.38985		       1.51334
       1.96688		       0.30977
       1.70256		      -0.97291
       0.73174		      -1.81914
      -0.53440		      -1.90448
      -1.58133		      -1.21815
      -1.99936		      -0.05637
      -1.64281		       1.10622
      -0.67843		       1.81160
       0.49227		       1.79975
       1.40129		       1.10451
       1.70247		       0.02898
       1.30423		      -0.98527
       0.39578		      -1.53907
      -0.63931		      -1.43229
      -1.38341		      -0.73517
      -1.55205		       0.25101
      -1.10107		       1.12342
      -0.23362		       1.54188
       0.69149		       1.36106
       1.30916		       0.67915
       1.39301		      -0.21247
       0.93842		      -0.95391
       0.15351		      -1.26274
      -0.63410		      -1.04197
      -1.11317		      -0.40885
      -1.11127		       0.36290
      -0.65548		       0.96002
       0.04941		       1.15598
       0.71223		       0.89563
       1.07574		       0.30698
       1.01635		      -0.36057
       0.58464		      -0.84250
      -0.02581		      -0.96471
      -0.56457		      -0.70639
      -0.82724		      -0.19765
      -0.73301		       0.34265
      -0.34753		       0.70000
       0.15429		       0.74883
       0.56612		       0.49507
       0.73453		       0.06302
       0.61513		      -0.36402
       0.28049		      -0.62165
      -0.11959		      -0.62770
      -0.42499		      -0.40687
      -0.52993		      -0.06992
      -0.41915		       0.23960
      -0.16379		       0.40630
       0.11743		       0.38568
       0.31184		       0.21303
       0.35741		      -0.02154
       0.26069		      -0.21743
       0.08367		      -0.30629
      -0.09085		      -0.27496
      -0.19756		      -0.16135
      -0.21322		      -0.02861
      -0.15825		       0.06761
      -0.07801		       0.10277
      -0.01530		       0.08796
       0.01090		       0.05558
       0.01044		       0.03606
       0.00975		       0.03896
       0.03061		       0.04888
       0.07282		       0.03775
       0.11107		      -0.01384
       0.10868		      -0.09887
       0.04114		      -0.18099
      -0.08363		      -0.20984
      -0.22048		      -0.14813
      -0.30306		       0.00313
      -0.27489		       0.19557
      -0.12127		       0.34802
       0.11449		       0.38077
       0.34130		       0.25513
       0.45566		      -0.00073
       0.38846		      -0.29417
       0.14230		      -0.50129
      -0.19961		      -0.51935
      -0.50047		      -0.31603
      -0.62462		       0.04726
      -0.49807		       0.43182
      -0.14798		       0.67432
       0.29868		       0.65596
       0.66057		       0.35872
       0.77556		      -0.11723
       0.57256		      -0.58615
       0.10997		      -0.84923
      -0.43861		      -0.77881
      -0.84948		      -0.37853
      -0.94032		       0.20819
      -0.65069		       0.74890
      -0.07624		       1.01441
       0.56117		       0.87591
       0.99886		       0.36598
       1.04137		      -0.32495
       0.64689		      -0.91900
      -0.04616		      -1.16228
      -0.76667		      -0.93274
      -1.21694		      -0.29857
      -1.19565		       0.49993
      -0.68692		       1.14163
       0.12362		       1.35428
       0.91606		       1.03031
       1.36290		       0.27949
       1.26472		      -0.60648
       0.63891		      -1.26675
      -0.27791		      -1.41796
      -1.11834		      -0.97509
      -1.53087		      -0.09516
      -1.32598		       0.87769
      -0.56115		       1.54688
       0.47315		       1.62516
       1.36425		       1.05744
       1.74301		       0.05233
       1.43758		      -0.99415
       0.55139		      -1.65501
      -0.56969		      -1.64713
      -1.47145		      -0.95280
      -1.77456		       0.16389
      -1.33316		       1.25632
      -0.30259		       1.87301
       0.91482		       1.74303
       1.82716		       0.89302
       2.05216		      -0.35450
       1.47736		      -1.50456
       0.31427		      -2.08760
      -0.97896		      -1.85277
      -1.87828		      -0.87702
      -2.00677		       0.45729
      -1.29308		       1.61062
      -0.00901		       2.10309
       1.33263		       1.71256
       2.18162		       0.57248
       2.17456		      -0.87353
       1.28831		      -2.04520
      -0.14200		      -2.45948
      -1.55118		      -1.93038
      -2.36933		      -0.65212
      -2.25462		       0.87123
      -1.23822		       2.02449
       0.27994		       2.33010
       1.68617		       1.64632
       2.39891		       0.23260
       2.10691		      -1.34749
       0.90222		      -2.44970
      -0.74873		      -2.61024
      -2.18739		      -1.73884
      -2.82767		      -0.16329
      -2.39634		       1.49562
      -1.05056		       2.57127
       0.67764		       2.62192
       2.09099		       1.61511
       2.60797		      -0.05137
       2.00195		      -1.70345
       0.50024		      -2.66033
      -1.30017		      -2.51171
      -2.66894		      -1.28994
      -3.03737		       0.53513
      -2.23278		       2.23958
      -0.55573		       3.13553
       1.33415		       2.85154
       2.68039		       1.48908
       2.93577		      -0.41104
       1.98828		      -2.08142
       0.21368		      -2.83668
      -1.66956		      -2.35355
      -2.88717		      -0.80817
