     500.00000		       0.00000
     738.78707		    -662.27519
     107.19791		    -978.56070
    -568.88004		    -793.94251
    -946.08964		    -209.79933
    -837.90369		     471.57466
    -306.72021		     903.31609
     371.64291		     870.49143
     851.06985		     396.97794
     891.66804		    -270.36028
     479.69992		    -790.26830
    -168.97899		    -901.53336
    -721.90267		    -554.13060
    -900.31930		      68.71370
    -619.63688		     647.02393
     -29.27182		     888.38305
     566.72841		     675.71191
     866.19886		     123.87706
     721.97722		    -482.14324
     214.07594		    -834.34879
    -394.41197		    -758.18328
    -793.51244		    -298.92674
    -784.20850		     304.68039
    -377.58084		     744.45576
     214.08274		     800.05672
     688.01927		     449.28987
     805.85328		    -123.72854
     513.41164		    -625.10568
     -34.69010		    -801.83979
    -556.66719		    -569.41448
    -788.36760		     -52.00918
    -616.88019		     483.69259
    -135.40550		     765.89027
     407.19429		     655.50554
     734.95493		     214.60434
     685.10233		    -328.19550
     288.78901		    -696.19287
    -247.71768		    -705.59609
    -650.30940		    -357.22800
    -717.02342		     166.76836
    -419.28109		     598.07312
      86.32954		     719.52815
     540.30479		     474.40418
     713.35632		      -7.34678
     522.15283		    -477.86590
      69.28103		    -698.85001
    -411.64709		    -562.18446
    -676.44037		    -142.71096
    -594.25933		     342.55666
    -212.16433		     646.63964
     271.50913		     618.24018
     610.03257		     276.93410
     634.09075		    -199.41410
     336.39104		    -567.26713
    -127.16560		    -641.87306
    -519.04490		    -389.98890
    -641.74364		      55.63180
    -437.26834		     466.11095
     -14.35448		     633.94871
     409.24360		     477.85973
     618.81852		      82.00471
     511.48481		    -349.24413
     146.58264		    -596.76075
    -286.92648		    -537.95717
    -568.25326		    -207.41152
    -557.18167		     223.10709
    -263.88032		     533.83623
     158.59512		     569.15269
     494.10373		     315.44904
     573.95152		     -94.18297
     361.65292		    -449.69501
     -30.63734		    -571.74261
    -401.28542		    -402.10570
    -562.76911		     -31.30911
    -436.50179		     349.57725
     -90.96554		     547.34746
     295.29048		     464.61745
     525.86139		     147.68981
     486.31090		    -239.15363
     200.89469		    -498.75525
    -181.89483		    -501.52150
    -466.52680		    -250.05316
    -510.26797		     124.23308
    -294.70290		     429.71961
      66.86994		     512.64571
     388.91518		     334.44972
     508.82326		     -10.48175
     368.97024		    -344.72480
      44.28776		    -499.03806
    -297.78130		    -398.01356
    -483.59148		     -96.83410
    -421.40196		     248.73085
    -146.59804		     462.84320
     198.22483		     439.03082
     437.20516		     193.07091
     450.86759		    -146.91184
     235.79908		    -407.13499
     -95.43009		    -456.94995
    -373.12912		    -274.38774
    -457.38316		      44.40005
    -308.50372		     335.71570
      -5.58238		     452.33678
     295.44724		     337.87763
     442.04057		      53.95225
     362.30510		    -252.89328
     100.18138		    -426.77996
    -208.63307		    -381.64716
    -406.89086		    -143.78348
    -395.82994		     163.24834
    -184.31872		     382.75411
     117.31627		     404.84350
     354.78955		     221.39749
     408.74000		     -71.40271
     254.68358		    -323.44976
     -26.05581		    -407.63112
    -289.21367		    -283.89648
    -401.68492		     -18.20001
    -308.81304		     252.58002
     -60.86960		     391.12207
     214.06077		     329.26836
     376.21159		     101.49207
     345.15594		    -174.17458
     139.64525		    -357.26614
    -133.44040		    -356.42719
    -334.63692		    -174.94953
    -363.09017		      92.37128
    -207.07112		     308.70832
      51.46839		     365.20777
     279.89223		     235.72454
     362.89528		     -11.21544
     260.67464		    -248.62236
      27.92663		    -356.31733
    -215.34829		    -281.73775
    -345.68445		     -65.52438
    -298.78238		     180.52967
    -101.17623		     331.24914
     144.63040		     311.72909
     313.30151		     134.51630
     320.54991		    -108.11291
     165.21763		    -292.16468
     -71.43277		    -325.26703
    -268.18989		    -192.99493
    -325.95097		      35.03335
    -217.60664		     241.75143
      -0.65900		     322.71831
     213.24147		     238.85656
     315.72881		      35.23960
     256.59468		    -183.06479
      68.32956		    -305.18219
    -151.63360		    -270.71763
    -291.31451		     -99.57952
    -281.16844		     119.36231
    -128.67291		     274.39421
      86.66260		     287.93577
     254.71793		     155.32874
     291.05268		     -53.93850
     179.30383		    -232.60603
     -21.58186		    -290.59481
    -208.39813		    -200.39456
    -286.67819		     -10.03200
    -218.43808		     182.44834
     -40.54822		     279.45660
     155.12067		     233.31300
     269.11856		      69.63606
     244.93955		    -126.78432
      96.99206		    -255.88400
     -97.80914		    -253.27923
    -240.00068		    -122.34285
    -258.33403		      68.56118
    -145.44748		     221.74033
      39.39841		     260.14515
     201.39471		     166.09928
     258.79124		     -10.66672
     184.12732		    -179.27145
      17.30385		    -254.38639
    -155.68993		    -199.39729
    -247.07758		     -44.20256
    -211.81198		     130.97707
     -69.74109		     237.04199
     105.46321		     221.31135
     224.48387		      93.65629
     227.87202		     -79.47804
     115.71257		    -209.63134
     -53.34668		    -231.50649
    -192.73284		    -135.70382
    -232.26180		      27.38595
    -153.45498		     174.05362
       1.90084		     230.21799
     153.87197		     168.82319
     225.48604		      22.81880
     181.69850		    -132.47557
      46.50122		    -218.20565
    -110.15769		    -192.00411
    -208.54264		     -68.89545
    -199.69635		      87.21354
     -89.77372		     196.68618
      63.93671		     204.76411
     182.84581		     108.93338
     207.22799		     -40.61567
     126.19861		    -167.24829
     -17.53049		    -207.13908
    -150.13438		    -141.42167
    -204.57740		      -5.05023
    -154.48378		     131.75549
     -26.87222		     199.65003
     112.37041		     165.29567
     192.48902		      47.69817
     173.79772		     -92.24191
      67.30998		    -183.24905
     -71.63356		    -179.95975
    -172.10483		     -85.51081
    -183.78051		      50.80647
    -102.12680		     159.24844
      30.01633		     185.28673
     144.88648		     117.00837
     184.53200		      -9.51045
     130.03132		    -129.23716
      10.47489		    -181.59526
    -112.52732		    -141.09749
    -176.57910		     -29.71695
    -150.13516		      94.98946
     -48.00875		     169.60777
      76.85878		     157.09903
     160.82506		      65.16107
     161.97004		     -58.37029
      81.00418		    -150.39195
     -39.75602		    -164.75469
    -138.48418		     -95.38921
    -165.48422		      21.24232
    -108.18934		     125.28965
       3.04734		     164.21349
     111.00585		     119.30063
     161.01953		      14.62134
     128.64250		     -95.83719
      31.56883		    -156.00001
     -79.99230		    -136.15804
    -149.27137		     -47.61489
    -141.81392		      63.68146
     -62.59564		     140.96688
      47.11402		     145.60004
     131.23452		      76.36498
     147.52900		     -30.49590
      88.79584		    -120.23478
     -14.02729		    -147.63518
    -108.13830		     -99.78104
    -145.97368		      -2.09963
    -109.23400		      95.12357
     -17.70269		     142.61903
      81.37453		     117.08915
     137.66369		      32.61162
     123.30202		     -67.07821
      46.66970		    -131.21638
     -52.42238		    -127.84915
    -123.40029		     -59.73526
    -130.72772		      37.59332
     -71.68283		     114.35118
      22.77360		     131.95494
     104.21532		      82.40421
     131.56720		      -8.14006
      91.80919		     -93.14746
       6.13819		    -129.61908
     -81.30869		     -99.82607
    -126.18214		     -19.90149
    -106.40199		      68.86434
     -33.00127		     121.34349
      55.98187		     111.50292
     115.20430		      45.30152
     115.11352		     -42.82877
      56.67994		    -107.87817
     -29.57063		    -117.23672
     -99.48937		     -67.02908
    -117.89315		      16.36912
     -76.25708		      90.17100
       3.38028		     117.12034
      80.06320		      84.28832
     114.97172		       9.24725
      91.06385		     -69.31117
      21.37372		    -111.51552
     -58.06333		     -96.54151
    -106.83349		     -32.86972
    -100.69600		      46.46945
     -43.61734		     101.01949
      34.67877		     103.51857
      94.17801		      53.51129
     105.01670		     -22.83831
      62.45973		     -86.42260
     -11.09110		    -105.21343
     -77.87421		     -70.38496
    -104.14667		      -0.42534
     -77.22391		      68.65952
     -11.58053		     101.86825
      58.90926		      82.92844
      98.44285		      22.25232
      87.46546		     -48.75653
      32.32811		     -93.94690
     -38.33511		     -90.81686
     -88.46724		     -41.70593
     -92.97926		      27.77786
     -50.29529		      82.09978
      17.21514		      93.96357
      74.94806		      58.01792
      93.79449		      -6.77336
      64.80833		     -67.12183
       3.42643		     -92.50969
     -58.73547		     -70.61420
     -90.15904		     -13.26982
     -75.39660		      49.90653
     -22.65018		      86.80360
      40.75421		      79.13003
      82.51453		      31.46974
      81.80230		     -31.39789
      39.64044		     -77.37199
     -21.95571		     -83.41430
     -71.46382		     -47.08469
     -83.97957		      12.54315
     -53.73600		      64.88430
       3.27180		      83.52370
      57.73284		      59.53940
      82.08374		       5.75191
      64.45176		     -50.11259
      14.42780		     -79.70733
     -42.12911		     -68.44192
     -76.45183		     -22.66294
     -71.49073		      33.88907
     -30.37254		      72.38334
      25.49885		      73.59085
      67.57562		      37.48071
      74.74654		     -17.06339
      43.92112		     -62.10899
      -8.68489		     -74.97318
     -56.06916		     -49.63743
     -74.29681		       0.46172
     -54.58374		      49.54605
      -7.51264		      72.75344
      42.63255		      58.72473
      70.38831		      15.15059
      62.03584		     -35.42337
      22.37125		     -67.25512
     -28.01381		     -64.50314
     -63.41507		     -29.10124
     -66.12326		      20.49861
     -35.27529		      58.93590
      12.97086		      66.90303
      53.89092		      40.83682
      66.85913		      -5.52091
      45.73830		     -48.35791
       1.76462		     -66.01754
     -42.41810		     -49.94157
     -64.41301		      -8.80373
     -53.41799		      36.15506
     -15.51992		      62.08830
      29.65362		      56.14849
      59.09347		      21.84292
      58.12351		     -22.99887
      27.70932		     -55.48503
     -16.27507		     -59.34282
     -51.32509		     -33.06313
     -59.81520		       9.56472
     -37.85622		      46.68041
       2.94759		      59.55812
      41.62151		      42.04866
      58.59721		       3.50011
      45.60890		     -36.22164
       9.70657		     -56.96573
     -30.55590		     -48.51396
     -54.70390		     -15.60507
     -50.74938		      24.70021
     -21.13466		      51.85825
      18.73042		      52.30916
      48.48086		      26.24064
      53.19555		     -12.72142
      30.87511		     -44.62852
      -6.74623		     -53.41879
     -40.36197		     -34.99725
     -52.99671		       0.87521
     -38.57365		      35.74500
      -4.82469		      51.95432
      30.84364		      41.57845
      50.32326		      10.29064
      43.99341		     -25.72525
      15.46457		     -48.14122
     -20.45772		     -45.80791
     -45.45134		     -20.29366
     -47.01885		      15.10861
     -24.73086		      42.30146
       9.74436		      47.63041
      38.74345		      28.73528
      47.65382		      -4.42957
      32.27243		     -34.83245
       0.77378		     -47.10700
     -30.62613		     -35.31450
     -46.01411		      -5.80697
     -37.84044		      26.18389
     -10.61509		      44.40510
      21.56611		      39.83602
      42.31517		      15.14764
      41.29381		     -16.83341
      19.35898		     -39.78417
     -12.04590		     -42.21300
     -36.85598		     -23.20872
     -42.59928		       7.26250
     -26.66203		      33.57789
       2.54024		      42.46451
      29.99989		      29.68989
      41.82641		       2.06633
      32.26928		     -26.17402
       6.50573		     -40.70817
     -22.15366		     -34.38325
     -39.13802		     -10.73008
     -36.02093		      17.99289
     -14.69555		      37.14868
      13.74577		      37.17746
      34.77691		      18.36275
      37.85392		      -9.46572
      21.69708		     -32.06287
      -5.20492		     -38.05707
     -29.04958		     -24.66898
     -37.79911		       1.01369
     -27.25415		      25.78232
      -3.06002		      37.09739
      22.30797		      29.43365
      35.97402		       6.97118
      31.19398		     -18.67448
      10.67806		     -34.45546
     -14.93018		     -32.52707
     -32.57209		     -14.14269
     -33.43019		      11.12326
     -17.33114		      30.35770
       7.30113		      33.90586
      27.84900		      20.21385
      33.96161		      -3.50997
      22.76584		     -25.08505
       0.20590		     -33.60976
     -22.10679		     -24.96682
     -32.86712		      -3.80438
     -26.80135		      18.95645
      -7.24610		      31.75465
      15.67699		      28.25884
      30.29708		      10.49478
      29.33353		     -12.31159
      13.51757		     -28.52251
      -8.90315		     -30.02441
     -26.46196		     -16.28531
     -30.33511		       5.49372
     -18.77283		      24.14888
       2.12408		      30.27366
      21.61873		      20.95907
      29.85231		       1.16674
      22.82720		     -18.90848
       4.34183		     -29.08723
     -16.05606		     -24.36475
     -27.99818		      -7.36683
     -25.56357		      13.09998
     -10.21024		      26.60821
      10.07877		      26.41979
      24.94323		      12.84368
      26.93379		      -7.03054
      15.24219		     -23.03165
      -3.99256		     -27.11001
     -20.90394		     -17.38435
     -26.95678		       1.00083
     -19.25250		      18.59221
      -1.91034		      26.48614
      16.12978		      20.83279
      25.71351		       4.70864
      22.11522		     -13.55073
       7.36413		     -24.65747
     -10.88951		     -23.09370
     -23.33941		      -9.84947
     -23.76592		       8.18045
     -12.14024		      21.78319
       5.45741		      24.13332
      20.01476		      14.21508
      24.20094		      -2.75336
      16.05586		     -18.06183
      -0.10004		     -23.97725
     -15.95345		     -17.64782
     -23.47392		      -2.47241
     -18.97964		      13.71961
      -4.93576		      22.70561
      11.39089		      20.04344
      21.68972		       7.26393
      20.83481		      -8.99806
       9.43329		     -20.44603
      -6.57170		     -21.35270
     -18.99645		     -11.42282
     -21.59938		       4.14184
     -13.21430		      17.36468
       1.73764		      21.58030
      15.57584		      14.79246
      21.30391		       0.61298
      16.14501		     -13.65619
       2.88357		     -20.78146
     -11.63270		     -17.26279
     -20.02680		      -5.04948
     -18.13969		       9.53276
      -7.08805		      19.05615
       7.38385		      18.77268
      17.88777		       8.97887
      19.16174		      -5.21316
      10.70390		     -16.54176
      -3.04729		     -19.30976
     -15.03968		     -12.24766
     -19.22244		       0.91199
     -13.59730		      13.40431
      -1.16817		      18.90809
      11.65933		      14.74270
      18.37749		       3.17003
      15.67648		      -9.82898
       5.07209		     -17.64367
      -7.93776		     -16.39403
     -16.72168		      -6.85472
     -16.89347		       6.01018
      -8.50028		      15.62837
       4.07038		      17.17556
      14.38209		       9.99337
      17.24367		      -2.14193
      11.32085		     -13.00248
      -0.24752		     -17.10358
     -11.51015		     -12.47198
     -16.76343		      -1.59125
     -13.43845		       9.92641
      -3.35414		      16.23345
       8.27302		      14.21443
      15.52586		       5.02242
      14.79653		      -6.57189
       6.57909		     -14.65461
      -4.84484		     -15.18380
     -13.63516		      -8.00898
     -15.37763		       3.11330
      -9.29893		      12.48428
       1.39810		      15.38168
      11.21980		      10.43786
      15.20178		       0.28076
      11.41682		      -9.86034
       1.90434		     -14.84577
      -8.42508		     -12.22906
     -14.32334		      -3.45495
     -12.87003		       6.93353
      -4.91631		      13.64590
       5.40524		      13.33736
      12.82632		       6.27372
      13.63085		      -3.85961
       7.51417		     -11.87881
      -2.31567		     -13.75235
     -10.81863		      -8.62645
     -13.70575		       0.79180
      -9.60124		       9.66195
      -0.69440		      13.49679
       8.42557		      10.43114
      13.13299		       2.12634
      11.11070		      -7.12673
       3.48859		     -12.62348
      -5.78290		     -11.63647
     -11.97888		      -4.76700
     -12.00691		       4.41151
      -5.94891		      11.21104
       3.02982		      12.22239
      10.33298		       7.02317
      12.28514		      -1.65464
       7.98027		      -9.35857
      -0.30223		     -12.19913
      -8.30246		      -8.81240
     -11.96999		      -1.01197
      -9.51348		       7.17979
      -2.27343		      11.60488
       6.00604		      10.07917
      11.11237		       3.46871
      10.50692		      -4.79681
       4.58557		     -10.50229
      -3.56765		     -10.79587
      -9.78557		      -5.61308
     -10.94685		       2.33387
      -6.54173		       8.97406
       1.11035		      10.96235
       8.08040		       7.36348
      10.84635		       0.08860
       8.07182		      -7.11781
       1.24940		     -10.60431
      -6.09993		      -8.66178
     -10.24303		      -2.35938
      -9.12998		       5.04063
      -3.40682		       9.77051
       3.95385		       9.47458
       9.19583		       4.38116
       9.69530		      -2.85342
       5.27301		      -8.52903
      -1.75293		      -9.79332
      -7.78091		      -6.07425
      -9.77126		       0.66553
      -6.77812		       6.96295
      -0.39620		       9.63312
       6.08707		       7.37922
       9.38412		       1.42036
       7.87353		      -5.16553
       2.39586		      -9.03067
      -4.21076		      -8.25846
      -8.58023		      -3.31257
      -8.53279		       3.23519
      -4.16133		       8.04117
       2.25113		       8.69666
       7.42269		       4.93411
       8.75153		      -1.27061
       5.62402		      -6.73463
      -0.30522		      -8.70011
      -5.98736		      -6.22539
      -8.54630		      -0.63396
      -6.73375		       5.19165
      -1.53651		       8.29512
       4.35850		       7.14592
       7.95256		       2.39279
       7.45994		      -3.49903
       3.19399		      -7.52556
      -2.62432		      -7.67509
      -7.02183		      -3.93223
      -7.79186		       1.74530
      -4.60066		       6.44976
       0.87261		       7.81190
       5.81830		       5.19342
       7.73796		      -0.01648
       5.70579		      -5.13684
       0.81336		      -7.57383
      -4.41506		      -6.13412
      -7.32426		      -1.60782
      -6.47589		       3.66284
      -2.35850		       6.99488
       2.89011		       6.72970
       6.59209		       3.05777
       6.89524		      -2.10674
       3.69887		      -6.12297
      -1.32241		      -6.97325
      -5.59519		      -4.27594
      -6.96550		       0.54655
      -4.78406		       5.01686
      -0.21186		       6.87476
       4.39646		       5.21929
       6.70466		       0.94428
       5.57868		      -3.74271
       1.64276		      -6.45969
      -3.06444		      -5.86029
      -6.14510		      -2.30000
      -6.06315		       2.37053
      -2.90943		       5.76679
       1.66975		       6.18728
       5.33127		       3.46525
       6.23362		      -0.97069
       3.96246		      -4.84551
      -0.28165		      -6.20403
      -4.31686		      -4.39693
      -6.10122		      -0.38945
      -4.76542		       3.75296
      -1.03514		       5.92866
       3.16166		       5.06556
       5.69059		       1.64848
       5.29589		      -2.55086
       2.22316		      -5.39187
      -1.92846		      -5.45579
      -5.03796		      -2.75350
      -5.54555		       1.30227
      -3.23452		       4.63478
       0.67988		       5.56626
       4.18868		       3.66201
       5.51980		      -0.06861
       4.03252		      -3.70632
       0.52457		      -5.40882
      -3.19458		      -4.34338
      -5.23662		      -1.09314
      -4.59271		       2.66049
      -1.63106		       5.00717
       2.11112		       4.77944
       4.72497		       2.13285
       4.90328		      -1.55351
       2.59363		      -4.39504
      -0.99458		      -4.96469
      -4.02278		      -3.00916
      -4.96487		       0.44106
      -3.37588		       3.61396
      -0.10062		       4.90571
       3.17459		       3.69091
       4.78975		       0.62435
       3.95209		      -2.71087
       1.12441		      -4.62013
      -2.22909		      -4.15796
      -4.40054		      -1.59557
      -4.30777		       1.73558
      -2.03310		       4.13515
       1.23659		       4.40147
       3.82856		       2.43279
       4.43966		      -0.73825
       2.79104		      -3.48568
      -0.24650		      -4.42362
      -3.11176		      -3.10486
      -4.35520		      -0.23299
      -3.37187		       2.71221
      -0.69486		       4.23685
       2.29261		       3.59032
       4.07153		       1.13415
       3.75911		      -1.85858
       1.54629		      -3.86266
      -1.41576		      -3.87776
      -3.61409		      -1.92721
      -3.94639		       0.96972
      -2.27332		       3.33001
       0.52589		       3.96573
       3.01492		       2.58155
       3.93708		      -0.08950
       2.84940		      -2.67355
       0.33447		      -3.86227
      -2.31078		      -3.07490
      -3.74361		      -0.74133
      -3.25669		       1.93162
      -1.12674		       3.58388
       1.54109		       3.39394
       3.38626		       1.48677
       3.48637		      -1.14423
       1.81789		      -3.15428
      -0.74597		      -3.53429
      -2.89178		      -2.11705
      -3.53848		       0.35111
      -2.38166		       2.60284
      -0.03574		       3.50026
       2.29173		       2.60961
       3.42138		       0.41019
       2.79933		      -1.96285
       0.76816		      -3.30406
      -1.62069		      -2.94973
      -3.15088		      -1.10588
      -3.06023		       1.26973
      -1.41994		       2.96478
       0.91446		       3.13073
       2.74900		       1.70732
       3.16164		      -0.55925
       1.96540		      -2.50704
      -0.20834		      -3.15380
      -2.24260		      -2.19201
      -3.10852		      -0.13421
      -2.38542		       1.95955
      -0.46456		       3.02749
       1.66182		       2.54434
       2.91278		       0.77914
       2.66793		      -1.35345
       1.07468		      -2.76681
      -1.03843		      -2.75582
      -2.59229		      -1.34824
      -2.80806		       0.72075
      -1.59722		       2.39219
       0.40428		       2.82512
       2.16968		       1.81941
       2.80789		      -0.09277
       2.01299		      -1.92813
       0.21022		      -2.75763
      -1.67100		      -2.17653
      -2.67597		      -0.50133
      -2.30899		       1.40186
      -0.77744		       2.56486
       1.12428		       2.40976
       2.42653		       1.03572
       2.47862		      -0.84186
       1.27363		      -2.26348
      -0.55811		      -2.51573
      -2.07842		      -1.48897
      -2.52162		       0.27646
      -1.67985		       1.87425
       0.00022		       2.49719
       1.65399		       1.84475
       2.44368		       0.26748
       1.98250		      -1.42078
       0.52370		      -2.36261
      -1.17780		      -2.09230
      -2.25582		      -0.76574
      -2.17370		       0.92826
      -0.99114		       2.12537
       0.67534		       2.22661
       1.97356		       1.19773
       2.25127		      -0.42217
       1.38361		      -1.80285
      -0.17179		      -2.24826
      -1.61588		      -1.54721
      -2.21847		      -0.07290
      -1.68726		       1.41538
      -0.30915		       2.16309
       1.20416		       1.80281
       2.08358		       0.53440
       1.89324		      -0.98509
       0.74630		      -1.98162
      -0.76102		      -1.95825
      -1.85913		      -0.94273
      -1.99785		       0.53478
      -1.12181		       1.71822
       0.30915		       2.01234
       1.56112		       1.28195
       2.00234		      -0.08680
       1.42181		      -1.39023
       0.12970		      -1.96872
      -1.20801		      -1.54036
      -1.91261		      -0.33796
      -1.63683		       1.01699
      -0.53575		       1.83537
       0.81972		       1.71076
       1.73859		       0.72101
       1.76195		      -0.61875
       0.89192		      -1.62403
      -0.41661		      -1.79051
      -1.49360		      -1.04689
      -1.79678		       0.21574
      -1.18456		       1.34935
       0.01850		       1.78139
       1.19344		       1.30381
       1.74518		       0.17285
       1.40379		      -1.02809
       0.35623		      -1.68923
      -0.85556		      -1.48390
      -1.61483		      -0.52967
      -1.54381		       0.67815
      -0.69142		       1.52343
       0.49812		       1.58340
       1.41665		       0.83991
       1.60285		      -0.31770
       0.97376		      -1.29624
      -0.13906		      -1.60255
      -1.16407		      -1.09184
      -1.58310		      -0.03571
      -1.19322		       1.02207
      -0.20465		       1.54533
       0.87224		       1.27720
       1.49026		       0.36591
       1.34332		      -0.71663
       0.51782		      -1.41908
      -0.55726		      -1.39134
      -1.33315		      -0.65884
      -1.42125		       0.39617
      -0.78763		       1.23394
       0.23532		       1.43325
       1.12306		       0.90302
       1.42774		      -0.07663
       1.00405		      -1.00218
       0.07806		      -1.40535
      -0.87306		      -1.08995
      -1.36685		      -0.22704
      -1.16017		       0.73750
      -0.36869		       1.31321
       0.59732		       1.21436
       1.24553		       0.50156
       1.25236		      -0.45434
       0.62433		      -1.16506
      -0.31035		      -1.27421
      -1.07316		      -0.73584
      -1.28016		       0.16710
      -0.83510		       0.97127
       0.02629		       1.27063
       0.86093		       0.92131
       1.24620		       0.11048
       0.99385		      -0.74371
       0.24171		      -1.20764
      -0.62122		      -1.05227
      -1.15584		      -0.36598
      -1.09630		       0.49510
      -0.48204		       1.09183
       0.36697		       1.12587
       1.01675		       0.58875
       1.14107		      -0.23841
       0.68512		      -0.93184
      -0.11098		      -1.14216
      -0.83841		      -0.77032
      -1.12957		      -0.01384
      -0.84368		       0.73786
      -0.13463		       1.10387
       0.63160		       0.90469
       1.06577		       0.25008
       0.95300		      -0.52108
       0.35897		      -1.01612
      -0.40775		      -0.98843
      -0.95585		      -0.46019
      -1.01095		       0.29305
      -0.55279		       0.88603
       0.17840		       1.02069
       0.80777		       0.63592
       1.01793		      -0.06516
       0.70888		      -0.72228
       0.04536		      -1.00309
      -0.63081		      -0.77111
      -0.97672		      -0.15192
      -0.82220		       0.53462
      -0.25336		       0.93950
       0.43502		       0.86188
       0.89219		       0.34864
       0.89004		      -0.33331
       0.43681		      -0.83569
      -0.23075		      -0.90669
      -0.77095		      -0.51703
      -0.91198		       0.12861
      -0.58859		       0.69900
       0.02809		       0.90622
       0.62092		       0.65090
       0.88980		       0.06966
       0.70351		      -0.53783
       0.16355		      -0.86326
      -0.45088		      -0.74608
      -0.82722		      -0.25258
      -0.77842		       0.36124
      -0.33584		       0.78240
       0.27005		       0.80045
       0.72963		       0.41252
       0.81224		      -0.17845
       0.48189		      -0.66976
      -0.08756		      -0.81395
      -0.60375		      -0.54335
      -0.80589		      -0.00157
      -0.59642		       0.53256
      -0.08793		       0.78844
       0.45720		       0.64073
       0.76211		       0.17056
       0.67600		      -0.37872
       0.24860		      -0.72749
      -0.29813		      -0.70211
      -0.68524		      -0.32126
      -0.71901		       0.21648
      -0.38783		       0.63611
       0.13476		       0.72680
       0.58090		       0.44770
       0.72567		      -0.05396
       0.50038		      -0.52045
       0.02499		      -0.71589
      -0.45566		      -0.54544
      -0.69787		      -0.10120
      -0.58259		       0.38742
      -0.17384		       0.67206
       0.31666		       0.61163
       0.63901		       0.24215
       0.63247		      -0.24430
       0.30546		      -0.59936
      -0.17127		      -0.64509
      -0.55376		      -0.36316
      -0.64962		       0.09844
      -0.41474		       0.50296
       0.02669		       0.64625
       0.44772		       0.45976
       0.63526		       0.04315
       0.49790		      -0.38883
       0.11033		      -0.61701
      -0.32712		      -0.52891
      -0.59195		      -0.17410
      -0.55263		       0.26341
      -0.23383		       0.56060
       0.19852		       0.56902
       0.52352		       0.28891
       0.57810		      -0.13327
       0.33884		      -0.48132
      -0.06844		      -0.58000
      -0.43468		      -0.38317
      -0.57490		       0.00480
      -0.42155		       0.38429
      -0.05693		       0.56309
       0.33086		       0.45371
       0.54491		       0.11607
       0.47945		      -0.27513
       0.17200		      -0.52079
      -0.21783		      -0.49866
      -0.49118		      -0.22414
      -0.51132		       0.15971
      -0.27199		       0.45663
       0.10147		       0.51748
       0.41768		       0.31511
       0.51726		      -0.04382
       0.35312		      -0.37495
       0.01257		      -0.51087
      -0.32905		      -0.38575
      -0.49857		      -0.06706
      -0.41275		       0.28065
      -0.11907		       0.48069
       0.23038		       0.43399
       0.45762		       0.16805
       0.44938		      -0.17892
       0.21350		      -0.42980
      -0.12691		      -0.45892
      -0.39770		      -0.25500
      -0.46269		       0.07500
      -0.29216		       0.36184
       0.02379		       0.46081
       0.32276		       0.32468
       0.45348		       0.02612
       0.35232		      -0.28103
       0.07417		      -0.44096
      -0.23724		      -0.37490
      -0.42355		      -0.11985
      -0.39229		       0.19197
      -0.16268		       0.40163
       0.14580		       0.40446
       0.37558		       0.20225
       0.41142		      -0.09931
       0.23817		      -0.34584
      -0.05308		      -0.41324
      -0.31290		      -0.27014
      -0.41007		       0.00765
      -0.29789		       0.27723
      -0.03648		       0.40210
       0.23935		       0.32122
       0.38957		       0.07880
       0.34000		      -0.19979
       0.11887		      -0.37277
      -0.15906		      -0.35412
      -0.35204		      -0.15628
      -0.36358		       0.11768
      -0.19067		       0.32773
       0.07619		       0.36840
       0.30027		       0.22171
       0.36867		      -0.03506
       0.24915		      -0.27006
       0.00521		      -0.36452
      -0.23757		      -0.27276
      -0.35615		      -0.04418
      -0.29238		       0.20323
      -0.08141		       0.34378
       0.16753		       0.30789
       0.32768		       0.11651
       0.31925		      -0.13094
       0.14914		      -0.30817
      -0.09391		      -0.32644
      -0.28557		      -0.17898
      -0.32951		       0.05690
      -0.20576		       0.26026
       0.02036		       0.32855
       0.23263		       0.22924
       0.32369		       0.01530
       0.24927		      -0.20307
       0.04967		      -0.31511
      -0.17199		      -0.26569
      -0.30303		      -0.08238
      -0.27843		       0.13982
      -0.11310		       0.28770
       0.10698		       0.28745
       0.26941		       0.14152
       0.29276		      -0.07387
       0.16736		      -0.24846
      -0.04090		      -0.29440
      -0.22519		      -0.19041
      -0.29247		       0.00847
      -0.21047		       0.19995
      -0.02307		       0.28711
       0.17310		       0.22739
       0.27848		       0.05335
       0.24107		      -0.14502
       0.08206		      -0.26679
      -0.11607		      -0.25145
      -0.25227		      -0.10890
      -0.25850		       0.08662
      -0.13361		       0.23519
       0.05705		       0.26224
       0.21583		       0.15595
       0.26274		      -0.02772
       0.17575		      -0.19448
       0.00104		      -0.26007
      -0.17147		      -0.19283
      -0.25439		      -0.02890
      -0.20708		       0.14713
      -0.05555		       0.24584
       0.12177		       0.21841
       0.23461		       0.08071
       0.22678		      -0.09575
       0.10413		      -0.22093
      -0.06939		      -0.23218
      -0.20503		      -0.12558
      -0.23464		       0.04301
      -0.14487		       0.18717
       0.01694		       0.23422
       0.16763		       0.16182
       0.23102		       0.00854
       0.17632		      -0.14669
       0.03312		      -0.22515
      -0.12464		      -0.18827
      -0.21677		      -0.05654
      -0.19759		       0.10179
      -0.07857		       0.20606
       0.07842		       0.20427
       0.19322		       0.09897
       0.20830		      -0.05485
       0.11756		      -0.17847
      -0.03134		      -0.20971
      -0.16204		      -0.13417
      -0.20857		       0.00819
      -0.14867		       0.14418
      -0.01435		       0.20498
       0.12516		       0.16094
       0.19905		       0.03601
       0.17090		      -0.10522
       0.05658		      -0.19092
      -0.08464		      -0.17852
      -0.18076		      -0.07583
      -0.18376		       0.06369
      -0.09358		       0.16876
       0.04263		       0.18665
       0.15511		       0.10967
       0.18722		      -0.02170
       0.12394		      -0.14003
      -0.00117		      -0.18553
      -0.12374		      -0.13630
      -0.18168		      -0.01874
      -0.14664		       0.10647
      -0.03782		       0.17578
       0.08847		       0.15491
       0.16795		       0.05585
       0.16107		      -0.06997
       0.07266		      -0.15837
      -0.05120		      -0.16512
      -0.14718		      -0.08808
      -0.16707		       0.03241
      -0.10197		       0.13459
       0.01380		       0.16696
       0.12077		       0.11421
       0.16486		       0.00439
       0.12470		      -0.10594
       0.02197		      -0.16085
      -0.09030		      -0.13339
      -0.15505		      -0.03874
      -0.14021		       0.07406
      -0.05453		       0.14757
       0.05745		       0.14514
       0.13856		       0.06918
       0.14819		      -0.04066
       0.08255		      -0.12818
      -0.02390		      -0.14937
      -0.11658		      -0.09452
      -0.14873		       0.00737
      -0.10499		       0.10395
      -0.00873		       0.14633
       0.09046		       0.11389
       0.14226		       0.02423
       0.12114		      -0.07631
       0.03896		      -0.13661
      -0.06169		      -0.12673
      -0.12950		      -0.05277
      -0.13062		       0.04679
      -0.06552		       0.12107
       0.03178		       0.13284
       0.11145		       0.07709
       0.13340		      -0.01686
       0.08739		      -0.10080
      -0.00220		      -0.13234
      -0.08927		      -0.09632
      -0.12974		      -0.01204
      -0.10382		       0.07703
      -0.02569		       0.12567
       0.06425		       0.10985
       0.12022		       0.03861
       0.11439		      -0.05110
       0.05067		      -0.11351
      -0.03774		      -0.11741
      -0.10564		      -0.06175
      -0.11894		       0.02434
      -0.07175		       0.09676
       0.01107		       0.11900
       0.08699		       0.08058
       0.11764		       0.00192
       0.08818		      -0.07649
       0.01449		      -0.11491
      -0.06539		      -0.09449
      -0.11089		      -0.02650
      -0.09947		       0.05386
      -0.03782		       0.10567
       0.04205		       0.10311
       0.09935		       0.04833
       0.10541		      -0.03009
       0.05795		      -0.09204
      -0.01815		      -0.10638
      -0.08386		      -0.06657
      -0.10604		       0.00635
      -0.07413		       0.07492
      -0.00515		       0.10445
       0.06537		       0.08058
       0.10166		       0.01624
       0.08586		      -0.05533
       0.02679		      -0.09774
      -0.04494		      -0.08995
      -0.09277		      -0.03669
      -0.09284		       0.03433
      -0.04585		       0.08685
       0.02365		       0.09453
       0.08007		       0.05417
       0.09503		      -0.01301
       0.06160		      -0.07255
      -0.00254		      -0.09439
      -0.06439		      -0.06805
      -0.09264		      -0.00763
      -0.07350		       0.05571
      -0.01740		       0.08984
       0.04664		       0.07789
       0.08604		       0.02666
       0.08122		      -0.03729
       0.03531		      -0.08134
      -0.02778		      -0.08348
      -0.07581		      -0.04327
      -0.08467		       0.01824
      -0.05047		       0.06955
       0.00877		       0.08481
       0.06265		       0.05685
       0.08393		       0.00051
       0.06234		      -0.05521
       0.00949		      -0.08208
      -0.04734		      -0.06692
      -0.07930		      -0.01809
      -0.07056		       0.03915
      -0.02620		       0.07566
       0.03075		       0.07325
       0.07123		       0.03375
       0.07497		      -0.02224
       0.04066		      -0.06608
      -0.01373		      -0.07575
      -0.06031		      -0.04687
      -0.07560		       0.00531
      -0.05233		       0.05399
      -0.00291		       0.07455
       0.04722		       0.05700
       0.07264		       0.01084
       0.06084		      -0.04010
       0.01839		      -0.06992
      -0.03272		      -0.06383
      -0.06645		      -0.02549
      -0.06597		       0.02517
      -0.03207		       0.06229
       0.01756		       0.06726
       0.05752		       0.03806
       0.06770		      -0.00998
       0.04341		      -0.05221
      -0.00251		      -0.06732
      -0.04643		      -0.04807
      -0.06614		      -0.00476
      -0.05202		       0.04028
      -0.01175		       0.06421
       0.03384		       0.05522
       0.06158		       0.01838
       0.05767		      -0.02720
       0.02459		      -0.05829
      -0.02043		      -0.05935
      -0.05440		      -0.03031
      -0.06026		       0.01363
      -0.03549		       0.04998
       0.00688		       0.06043
       0.04511		       0.04009
       0.05988		      -0.00026
       0.04407		      -0.03984
       0.00617		      -0.05862
      -0.03426		      -0.04739
      -0.05670		      -0.01232
      -0.05005		       0.02845
      -0.01813		       0.05417
       0.02247		       0.05203
       0.05106		       0.02355
       0.05332		      -0.01642
       0.02852		      -0.04744
      -0.01035		      -0.05394
      -0.04337		      -0.03299
      -0.05389		       0.00434
      -0.03694		       0.03890
      -0.00153		       0.05320
       0.03411		       0.04031
       0.05190		       0.00720
       0.04311		      -0.02905
       0.01261		      -0.05001
      -0.02381		      -0.04530
      -0.04759		      -0.01770
      -0.04688		       0.01844
      -0.02242		       0.04467
       0.01302		       0.04785
       0.04131		       0.02673
       0.04822		      -0.00761
       0.03058		      -0.03756
      -0.00228		      -0.04800
      -0.03348		      -0.03395
      -0.04722		      -0.00291
      -0.03681		       0.02912
      -0.00791		       0.04589
       0.02455		       0.03915
       0.04406		       0.01266
       0.04094		      -0.01983
       0.01711		      -0.04176
      -0.01501		      -0.04218
      -0.03903		      -0.02122
      -0.04289		       0.01017
      -0.02495		       0.03592
       0.00535		       0.04306
       0.03247		       0.02827
       0.04271		      -0.00062
       0.03114		      -0.02875
       0.00397		      -0.04186
      -0.02479		      -0.03356
      -0.04054		      -0.00837
      -0.03549		       0.02066
      -0.01254		       0.03877
       0.01641		       0.03695
       0.03660		       0.01643
       0.03792		      -0.01210
       0.02000		      -0.03405
      -0.00778		      -0.03840
      -0.03118		      -0.02322
      -0.03841		       0.00349
      -0.02606		       0.02802
      -0.00070		       0.03796
       0.02463		       0.02851
       0.03707		       0.00475
       0.03054		      -0.02104
       0.00862		      -0.03577
      -0.01732		      -0.03214
      -0.03408		      -0.01227
      -0.03330		       0.01350
      -0.01566		       0.03203
       0.00964		       0.03404
       0.02967		       0.01876
       0.03434		      -0.00579
       0.02154		      -0.02702
      -0.00198		      -0.03423
      -0.02413		      -0.02397
      -0.03370		      -0.00173
      -0.02605		       0.02104
      -0.00531		       0.03280
       0.01780		       0.02774
       0.03152		       0.00871
       0.02906		      -0.01444
       0.01190		      -0.02991
      -0.01102		      -0.02998
      -0.02800		      -0.01485
      -0.03052		       0.00757
      -0.01754		       0.02580
       0.00413		       0.03068
       0.02337		       0.01993
       0.03046		      -0.00076
       0.02200		      -0.02073
       0.00252		      -0.02989
      -0.01793		      -0.02376
      -0.02898		      -0.00567
      -0.02517		       0.01500
      -0.00866		       0.02775
       0.01198		       0.02624
       0.02623		       0.01145
       0.02696		      -0.00891
       0.01401		      -0.02444
      -0.00583		      -0.02734
      -0.02241		      -0.01633
      -0.02737		       0.00278
      -0.01839		       0.02018
      -0.00022		       0.02709
       0.01778		       0.02016
       0.02648		       0.00312
       0.02163		      -0.01523
       0.00589		      -0.02558
      -0.01259		      -0.02280
      -0.02440		      -0.00851
      -0.02366		       0.00988
      -0.01094		       0.02296
       0.00713		       0.02421
       0.02130		       0.01317
       0.02446		      -0.00438
       0.01517		      -0.01943
      -0.00166		      -0.02440
      -0.01739		      -0.01692
      -0.02406		      -0.00099
      -0.01843		       0.01520
      -0.00354		       0.02343
       0.01290		       0.01966
       0.02255		       0.00598
       0.02062		      -0.01052
       0.00827		      -0.02143
      -0.00808		      -0.02131
      -0.02008		      -0.01039
      -0.02172		       0.00562
      -0.01232		       0.01854
       0.00317		       0.02185
       0.01682		       0.01404
       0.02173		      -0.00076
       0.01554		      -0.01495
       0.00158		      -0.02134
      -0.01297		      -0.01681
      -0.02071		      -0.00384
      -0.01784		       0.01089
      -0.00597		       0.01986
       0.00874		       0.01863
       0.01879		       0.00797
       0.01917		      -0.00656
       0.00982		      -0.01754
      -0.00436		      -0.01946
      -0.01611		      -0.01149
      -0.01951		       0.00218
      -0.01297		       0.01453
       0.00004		       0.01932
       0.01283		       0.01425
       0.01891		       0.00203
       0.01532		      -0.01103
       0.00401		      -0.01829
      -0.00915		      -0.01617
      -0.01747		      -0.00589
      -0.01680		       0.00722
      -0.00763		       0.01646
       0.00526		       0.01722
       0.01529		       0.00924
       0.01741		      -0.00330
       0.01068		      -0.01397
      -0.00137		      -0.01739
      -0.01253		      -0.01195
      -0.01717		      -0.00053
      -0.01303		       0.01098
      -0.00236		       0.01674
       0.00935		       0.01393
       0.01613		       0.00410
       0.01463		      -0.00765
       0.00574		      -0.01535
      -0.00592		      -0.01514
      -0.01440		      -0.00726
      -0.01545		       0.00417
      -0.00865		       0.01331
       0.00243		       0.01557
       0.01210		       0.00989
       0.01549		      -0.00070
       0.01098		      -0.01078
       0.00097		      -0.01524
      -0.00937		      -0.01190
      -0.01481		      -0.00258
      -0.01265		       0.00790
      -0.00412		       0.01421
       0.00637		       0.01322
       0.01347		       0.00555
       0.01362		      -0.00482
       0.00687		      -0.01258
      -0.00325		      -0.01385
      -0.01157		      -0.00808
      -0.01390		       0.00170
      -0.00914		       0.01046
       0.00017		       0.01378
       0.00926		       0.01007
       0.01351		       0.00131
       0.01085		      -0.00798
       0.00273		      -0.01308
      -0.00664		      -0.01147
      -0.01250		      -0.00407
      -0.01193		       0.00527
      -0.00533		       0.01180
       0.00388		       0.01224
       0.01098		       0.00648
       0.01240		      -0.00248
       0.00751		      -0.01005
      -0.00110		      -0.01240
      -0.00903		      -0.00843
      -0.01225		      -0.00025
      -0.00922		       0.00793
      -0.00156		       0.01196
       0.00677		       0.00987
       0.01154		       0.00281
       0.01038		      -0.00557
       0.00398		      -0.01099
      -0.00434		      -0.01076
      -0.01033		      -0.00508
      -0.01099		       0.00309
      -0.00607		       0.00956
       0.00184		       0.01109
       0.00871		       0.00697
       0.01105		      -0.00062
       0.00775		      -0.00777
       0.00058		      -0.01088
      -0.00677		      -0.00842
      -0.01058		      -0.00173
      -0.00897		       0.00573
      -0.00283		       0.01017
       0.00464		       0.00939
       0.00965		       0.00386
       0.00968		      -0.00354
       0.00481		      -0.00903
      -0.00242		      -0.00985
      -0.00832		      -0.00568
      -0.00990		       0.00131
      -0.00645		       0.00753
       0.00022		       0.00983
       0.00668		       0.00711
       0.00964		       0.00083
       0.00768		      -0.00577
       0.00185		      -0.00935
      -0.00482		      -0.00813
      -0.00895		      -0.00281
      -0.00847		       0.00385
      -0.00371		       0.00846
       0.00286		       0.00871
       0.00788		       0.00454
       0.00883		      -0.00186
       0.00529		      -0.00722
      -0.00088		      -0.00884
      -0.00650		      -0.00595
      -0.00874		      -0.00009
      -0.00652		       0.00572
      -0.00102		       0.00854
       0.00490		       0.00699
       0.00825		       0.00192
       0.00737		      -0.00405
       0.00276		      -0.00787
      -0.00317		      -0.00764
      -0.00740		      -0.00355
      -0.00782		       0.00228
      -0.00426		       0.00687
       0.00140		       0.00790
       0.00626		       0.00491
       0.00788		      -0.00052
       0.00547		      -0.00560
       0.00033		      -0.00776
      -0.00489		      -0.00596
      -0.00756		      -0.00116
      -0.00635		       0.00415
      -0.00195		       0.00727
       0.00338		       0.00666
       0.00691		       0.00268
       0.00688		      -0.00259
       0.00337		      -0.00647
      -0.00180		      -0.00701
      -0.00597		      -0.00399
      -0.00705		       0.00101
      -0.00454		       0.00542
       0.00023		       0.00701
       0.00482		       0.00503
       0.00689		       0.00052
       0.00543		      -0.00417
       0.00125		      -0.00668
      -0.00350		      -0.00577
      -0.00641		      -0.00194
      -0.00602		       0.00281
      -0.00259		       0.00606
       0.00210		       0.00619
       0.00565		       0.00318
       0.00628		      -0.00139
       0.00372		      -0.00519
      -0.00069		      -0.00630
      -0.00468		      -0.00419
      -0.00624		       0.00000
      -0.00461		       0.00413
      -0.00067		       0.00610
       0.00355		       0.00495
       0.00590		       0.00131
       0.00522		      -0.00294
       0.00191		      -0.00563
      -0.00232		      -0.00543
      -0.00531		      -0.00247
      -0.00556		       0.00169
      -0.00299		       0.00493
       0.00105		       0.00562
       0.00450		       0.00345
       0.00561		      -0.00043
       0.00386		      -0.00404
       0.00018		      -0.00554
      -0.00353		      -0.00421
      -0.00540		      -0.00077
      -0.00450		       0.00301
      -0.00133		       0.00520
       0.00246		       0.00473
       0.00495		       0.00186
       0.00489		      -0.00190
       0.00235		      -0.00464
      -0.00134		      -0.00499
      -0.00429		      -0.00280
      -0.00503		       0.00077
      -0.00320		       0.00390
       0.00022		       0.00500
       0.00347		       0.00355
       0.00492		       0.00032
       0.00385		      -0.00302
       0.00084		      -0.00478
      -0.00254		      -0.00409
      -0.00458		      -0.00134
      -0.00427		       0.00205
      -0.00180		       0.00434
       0.00155		       0.00440
       0.00406		       0.00223
       0.00447		      -0.00104
       0.00261		      -0.00373
      -0.00054		      -0.00449
      -0.00337		      -0.00296
      -0.00445		       0.00005
      -0.00326		       0.00298
      -0.00043		       0.00436
       0.00257		       0.00351
       0.00422		       0.00089
       0.00371		      -0.00214
       0.00132		      -0.00403
      -0.00169		      -0.00386
      -0.00380		      -0.00173
      -0.00395		       0.00124
      -0.00210		       0.00354
       0.00079		       0.00400
       0.00324		       0.00243
       0.00400		      -0.00035
       0.00273		      -0.00291
       0.00009		      -0.00395
      -0.00255		      -0.00298
      -0.00386		      -0.00051
      -0.00319		       0.00218
      -0.00091		       0.00372
       0.00179		       0.00335
       0.00354		       0.00129
       0.00347		      -0.00139
       0.00164		      -0.00333
      -0.00099		      -0.00355
      -0.00308		      -0.00197
      -0.00358		       0.00059
      -0.00225		       0.00280
       0.00019		       0.00357
       0.00250		       0.00251
       0.00351		       0.00019
       0.00272		      -0.00218
       0.00057		      -0.00341
      -0.00184		      -0.00290
      -0.00328		      -0.00092
      -0.00303		       0.00149
      -0.00125		       0.00311
       0.00113		       0.00313
       0.00291		       0.00156
       0.00318		      -0.00078
       0.00184		      -0.00268
      -0.00042		      -0.00320
      -0.00243		      -0.00209
      -0.00317		       0.00007
      -0.00230		       0.00215
      -0.00028		       0.00311
       0.00186		       0.00248
       0.00302		       0.00060
       0.00263		      -0.00155
       0.00091		      -0.00289
      -0.00124		      -0.00274
      -0.00273		      -0.00120
      -0.00281		       0.00092
      -0.00147		       0.00254
       0.00060		       0.00285
       0.00233		       0.00171
       0.00285		      -0.00028
       0.00192		      -0.00209
       0.00003		      -0.00282
      -0.00184		      -0.00211
      -0.00276		      -0.00034
      -0.00226		       0.00158
      -0.00062		       0.00266
       0.00130		       0.00238
       0.00254		       0.00090
       0.00247		      -0.00102
       0.00115		      -0.00239
      -0.00073		      -0.00252
      -0.00221		      -0.00138
      -0.00255		       0.00045
      -0.00159		       0.00202
       0.00016		       0.00254
       0.00180		       0.00177
       0.00250		       0.00011
       0.00193		      -0.00158
       0.00038		      -0.00244
      -0.00134		      -0.00205
      -0.00235		      -0.00063
      -0.00215		       0.00109
      -0.00087		       0.00223
       0.00083		       0.00222
       0.00209		       0.00109
       0.00226		      -0.00058
       0.00129		      -0.00193
      -0.00032		      -0.00228
      -0.00175		      -0.00147
      -0.00226		       0.00007
      -0.00163		       0.00155
      -0.00017		       0.00222
       0.00134		       0.00176
       0.00216		       0.00041
       0.00186		      -0.00113
       0.00063		      -0.00207
      -0.00090		      -0.00194
      -0.00195		      -0.00084
      -0.00200		       0.00067
      -0.00103		       0.00182
       0.00045		       0.00203
       0.00167		       0.00120
       0.00203		      -0.00022
       0.00136		      -0.00151
       0.00000		      -0.00201
      -0.00133		      -0.00149
      -0.00197		      -0.00022
      -0.00160		       0.00114
      -0.00043		       0.00190
       0.00095		       0.00169
       0.00182		       0.00062
       0.00175		      -0.00074
       0.00080		      -0.00171
      -0.00054		      -0.00180
      -0.00159		      -0.00097
      -0.00181		       0.00034
      -0.00112		       0.00145
       0.00013		       0.00181
       0.00130		       0.00125
       0.00179		       0.00006
       0.00136		      -0.00114
       0.00025		      -0.00174
      -0.00097		      -0.00145
      -0.00168		      -0.00043
      -0.00153		       0.00079
      -0.00060		       0.00160
       0.00061		       0.00158
       0.00150		       0.00076
       0.00161		      -0.00043
       0.00091		      -0.00138
      -0.00025		      -0.00162
      -0.00126		      -0.00104
      -0.00161		       0.00007
      -0.00115		       0.00112
      -0.00011		       0.00159
       0.00097		       0.00124
       0.00154		       0.00028
       0.00132		      -0.00082
       0.00043		      -0.00148
      -0.00066		      -0.00138
      -0.00140		      -0.00058
      -0.00142		       0.00050
      -0.00072		       0.00131
       0.00033		       0.00144
       0.00120		       0.00085
       0.00145		      -0.00017
       0.00096		      -0.00109
      -0.00001		      -0.00144
      -0.00096		      -0.00105
      -0.00141		      -0.00014
      -0.00113		       0.00083
      -0.00029		       0.00136
       0.00069		       0.00120
       0.00130		       0.00043
       0.00125		      -0.00054
       0.00056		      -0.00123
      -0.00040		      -0.00128
      -0.00114		      -0.00068
      -0.00129		       0.00025
      -0.00079		       0.00104
       0.00011		       0.00129
       0.00094		       0.00088
       0.00128		       0.00003
       0.00096		      -0.00082
       0.00017		      -0.00125
      -0.00070		      -0.00103
      -0.00120		      -0.00030
      -0.00108		       0.00058
      -0.00042		       0.00114
       0.00045		       0.00112
       0.00107		       0.00053
       0.00115		      -0.00032
       0.00064		      -0.00099
      -0.00019		      -0.00116
      -0.00090		      -0.00073
      -0.00115		       0.00006
      -0.00081		       0.00081
      -0.00007		       0.00113
       0.00070		       0.00088
       0.00110		       0.00019
       0.00094		      -0.00059
       0.00030		      -0.00106
      -0.00048		      -0.00098
      -0.00100		      -0.00041
      -0.00101		       0.00036
      -0.00050		       0.00094
       0.00025		       0.00103
       0.00086		       0.00059
       0.00103		      -0.00013
       0.00067		      -0.00078
      -0.00002		      -0.00102
      -0.00069		      -0.00074
      -0.00100		      -0.00009
      -0.00080		       0.00060
      -0.00020		       0.00097
       0.00050		       0.00085
       0.00093		       0.00030
       0.00088		      -0.00040
       0.00039		      -0.00088
      -0.00029		      -0.00091
      -0.00082		      -0.00048
      -0.00092		       0.00019
      -0.00055		       0.00075
       0.00009		       0.00092
       0.00067		       0.00062
       0.00091		       0.00001
       0.00068		      -0.00059
       0.00011		      -0.00089
      -0.00051		      -0.00073
      -0.00086		      -0.00020
      -0.00077		       0.00042
      -0.00029		       0.00082
       0.00033		       0.00080
       0.00077		       0.00037
       0.00082		      -0.00023
       0.00045		      -0.00071
      -0.00014		      -0.00082
      -0.00065		      -0.00051
      -0.00082		       0.00005
      -0.00057		       0.00058
      -0.00004		       0.00081
       0.00051		       0.00062
       0.00079		       0.00012
       0.00066		      -0.00043
       0.00021		      -0.00076
      -0.00035		      -0.00070
      -0.00072		      -0.00028
      -0.00072		       0.00027
      -0.00035		       0.00067
       0.00018		       0.00073
       0.00062		       0.00042
       0.00074		      -0.00010
       0.00048		      -0.00056
      -0.00002		      -0.00073
      -0.00050		      -0.00053
      -0.00072		      -0.00006
      -0.00057		       0.00043
      -0.00013		       0.00070
       0.00036		       0.00060
       0.00067		       0.00020
       0.00063		      -0.00029
       0.00027		      -0.00063
      -0.00022		      -0.00065
      -0.00059		      -0.00033
      -0.00065		       0.00014
      -0.00039		       0.00054
       0.00007		       0.00066
       0.00049		       0.00044
       0.00065		       0.00000
       0.00048		      -0.00043
       0.00007		      -0.00064
      -0.00037		      -0.00052
      -0.00061		      -0.00014
      -0.00055		       0.00030
      -0.00020		       0.00059
       0.00024		       0.00057
       0.00055		       0.00026
       0.00058		      -0.00017
       0.00031		      -0.00051
      -0.00011		      -0.00059
      -0.00047		      -0.00036
      -0.00058		       0.00004
      -0.00040		       0.00042
      -0.00002		       0.00058
       0.00037		       0.00044
       0.00056		       0.00008
       0.00047		      -0.00031
       0.00014		      -0.00054
      -0.00025		      -0.00049
      -0.00051		      -0.00020
      -0.00051		       0.00020
      -0.00025		       0.00048
       0.00014		       0.00052
       0.00045		       0.00029
       0.00052		      -0.00008
       0.00034		      -0.00040
      -0.00002		      -0.00052
      -0.00036		      -0.00037
      -0.00051		      -0.00004
      -0.00040		       0.00031
      -0.00009		       0.00050
       0.00026		       0.00043
       0.00048		       0.00014
       0.00045		      -0.00021
       0.00019		      -0.00045
      -0.00016		      -0.00046
      -0.00042		      -0.00023
      -0.00047		       0.00011
      -0.00027		       0.00039
       0.00005		       0.00047
       0.00035		       0.00031
       0.00046		      -0.00000
       0.00034		      -0.00031
       0.00005		      -0.00045
      -0.00027		      -0.00037
      -0.00044		      -0.00009
      -0.00039		       0.00022
      -0.00014		       0.00042
       0.00017		       0.00040
       0.00040		       0.00018
       0.00041		      -0.00013
       0.00022		      -0.00037
      -0.00008		      -0.00042
      -0.00034		      -0.00025
      -0.00042		       0.00003
      -0.00029		       0.00030
      -0.00001		       0.00041
       0.00026		       0.00031
       0.00040		       0.00005
       0.00033		      -0.00023
       0.00010		      -0.00039
      -0.00018		      -0.00035
      -0.00037		      -0.00014
      -0.00036		       0.00014
      -0.00017		       0.00035
       0.00010		       0.00037
       0.00032		       0.00021
       0.00037		      -0.00006
       0.00024		      -0.00029
      -0.00002		      -0.00037
      -0.00026		      -0.00026
      -0.00037		      -0.00002
      -0.00028		       0.00023
      -0.00006		       0.00036
       0.00019		       0.00030
       0.00034		       0.00010
       0.00032		      -0.00015
       0.00013		      -0.00032
      -0.00012		      -0.00033
      -0.00030		      -0.00016
      -0.00033		       0.00008
      -0.00019		       0.00028
       0.00004		       0.00033
       0.00025		       0.00022
       0.00033		      -0.00001
       0.00024		      -0.00022
       0.00003		      -0.00032
      -0.00019		      -0.00026
      -0.00031		      -0.00006
      -0.00027		       0.00016
      -0.00010		       0.00030
       0.00013		       0.00029
       0.00028		       0.00013
       0.00029		      -0.00009
       0.00015		      -0.00026
      -0.00006		      -0.00030
      -0.00024		      -0.00018
      -0.00030		       0.00003
      -0.00020		       0.00022
      -0.00000		       0.00029
       0.00019		       0.00022
       0.00029		       0.00004
       0.00024		      -0.00016
       0.00007		      -0.00028
      -0.00013		      -0.00025
      -0.00026		      -0.00009
      -0.00026		       0.00011
      -0.00012		       0.00025
       0.00008		       0.00026
       0.00023		       0.00014
       0.00027		      -0.00005
       0.00017		      -0.00021
      -0.00002		      -0.00026
      -0.00019		      -0.00019
      -0.00026		      -0.00001
      -0.00020		       0.00016
      -0.00004		       0.00025
       0.00014		       0.00021
       0.00024		       0.00007
       0.00022		      -0.00011
       0.00009		      -0.00023
      -0.00009		      -0.00023
      -0.00022		      -0.00011
      -0.00024		       0.00006
      -0.00014		       0.00020
       0.00003		       0.00024
       0.00018		       0.00015
       0.00024		      -0.00001
       0.00017		      -0.00016
       0.00002		      -0.00023
      -0.00014		      -0.00018
      -0.00022		      -0.00004
      -0.00019		       0.00012
      -0.00007		       0.00021
       0.00009		       0.00020
       0.00020		       0.00009
       0.00021		      -0.00007
       0.00011		      -0.00019
      -0.00005		      -0.00021
      -0.00017		      -0.00013
      -0.00021		       0.00002
      -0.00014		       0.00016
      -0.00000		       0.00021
       0.00014		       0.00016
       0.00020		       0.00002
       0.00017		      -0.00012
       0.00005		      -0.00020
      -0.00010		      -0.00018
      -0.00019		      -0.00007
      -0.00018		       0.00008
      -0.00008		       0.00018
       0.00006		       0.00019
       0.00017		       0.00010
       0.00019		      -0.00003
       0.00012		      -0.00015
      -0.00001		      -0.00019
      -0.00013		      -0.00013
      -0.00019		      -0.00001
      -0.00014		       0.00012
      -0.00003		       0.00018
       0.00010		       0.00015
       0.00017		       0.00005
       0.00016		      -0.00008
       0.00006		      -0.00017
      -0.00006		      -0.00016
      -0.00016		      -0.00008
      -0.00017		       0.00004
      -0.00010		       0.00014
       0.00002		       0.00017
       0.00013		       0.00011
       0.00017		      -0.00001
       0.00012		      -0.00012
       0.00001		      -0.00017
      -0.00010		      -0.00013
      -0.00016		      -0.00003
      -0.00014		       0.00008
      -0.00005		       0.00015
       0.00007		       0.00014
       0.00015		       0.00006
       0.00015		      -0.00005
       0.00008		      -0.00014
      -0.00003		      -0.00015
      -0.00012		      -0.00009
      -0.00015		       0.00002
      -0.00010		       0.00011
       0.00000		       0.00015
       0.00010		       0.00011
       0.00015		       0.00002
       0.00012		      -0.00009
       0.00003		      -0.00014
      -0.00007		      -0.00012
      -0.00014		      -0.00005
      -0.00013		       0.00006
      -0.00006		       0.00013
       0.00004		       0.00013
       0.00012		       0.00007
       0.00013		      -0.00003
       0.00008		      -0.00011
      -0.00001		      -0.00013
      -0.00010		      -0.00009
      -0.00013		      -0.00000
      -0.00010		       0.00009
      -0.00002		       0.00013
       0.00007		       0.00011
       0.00012		       0.00003
       0.00011		      -0.00006
       0.00004		      -0.00012
      -0.00005		      -0.00012
      -0.00011		      -0.00006
      -0.00012		       0.00003
      -0.00007		       0.00010
       0.00002		       0.00012
       0.00009		       0.00008
       0.00012		      -0.00001
       0.00008		      -0.00008
       0.00001		      -0.00012
      -0.00007		      -0.00009
      -0.00011		      -0.00002
      -0.00010		       0.00006
      -0.00003		       0.00011
       0.00005		       0.00010
       0.00010		       0.00004
       0.00011		      -0.00004
       0.00005		      -0.00010
      -0.00003		      -0.00011
      -0.00009		      -0.00006
      -0.00011		       0.00001
      -0.00007		       0.00008
       0.00000		       0.00011
       0.00007		       0.00008
       0.00010		       0.00001
       0.00008		      -0.00006
