      33.43665		      -3.41844
      32.19314		     -10.24667
      29.40545		     -16.61811
      25.23731		     -22.16313
      19.94259		     -26.56844
      13.84674		     -29.59888
       7.32305		     -31.11334
       0.76562		     -31.07362
      -5.43892		     -29.54562
     -10.93889		     -26.69284
     -15.44204		     -22.76274
     -18.73533		     -18.06707
     -20.69855		     -12.95767
     -21.31072		      -7.79969
     -20.64902		      -2.94423
     -18.88025		       1.29753
     -16.24572		       4.67667
     -13.04069		       7.02382
      -9.58999		       8.25997
      -6.22181		       8.40021
      -3.24167		       7.55005
      -0.90851		       5.89484
       0.58518		       3.68297
       1.12777		       1.20450
       0.69634		      -1.23337
      -0.64259		      -3.33183
      -2.73936		      -4.82513
      -5.37410		      -5.50244
      -8.27509		      -5.22517
     -11.14115		      -3.93854
     -13.66629		      -1.67639
     -15.56473		       1.44089
     -16.59423		       5.21541
     -16.57604		       9.38677
     -15.40994		      13.65200
     -13.08315		      17.68890
      -9.67248		      21.18077
      -5.33963		      23.84090
      -0.31996		      25.43475
       5.09436		      25.79816
      10.57550		      24.85032
      15.78387		      22.60040
      20.39281		      19.14747
      24.11233		      14.67369
      26.71006		       9.43138
      28.02777		       3.72487
      27.99247		      -2.11132
      26.62098		      -7.73644
      24.01800		     -12.82766
      20.36764		     -17.10273
      15.91928		     -20.33939
      10.96871		     -22.39014
       5.83625		     -23.19121
       0.84324		     -22.76535
      -3.71102		     -21.21810
      -7.57038		     -18.72796
     -10.53932		     -15.53138
     -12.49556		     -11.90365
     -13.39689		      -8.13727
     -13.28190		      -4.51949
     -12.26444		      -1.31066
     -10.52260		       1.27488
      -8.28284		       3.08401
      -5.80087		       4.03497
      -3.34051		       4.12188
      -1.15238		       3.41315
       0.54599		       2.04419
       1.58715		       0.20498
       1.86650		      -1.87651
       1.34992		      -3.95358
       0.07574		      -5.78133
      -1.84904		      -7.13683
      -4.25790		      -7.83731
      -6.93859		      -7.75506
      -9.65043		      -6.82785
     -12.14371		      -5.06416
     -14.17971		      -2.54278
     -15.54977		       0.59297
     -16.09193		       4.14609
     -15.70395		       7.88090
     -14.35167		      11.54090
     -12.07206		      14.86817
      -8.97094		      17.62291
      -5.21541		      19.60140
      -1.02174		      20.65129
       3.36041		      20.68285
       7.66616		      19.67555
      11.63462		      17.67938
      15.02758		      14.81099
      17.64641		      11.24486
      19.34586		       7.20036
      20.04373		       2.92561
      19.72582		      -1.32051
      18.44572		      -5.28693
      16.31977		      -8.74807
      13.51733		     -11.51931
      10.24745		     -13.46920
       6.74279		     -14.52744
       3.24222		     -14.68828
      -0.02673		     -14.00892
      -2.86417		     -12.60335
      -5.11159		     -10.63209
      -6.66233		      -8.28865
      -7.46775		      -5.78387
      -7.53888		      -3.32935
      -6.94354		      -1.12121
      -5.79914		       0.67456
      -4.26186		       1.93403
      -2.51314		       2.58374
      -0.74447		       2.60506
       0.85819		       2.03410
       2.12923		       0.95742
       2.93638		      -0.49616
       3.19067		      -2.16684
       2.85301		      -3.87741
       1.93655		      -5.44793
       0.50506		      -6.71031
      -1.33279		      -7.52186
      -3.43242		      -7.77656
      -5.62516		      -7.41339
      -7.73171		      -6.42098
      -9.57634		      -4.83844
     -11.00057		      -2.75216
     -11.87545		      -0.28912
     -12.11142		       2.39293
     -11.66504		       5.11749
     -10.54215		       7.70261
      -8.79731		       9.97455
      -6.52949		      11.78051
      -3.87456		      12.99978
      -0.99511		      13.55220
       1.93162		      13.40366
       4.72664		      12.56791
       7.22206		      11.10492
       9.27295		       9.11586
      10.76714		       6.73509
      11.63259		       4.11990
      11.84148		       1.43879
      11.41110		      -1.14080
      10.40134		      -3.46439
       8.90909		      -5.40109
       7.06012		      -6.85223
       4.99905		      -7.75735
       2.87817		      -8.09719
       0.84611		      -7.89357
      -0.96292		      -7.20616
      -2.43849		      -6.12660
      -3.50114		      -4.77037
      -4.10712		      -3.26716
      -4.25018		      -1.75045
      -3.96052		      -0.34723
      -3.30096		       0.83151
      -2.36080		       1.69876
      -1.24782		       2.19730
      -0.07911		       2.30306
       1.02847		       2.02589
       1.96759		       1.40754
       2.64864		       0.51735
       3.00633		      -0.55408
       3.00427		      -1.70279
       2.63704		      -2.82003
       1.92995		      -3.80106
       0.93630		      -4.55336
      -0.26742		      -5.00368
      -1.58791		      -5.10344
      -2.92274		      -4.83206
      -4.16842		      -4.19809
      -5.22833		      -3.23803
      -6.02009		      -2.01309
      -6.48145		      -0.60415
      -6.57468		       0.89468
      -6.28891		       2.38332
      -5.64043		       3.76317
      -4.67093		       4.94439
      -3.44391		       5.85219
      -2.03956		       6.43192
      -0.54859		       6.65244
       0.93453		       6.50774
       2.31846		       6.01660
       3.52129		       5.22047
       4.47604		       4.17978
       5.13482		       2.96896
       5.47145		       1.67072
       5.48240		       0.36985
       5.18604		      -0.85278
       4.62035		      -1.92577
       3.83932		      -2.79166
       2.90829		      -3.41036
       1.89879		      -3.76100
       0.88309		      -3.84236
      -0.07091		      -3.67185
      -0.90433		      -3.28314
      -1.57094		      -2.72282
      -2.03970		      -2.04615
      -2.29603		      -1.31261
      -2.34183		      -0.58123
      -2.19419		       0.09368
      -1.88317		       0.66617
      -1.44864		       1.10150
      -0.93670		       1.37795
      -0.39577		       1.48751
       0.12717		       1.43554
       0.59001		       1.23945
       0.95833		       0.92651
       1.20748		       0.53115
       1.32371		       0.09182
       1.30448		      -0.35214
       1.15789		      -0.76354
       0.90128		      -1.10997
       0.55933		      -1.36590
       0.16172		      -1.51405
      -0.25942		      -1.54614
      -0.67201		      -1.46282
      -1.04633		      -1.27296
      -1.35697		      -0.99250
      -1.58431		      -0.64271
      -1.71541		      -0.24840
      -1.74440		       0.16411
      -1.67226		       0.56885
      -1.50623		       0.94185
      -1.25877		       1.26250
      -0.94634		       1.51457
      -0.58801		       1.68670
      -0.20411		       1.77266
       0.18504		       1.77116
       0.56025		       1.68537
       0.90426		       1.52231
       1.20242		       1.29203
       1.44298		       1.00691
       1.61731		       0.68078
       1.71983		       0.32831
       1.74789		      -0.03555
       1.70156		      -0.39609
       1.58343		      -0.73914
       1.39841		      -1.05132
       1.15355		      -1.32037
       0.85794		      -1.53527
       0.52256		      -1.68661
       0.16017		      -1.76682
      -0.21487		      -1.77060
      -0.58690		      -1.69531
      -0.93940		      -1.54139
      -1.25552		      -1.31272
      -1.51885		      -1.01688
      -1.71427		      -0.66531
      -1.82894		      -0.27310
      -1.85325		       0.14133
      -1.78182		       0.55696
      -1.61426		       0.95111
      -1.35573		       1.30072
      -1.01720		       1.58374
      -0.61530		       1.78072
      -0.17169		       1.87627
       0.28791		       1.86053
       0.73519		       1.73025
       1.14096		       1.48956
       1.47718		       1.15026
       1.71900		       0.73147
       1.84679		       0.25885
       1.84783		      -0.23691
       1.71775		      -0.72193
       1.46131		      -1.16145
       1.09259		      -1.52234
       0.63449		      -1.77566
       0.11747		      -1.89902
      -0.42230		      -1.87858
      -0.94535		      -1.71058
      -1.41177		      -1.40207
      -1.78416		      -0.97093
      -2.03061		      -0.44501
      -2.12736		       0.13953
      -2.06097		       0.74059
      -1.82982		       1.31311
      -1.44472		       1.81237
      -0.92858		       2.19743
      -0.31520		       2.43442
       0.35296		       2.49941
       1.02765		       2.38066
       1.65833		       2.07994
       2.19596		       1.61294
       2.59685		       1.00852
       2.82618		       0.30702
       2.86100		      -0.44250
       2.69237		      -1.18572
       2.32656		      -1.86705
       1.78501		      -2.43388
       1.10320		      -2.84072
       0.32831		      -3.05295
      -0.48400		      -3.04975
      -1.27370		      -2.82618
      -1.98082		      -2.39401
      -2.55011		      -1.78124
      -2.93543		      -1.03046
      -3.10357		      -0.19594
      -3.03711		       0.66025
      -2.73626		       1.47278
      -2.21924		       2.17808
      -1.52139		       2.71920
      -0.69287		       3.05045
       0.20483		       3.14115
       1.10336		       2.97841
       1.93256		       2.56853
       2.62586		       1.93701
       3.12542		       1.12702
       3.38683		       0.19656
       3.38283		      -0.78568
       3.10573		      -1.74532
       2.56851		      -2.60785
       1.80423		      -3.30430
       0.86399		      -3.77661
      -0.18662		      -3.98230
      -1.27218		      -3.89798
      -2.31296		      -3.52151
      -3.23091		      -2.87255
      -3.95553		      -1.99151
      -4.42936		      -0.93676
      -4.61253		       0.21936
      -4.48597		       1.39586
      -4.05323		       2.50903
      -3.34043		       3.47872
      -2.39465		       4.23439
      -1.28055		       4.72052
      -0.07578		       4.90099
       1.13483		       4.76192
       2.26553		       4.31297
       3.23620		       3.58673
       3.97834		       2.63649
       4.44047		       1.53226
       4.59201		       0.35559
       4.42581		      -0.80662
       3.95877		      -1.86868
       3.23066		      -2.75277
       2.30116		      -3.39488
       1.24534		      -3.74987
       0.14791		      -3.79499
      -0.90331		      -3.53181
      -1.82421		      -2.98620
      -2.54098		      -2.20642
      -2.99597		      -1.25951
      -3.15233		      -0.22615
      -2.99701		       0.80559
      -2.54208		       1.74708
      -1.82394		       2.51616
      -0.90075		       3.04361
       0.15194		       3.27881
       1.24687		       3.19387
       2.29181		       2.78618
       3.19669		       2.07889
       3.88067		       1.11952
       4.27855		      -0.02344
       4.34606		      -1.26549
       4.06358		      -2.51240
       3.43804		      -3.66735
       2.50273		      -4.63828
       1.31517		      -5.34495
      -0.04695		      -5.72521
      -1.49135		      -5.73991
      -2.91792		      -5.37613
      -4.22617		      -4.64843
      -5.32268		      -3.59801
      -6.12810		      -2.28991
      -6.58321		      -0.80837
      -6.65331		       0.74935
      -6.33098		       2.28004
      -5.63666		       3.68214
      -4.61721		       4.86328
      -3.34242		       5.74704
      -1.89985		       6.27857
      -0.38828		       6.42863
       1.08964		       6.19560
       2.43505		       5.60544
       3.56023		       4.70962
       4.39507		       3.58102
       4.89224		       2.30830
       5.03051		       0.98901
       4.81612		      -0.27787
       4.28209		      -1.39953
       3.48535		      -2.29644
       2.50216		      -2.90832
       1.42196		      -3.19873
       0.34031		      -3.15766
      -0.64872		      -2.80219
      -1.45996		      -2.17492
      -2.02386		      -1.34053
      -2.29197		      -0.38053
      -2.24082		       0.61329
      -1.87376		       1.54614
      -1.22078		       2.32787
      -0.33620		       2.88013
       0.70552		       3.14276
       1.81557		       3.07866
       2.89772		       2.67692
       3.85584		       1.95397
       4.60146		       0.95258
       5.06077		      -0.26125
       5.18051		      -1.60306
       4.93233		      -2.97630
       4.31523		      -4.27953
       3.35595		      -5.41410
       2.10727		      -6.29164
       0.64426		      -6.84078
      -0.94113		      -7.01259
      -2.54672		      -6.78441
      -4.06761		      -6.16165
      -5.40386		      -5.17747
      -6.46779		      -3.89048
      -7.19037		      -2.38043
      -7.52622		      -0.74241
      -7.45681		       0.92010
      -6.99163		       2.50281
      -6.16730		       3.90815
      -5.04468		       5.05229
      -3.70413		       5.87110
      -2.23938		       6.32455
      -0.75053		       6.39928
       0.66349		       6.10915
       1.91219		       5.49372
       2.92010		       4.61485
       3.63212		       3.55157
       4.01730		       2.39380
       4.07066		       1.23526
       3.81307		       0.16622
       3.28909		      -0.73346
       2.56303		      -1.40032
       1.71355		      -1.79201
       0.82715		      -1.89026
      -0.00883		      -1.70198
      -0.71323		      -1.25837
      -1.21754		      -0.61213
      -1.47130		       0.16701
      -1.44614		       0.99803
      -1.13789		       1.79524
      -0.56696		       2.47524
       0.22333		       2.96364
       1.17016		       3.20108
       2.19616		       3.14806
       3.21549		       2.78821
       4.14054		       2.12975
       4.88879		       1.20507
       5.38928		       0.06840
       5.58822		      -1.20814
       5.45320		      -2.53993
       4.97584		      -3.83612
       4.17264		      -5.00642
       3.08385		      -5.96783
       1.77065		      -6.65080
       0.31071		      -7.00436
      -1.20741		      -6.99987
      -2.69072		      -6.63309
      -4.04848		      -5.92438
      -5.19872		      -4.91713
      -6.07404		      -3.67450
      -6.62624		      -2.27468
      -6.82957		      -0.80513
      -6.68220		       0.64377
      -6.20596		       1.98527
      -5.44431		       3.14236
      -4.45872		       4.05313
      -3.32385		       4.67486
      -2.12175		       4.98667
      -0.93566		       4.99039
       0.15617		       4.70985
       1.08611		       4.18842
       1.80196		       3.48514
       2.27039		       2.66980
       2.47891		       1.81724
       2.43621		       1.00142
       2.17086		       0.28969
       1.72844		      -0.26238
       1.16750		      -0.61504
       0.55455		      -0.74718
      -0.04155		      -0.65764
      -0.55517		      -0.36485
      -0.92924		       0.09499
      -1.11977		       0.67111
      -1.09933		       1.30248
      -0.85914		       1.92293
      -0.40969		       2.46652
       0.22019		       2.87291
       0.98561		       3.09223
       1.82924		       3.08907
       2.68583		       2.84537
       3.48725		       2.36186
       4.16786		       1.65811
       4.66952		       0.77113
       4.94607		      -0.24739
       4.96687		      -1.33494
       4.71913		      -2.42278
       4.20886		      -3.44106
       3.46043		      -4.32389
       2.51478		      -5.01417
       1.42638		      -5.46759
       0.25924		      -5.65578
      -0.91772		      -5.56811
      -2.03561		      -5.21233
      -3.03044		      -4.61364
      -3.84751		      -3.81269
      -4.44507		      -2.86240
      -4.79701		      -1.82394
      -4.89420		      -0.76221
      -4.74474		       0.25880
      -4.37281		       1.18056
      -3.81642		       1.95396
      -3.12419		       2.54250
      -2.35146		       2.92443
      -1.55599		       3.09376
      -0.79365		       3.06006
      -0.11430		       2.84707
       0.44160		       2.49034
       0.84573		       2.03402
       1.08349		       1.52707
       1.15455		       1.01931
       1.07229		       0.55746
       0.86219		       0.18158
       0.55928		      -0.07791
       0.20503		      -0.20227
      -0.15629		      -0.18562
      -0.48131		      -0.03500
      -0.73104		       0.23057
      -0.87404		       0.58193
      -0.88879		       0.98239
      -0.76532		       1.39090
      -0.50583		       1.76541
      -0.12437		       2.06637
       0.35438		       2.25982
       0.89720		       2.32014
       1.46498		       2.23194
       2.01582		       1.99128
       2.50828		       1.60589
       2.90453		       1.09450
       3.17321		       0.48541
       3.29169		      -0.18568
       3.24770		      -0.87840
       3.04010		      -1.55066
       2.67884		      -2.16169
       2.18411		      -2.67495
       1.58472		      -3.06066
       0.91593		      -3.29770
       0.21686		      -3.37496
      -0.47233		      -3.29180
      -1.11325		      -3.05783
      -1.67184		      -2.69191
      -2.12055		      -2.22054
      -2.44000		      -1.67577
      -2.61994		      -1.09274
      -2.65959		      -0.50717
      -2.56719		       0.04717
      -2.35899		       0.54065
      -2.05770		       0.94962
      -1.69050		       1.25774
      -1.28692		       1.45667
      -0.87653		       1.54618
      -0.48686		       1.53363
      -0.14155		       1.43291
       0.14115		       1.26301
       0.34930		       1.04625
       0.47778		       0.80634
       0.52812		       0.56651
       0.50796		       0.34775
       0.42998		       0.16734
       0.31056		       0.03774
       0.16825		      -0.03406
       0.02206		      -0.04675
      -0.11005		      -0.00439
      -0.21262		       0.08419
      -0.27375		       0.20645
      -0.28595		       0.34736
      -0.24649		       0.49076
      -0.15738		       0.62077
      -0.02498		       0.72305
       0.14066		       0.78591
       0.32682		       0.80113
       0.51918		       0.76446
       0.70303		       0.67584
       0.86441		       0.53918
       0.99111		       0.36197
       1.07355		       0.15458
       1.10535		      -0.07066
       1.08365		      -0.30037
       1.00915		      -0.52113
       0.88592		      -0.72039
       0.72093		      -0.88727
       0.52343		      -1.01322
       0.30424		      -1.09236
       0.07496		      -1.12174
      -0.15280		      -1.10132
      -0.36810		      -1.03371
      -0.56130		      -0.92385
      -0.72444		      -0.77853
      -0.85157		      -0.60581
      -0.93887		      -0.41449
      -0.98459		      -0.21359
      -0.98895		      -0.01185
      -0.95386		       0.18264
      -0.88267		       0.36268
      -0.77982		       0.52222
      -0.65053		       0.65637
      -0.50055		       0.76144
      -0.33588		       0.83493
      -0.16263		       0.87537
       0.01315		       0.88235
       0.18555		       0.85635
       0.34889		       0.79873
       0.49777		       0.71168
       0.62716		       0.59823
       0.73249		       0.46221
       0.80980		       0.30826
       0.85588		       0.14181
       0.86849		      -0.03106
       0.84651		      -0.20369
       0.79015		      -0.36910
       0.70108		      -0.52023
       0.58254		      -0.65028
       0.43930		      -0.75309
       0.27759		      -0.82354
       0.10483		      -0.85795
      -0.07063		      -0.85437
      -0.24004		      -0.81290
      -0.39467		      -0.73577
      -0.52646		      -0.62735
      -0.62853		      -0.49402
      -0.69574		      -0.34379
      -0.72513		      -0.18590
      -0.71617		      -0.03014
      -0.67101		       0.11376
      -0.59430		       0.23688
      -0.49302		       0.33181
      -0.37600		       0.39325
      -0.25329		       0.41851
      -0.13542		       0.40779
      -0.03255		       0.36429
       0.04635		       0.29403
       0.09429		       0.20549
       0.10694		       0.10895
       0.08309		       0.01571
       0.02490		      -0.06278
      -0.06214		      -0.11596
      -0.16950		      -0.13508
      -0.28617		      -0.11403
      -0.39950		      -0.05005
      -0.49613		       0.05589
      -0.56314		       0.19890
      -0.58909		       0.37036
      -0.56513		       0.55842
      -0.48584		       0.74871
      -0.34993		       0.92544
      -0.16056		       1.07248
       0.07460		       1.17469
       0.34372		       1.21913
       0.63146		       1.19619
       0.91997		       1.10052
       1.19006		       0.93166
       1.42261		       0.69433
       1.59993		       0.39832
       1.70717		       0.05804
       1.73347		      -0.30838
       1.67295		      -0.68017
       1.52527		      -1.03539
       1.29583		      -1.35240
       0.99562		      -1.61141
       0.64052		      -1.79591
       0.25033		      -1.89395
      -0.15254		      -1.89902
      -0.54461		      -1.81062
      -0.90296		      -1.63437
      -1.20687		      -1.38169
      -1.43926		      -1.06900
      -1.58795		      -0.71664
      -1.64653		      -0.34735
      -1.61482		       0.01528
      -1.49887		       0.34858
      -1.31048		       0.63240
      -1.06632		       0.85060
      -0.78665		       0.99224
      -0.49377		       1.05228
      -0.21033		       1.03199
       0.04239		       0.93875
       0.24613		       0.78547
       0.38707		       0.58948
       0.45680		       0.37120
       0.45306		       0.15248
       0.37982		      -0.04517
       0.24698		      -0.20229
       0.06959		      -0.30303
      -0.13341		      -0.33647
      -0.34066		      -0.29754
      -0.53011		      -0.18745
      -0.68084		      -0.01371
      -0.77474		       0.21046
      -0.79803		       0.46708
      -0.74244		       0.73477
      -0.60600		       0.99040
      -0.39327		       1.21091
      -0.11517		       1.37511
       0.21177		       1.46538
       0.56653		       1.46911
       0.92516		       1.37976
       1.26251		       1.19749
       1.55409		       0.92931
       1.77792		       0.58862
       1.91618		       0.19439
       1.95660		      -0.23017
       1.89338		      -0.65922
       1.72775		      -1.06614
       1.46787		      -1.42542
       1.12837		      -1.71449
       0.72929		      -1.91532
       0.29469		      -2.01573
      -0.14902		      -2.01022
      -0.57500		      -1.90034
      -0.95781		      -1.69458
      -1.27522		      -1.40766
      -1.50975		      -1.05949
      -1.64980		      -0.67366
      -1.69044		      -0.27575
      -1.63361		       0.10853
      -1.48786		       0.45518
      -1.26763		       0.74358
      -0.99206		       0.95792
      -0.68350		       1.08819
      -0.36580		       1.13082
      -0.06254		       1.08876
       0.20470		       0.97109
       0.41794		       0.79220
       0.56399		       0.57056
       0.63539		       0.32724
       0.63077		       0.08423
       0.55486		      -0.13725
       0.41794		      -0.31838
       0.23498		      -0.44411
       0.02434		      -0.50429
      -0.19370		      -0.49433
      -0.39855		      -0.41549
      -0.57092		      -0.27468
      -0.69429		      -0.08384
      -0.75619		       0.14100
      -0.74908		       0.38106
      -0.67094		       0.61624
      -0.52535		       0.82668
      -0.32117		       0.99428
      -0.07191		       1.10403
       0.20540		       1.14516
       0.49141		       1.11188
       0.76594		       1.00381
       1.00942		       0.82599
       1.20433		       0.58845
       1.33644		       0.30549
       1.39580		      -0.00537
       1.37737		      -0.32466
       1.28139		      -0.63234
       1.11324		      -0.90920
       0.88304		      -1.13813
       0.60488		      -1.30532
       0.29581		      -1.40107
      -0.02541		      -1.42043
      -0.33950		      -1.36339
      -0.62808		      -1.23478
      -0.87473		      -1.04382
      -1.06614		      -0.80342
      -1.19280		      -0.52921
      -1.24952		      -0.23843
      -1.23567		       0.05124
      -1.15498		       0.32281
      -1.01521		       0.56109
      -0.82745		       0.75357
      -0.60528		       0.89114
      -0.36381		       0.96846
      -0.11864		       0.98422
       0.11515		       0.94099
       0.32395		       0.84489
       0.49638		       0.70501
       0.62394		       0.53274
       0.70136		       0.34091
       0.72680		       0.14289
       0.70179		      -0.04822
       0.63099		      -0.22043
       0.52168		      -0.36354
       0.38328		      -0.46968
       0.22657		      -0.53370
       0.06307		      -0.55335
      -0.09579		      -0.52929
      -0.23929		      -0.46493
      -0.35806		      -0.36613
      -0.44459		      -0.24072
      -0.49362		      -0.09803
      -0.50236		       0.05174
      -0.47059		       0.19814
      -0.40066		       0.33106
      -0.29724		       0.44130
      -0.16708		       0.52111
      -0.01860		       0.56461
       0.13861		       0.56809
       0.29431		       0.53026
       0.43819		       0.45231
       0.56042		       0.33789
       0.65223		       0.19297
       0.70645		       0.02551
       0.71789		      -0.15489
       0.68377		      -0.33751
       0.60392		      -0.51105
       0.48092		      -0.66426
       0.32004		      -0.78660
       0.12912		      -0.86890
      -0.08182		      -0.90392
      -0.30101		      -0.88692
      -0.51556		      -0.81607
      -0.71218		      -0.69273
      -0.87795		      -0.52155
      -1.00112		      -0.31036
      -1.07196		      -0.06993
      -1.08343		       0.18659
      -1.03184		       0.44431
      -0.91724		       0.68749
      -0.74369		       0.90042
      -0.51919		       1.06851
      -0.25543		       1.17930
       0.03279		       1.22334
       0.32834		       1.19507
       0.61277		       1.09334
       0.86748		       0.92178
       1.07496		       0.68881
       1.22002		       0.40730
       1.29099		       0.09396
       1.28067		      -0.23164
       1.18706		      -0.54823
       1.01375		      -0.83429
       0.76997		      -1.06949
       0.47020		      -1.23619
       0.13336		      -1.32083
      -0.21827		      -1.31504
      -0.56050		      -1.21651
      -0.86890		      -1.02938
      -1.12053		      -0.76428
      -1.29562		      -0.43779
      -1.37919		      -0.07153
      -1.36232		       0.30923
      -1.24302		       0.67724
      -1.02668		       1.00517
      -0.72598		       1.26764
      -0.36022		       1.44316
       0.04584		       1.51584
       0.46359		       1.47679
       0.86253		       1.32504
       1.21251		       1.06794
       1.48594		       0.72088
       1.65995		       0.30644
       1.71829		      -0.14701
       1.65277		      -0.60724
       1.46413		      -1.04047
       1.16233		      -1.41380
       0.76612		      -1.69775
       0.30187		      -1.86858
      -0.19807		      -1.91029
      -0.69774		      -1.81606
      -1.16003		      -1.58910
      -1.54960		      -1.24270
      -1.83550		      -0.79956
      -1.99374		      -0.29036
      -2.00929		       0.24831
      -1.87753		       0.77657
      -1.60494		       1.25419
      -1.20891		       1.64364
      -0.71681		       1.91306
      -0.16413		       2.03886
       0.40793		       2.00781
       0.95546		       1.81835
       1.43512		       1.48110
       1.80754		       1.01841
       2.04037		       0.46298
       2.11108		      -0.14425
       2.00893		      -0.75708
       1.73620		      -1.32735
       1.30843		      -1.80863
       0.75359		      -2.15982
       0.11041		      -2.34841
      -0.57434		      -2.35333
      -1.24907		      -2.16681
      -1.86126		      -1.79546
      -2.36133		      -1.26015
      -2.70656		      -0.59488
      -2.86448		       0.15542
      -2.81566		       0.93796
      -2.55555		       1.69587
      -2.09517		       2.37235
      -1.46079		       2.91497
      -0.69230		       3.27968
       0.15944		       3.43439
       1.03612		       3.36158
       1.87615		       3.06002
       2.61926		       2.54521
       3.21097		       1.84857
       3.60680		       1.01539
       3.77580		       0.10177
       3.70311		      -0.82941
       3.39135		      -1.71312
       2.86071		      -2.48694
       2.14773		      -3.09589
       1.30274		      -3.49662
       0.38632		      -3.66084
      -0.53521		      -3.57776
      -1.39472		      -3.25502
      -2.12940		      -2.71844
      -2.68561		      -2.01023
      -3.02312		      -1.18597
      -3.11841		      -0.31046
      -2.96667		       0.54713
      -2.58244		       1.31861
      -1.99877		       1.94211
      -1.26484		       2.36696
      -0.44243		       2.55790
       0.39879		       2.49808
       1.18661		       2.19068
       1.85190		       1.65907
       2.33417		       0.94531
       2.58648		       0.10723
       2.57946		      -0.78579
       2.30402		      -1.65806
       1.77250		      -2.43336
       1.01828		      -3.04093
       0.09361		      -3.42114
      -0.93395		      -3.53040
      -1.98638		      -3.34499
      -2.98101		      -2.86337
      -3.83673		      -2.10688
      -4.48027		      -1.11870
      -4.85198		       0.03895
      -4.91071		       1.28902
      -4.63732		       2.54511
      -4.03667		       3.71782
      -3.13774		       4.72131
      -1.99197		       5.47984
      -0.66989		       5.93358
       0.74383		       6.04335
       2.15634		       5.79385
       3.47343		       5.19516
       4.60644		       4.28234
       5.47885		       3.11313
       6.03210		       1.76393
       6.23006		       0.32433
       6.06186		      -1.10945
       5.54290		      -2.44164
       4.71379		      -3.58407
       3.63744		      -4.46277
       2.39439		      -5.02357
       1.07680		      -5.23623
      -0.21855		      -5.09678
      -1.39762		      -4.62785
      -2.37629		      -3.87695
      -3.08693		      -2.91286
      -3.48363		      -1.82032
      -3.54582		      -0.69342
      -3.28001		       0.37173
      -2.71936		       1.28457
      -1.92120		       1.96738
      -0.96261		       2.36145
       0.06554		       2.43204
       1.06574		       2.17137
       1.94163		       1.59955
       2.60570		       0.76339
       2.98648		      -0.26695
       3.03456		      -1.40318
       2.72696		      -2.54558
       2.06948		      -3.59075
       1.09688		      -4.43969
      -0.12919		      -5.00575
      -1.52446		      -5.22168
      -2.98803		      -5.04539
      -4.40979		      -4.46376
      -5.67872		      -3.49436
      -6.69131		      -2.18481
      -7.35961		      -0.60987
      -7.61820		       1.13367
      -7.42958		       2.93371
      -6.78743		       4.67097
      -5.71771		       6.22769
      -4.27724		       7.49631
      -2.54993		       8.38754
      -0.64103		       8.83716
       1.33040		       8.81094
       3.23999		       8.30739
       4.96715		       7.35814
       6.40386		       6.02572
       7.46260		       4.39916
       8.08278		       2.58742
       8.23516		       0.71142
       7.92397		      -1.10488
       7.18642		      -2.74373
       6.08981		      -4.10227
       4.72631		      -5.10021
       3.20582		      -5.68570
       1.64751		      -5.83908
       0.17061		      -5.57419
      -1.11481		      -4.93702
      -2.11633		      -4.00197
      -2.76632		      -2.86582
      -3.02725		      -1.63998
      -2.89452		      -0.44159
      -2.39680		       0.61587
      -1.59380		       1.43177
      -0.57149		       1.92644
       0.56474		       2.04784
       1.69844		       1.77593
       2.71155		       1.12468
       3.49386		       0.14138
       3.95218		      -1.09675
       4.01807		      -2.48823
       3.65386		      -3.91504
       2.85627		      -5.25175
       1.65740		      -6.37527
       0.12301		      -7.17461
      -1.65187		      -7.55987
      -3.54965		      -7.46964
      -5.43866		      -6.87638
      -7.18295		      -5.78926
      -8.65239		      -4.25425
      -9.73261		      -2.35139
     -10.33375		      -0.18946
     -10.39756		       2.10157
      -9.90211		       4.37976
      -8.86387		       6.50145
      -7.33696		       8.33165
      -5.40952		       9.75394
      -3.19754		      10.67899
      -0.83664		      11.05112
       1.52770		      10.85238
       3.75069		      10.10386
       5.69866		       8.86402
       7.25876		       7.22432
       8.34699		       5.30230
       8.91421		       3.23278
       8.94932		       1.15771
       8.47971		      -0.78437
       7.56878		      -2.46874
       6.31059		      -3.79367
       4.82241		      -4.68785
       3.23533		      -5.11551
       1.68394		      -5.07870
       0.29576		      -4.61665
      -0.81876		      -3.80232
      -1.57489		      -2.73621
      -1.92019		      -1.53809
      -1.83863		      -0.33726
      -1.35174		       0.73807
      -0.51689		       1.57120
       0.57736		       2.06654
       1.81831		       2.15758
       3.07816		       1.81261
       4.22434		       1.03767
       5.13020		      -0.12342
       5.68545		      -1.59197
       5.80529		      -3.26019
       5.43771		      -4.99924
       4.56829		      -6.66901
       3.22217		      -8.12892
       1.46288		      -9.24884
      -0.61169		      -9.91940
      -2.87611		     -10.06075
      -5.18626		      -9.62920
      -7.38992		      -8.62119
      -9.33782		      -7.07425
     -10.89482		      -5.06487
     -11.94991		      -2.70342
     -12.42463		      -0.12652
     -12.27906		       2.51260
     -11.51492		       5.05510
     -10.17568		       7.34784
      -8.34350		       9.25444
      -6.13334		      10.66504
      -3.68461		      11.50410
      -1.15101		      11.73565
       1.31061		      11.36558
       3.55168		      10.44080
       5.44255		       9.04538
       6.88178		       7.29387
       7.80314		       5.32242
       8.17999		       3.27833
       8.02656		       1.30882
       7.39619		      -0.45012
       6.37651		      -1.88390
       5.08209		      -2.90777
       3.64506		      -3.47293
       2.20440		      -3.56979
       0.89478		      -3.22817
      -0.16413		      -2.51437
      -0.87724		      -1.52545
      -1.18156		      -0.38110
      -1.05118		       0.78632
      -0.49935		       1.84263
       0.42259		       2.66290
       1.62925		       3.14177
       3.00800		       3.20226
       4.42789		       2.80237
       5.75013		       1.93893
       6.83921		       0.64847
       7.57387		      -0.99511
       7.85700		      -2.88572
       7.62381		      -4.89288
       6.84748		      -6.87142
       5.54202		      -8.67250
       3.76194		     -10.15489
       1.59886		     -11.19586
      -0.82474		     -11.70069
      -3.36414		     -11.61021
      -5.86280		     -10.90560
      -8.16362		      -9.61030
     -10.12043		      -7.78872
     -11.60860		      -5.54186
     -12.53413		      -3.00023
     -12.84051		      -0.31462
     -12.51273		       2.35478
     -11.57826		       4.84977
     -10.10488		       7.02546
      -8.19553		       8.76059
      -5.98059		       9.96590
      -3.60813		      10.59027
      -1.23300		      10.62381
       0.99460		      10.09792
       2.93999		       9.08231
       4.49370		       7.67906
       5.57910		       6.01439
       6.15745		       4.22867
       6.23008		       2.46542
       5.83738		       0.86029
       5.05490		      -0.46934
       3.98670		      -1.43317
       2.75658		      -1.97464
       1.49790		      -2.07482
       0.34264		      -1.75344
      -0.58924		      -1.06680
      -1.19949		      -0.10279
      -1.41952		       1.02648
      -1.21588		       2.19398
      -0.59304		       3.26823
       0.40688		       4.12411
       1.70734		       4.65311
       3.20335		       4.77237
       4.76966		       4.43165
       6.27063		       3.61785
       7.57089		       2.35651
       8.54611		       0.71042
       9.09287		      -1.22468
       9.13708		      -3.32707
       8.64011		      -5.45792
       7.60227		      -7.47166
       6.06338		      -9.22679
       4.10027		     -10.59653
       1.82155		     -11.47835
      -0.64009		     -11.80176
      -3.13736		     -11.53363
      -5.51894		     -10.68085
      -7.64042		      -9.28993
      -9.37462		      -7.44367
     -10.62073		      -5.25516
     -11.31132		      -2.85959
     -11.41701		      -0.40442
     -10.94816		       1.96130
      -9.95367		       4.09758
      -8.51694		       5.88348
      -6.74932		       7.22550
      -4.78147		       8.06386
      -2.75349		       8.37624
      -0.80438		       8.17862
       0.93820		       7.52320
       2.36728		       6.49372
       3.40410		       5.19835
       4.00349		       3.76085
       4.15655		       2.31073
       3.89048		       0.97296
       3.26572		      -0.14166
       2.37041		      -0.94504
       1.31289		      -1.37842
       0.21263		      -1.41660
      -0.80959		      -1.06953
      -1.64153		      -0.38112
      -2.18860		       0.57464
      -2.38147		       1.69984
      -2.18168		       2.88079
      -1.58486		       3.99722
      -0.62108		       4.93206
       0.64728		       5.58097
       2.13040		       5.86077
       3.71790		       5.71632
       5.28739		       5.12515
       6.71393		       4.09961
       7.87974		       2.68626
       8.68335		       0.96273
       9.04750		      -0.96792
       8.92527		      -2.98470
       8.30384		      -4.95759
       7.20570		      -6.75716
       5.68725		      -8.26408
       3.83477		      -9.37794
       1.75824		     -10.02457
      -0.41662		     -10.16142
      -2.55748		      -9.78059
      -4.53488		      -8.90922
      -6.23156		      -7.60731
      -7.55072		      -5.96314
      -8.42272		      -4.08665
      -8.80975		      -2.10117
      -8.70803		      -0.13446
      -8.14747		       1.69070
      -7.18888		       3.26525
      -5.91885		       4.50153
      -4.44286		       5.33922
      -2.87699		       5.74916
      -1.33905		       5.73473
       0.06031		       5.33080
       1.22579		       4.60022
       2.08431		       3.62839
       2.59013		       2.51603
       2.72764		       1.37104
       2.51196		       0.29985
       1.98703		      -0.60096
       1.22153		      -1.25211
       0.30295		      -1.59764
      -0.66975		      -1.60909
      -1.59426		      -1.28734
      -2.37327		      -0.66227
      -2.92225		       0.20992
      -3.17622		       1.25144
      -3.09493		       2.36921
      -2.66604		       3.46246
      -1.90611		       4.43068
      -0.85937		       5.18170
       0.40576		       5.63897
       1.80186		       5.74764
       3.22928		       5.47890
       4.58376		       4.83235
       5.76440		       3.83619
       6.68130		       2.54513
       7.26241		       1.03645
       7.45896		      -0.59581
       7.24906		      -2.24773
       6.63937		      -3.81324
       5.66451		      -5.19183
       4.38445		      -6.29592
       2.88003		      -7.05712
       1.24693		      -7.43101
      -0.41136		      -7.40015
      -1.99110		      -6.97504
      -3.39577		      -6.19293
      -4.54289		      -5.11475
      -5.36976		      -3.82030
      -5.83759		      -2.40213
      -5.93379		      -0.95851
      -5.67233		       0.41378
      -5.09204		       1.62656
      -4.25315		       2.60648
      -3.23225		       3.30004
      -2.11617		       3.67707
      -0.99516		       3.73228
       0.04397		       3.48504
       0.92442		       2.97716
       1.58493		       2.26909
       1.98412		       1.43474
       2.10315		       0.55540
       1.94666		      -0.28680
       1.54181		      -1.01532
       0.93563		      -1.56519
       0.19091		      -1.88785
      -0.61908		      -1.95473
      -1.41662		      -1.75918
      -2.12578		      -1.31664
      -2.67842		      -0.66316
      -3.01954		       0.14771
      -3.11149		       1.04936
      -2.93678		       1.96743
      -2.49937		       2.82577
      -1.82415		       3.55235
      -0.95496		       4.08487
       0.04892		       4.37551
       1.11739		       4.39452
       2.17490		       4.13244
       3.14624		       3.60066
       3.96214		       2.83049
       4.56448		       1.87068
       4.91044		       0.78366
       4.97562		      -0.35918
       4.75559		      -1.48284
       4.26603		      -2.51422
       3.54129		      -3.38743
       2.63168		      -4.04849
       1.59950		      -4.45905
       0.51436		      -4.59888
      -0.55198		      -4.46696
      -1.53090		      -4.08122
      -2.36177		      -3.47670
      -2.99612		      -2.70272
      -3.40090		      -1.81883
      -3.56043		      -0.89027
      -3.47703		       0.01698
      -3.17034		       0.84105
      -2.67534		       1.52856
      -2.03925		       2.03833
      -1.31769		       2.34401
      -0.57022		       2.43556
       0.14423		       2.31946
       0.77176		       2.01765
       1.26744		       1.56538
       1.59839		       1.00808
       1.74588		       0.39755
       1.70634		      -0.21219
       1.49116		      -0.76916
       1.12529		      -1.22731
       0.64499		      -1.54996
       0.09461		      -1.71235
      -0.47699		      -1.70319
      -1.02044		      -1.52526
      -1.48962		      -1.19475
      -1.84521		      -0.73973
      -2.05755		      -0.19766
      -2.10872		       0.38766
      -1.99364		       0.96968
      -1.72021		       1.50265
      -1.30842		       1.94516
      -0.78857		       2.26316
      -0.19879		       2.43240
       0.41802		       2.44004
       1.01750		       2.28540
       1.55714		       1.97972
       1.99944		       1.54509
       2.31453		       1.01256
       2.48220		       0.41963
       2.49311		      -0.19260
       2.34924		      -0.78257
       2.06341		      -1.31125
       1.65803		      -1.74490
       1.16325		      -2.05733
       0.61452		      -2.23156
       0.04989		      -2.26073
      -0.49280		      -2.14821
      -0.97858		      -1.90706
      -1.37777		      -1.55867
      -1.66784		      -1.13096
      -1.83475		      -0.65613
      -1.87358		      -0.16818
      -1.78848		       0.29958
      -1.59195		       0.71683
      -1.30357		       1.05827
      -0.94830		       1.30519
      -0.55439		       1.44645
      -0.15126		       1.47886
       0.23272		       1.40704
       0.57211		       1.24265
       0.84612		       1.00317
       1.03980		       0.71034
       1.14480		       0.38832
       1.15952		       0.06191
       1.08891		      -0.24535
       0.94365		      -0.51274
       0.73909		      -0.72366
       0.49383		      -0.86659
       0.22820		      -0.93560
      -0.03731		      -0.93037
      -0.28348		      -0.85592
      -0.49369		      -0.72185
      -0.65493		      -0.54140
      -0.75841		      -0.33026
      -0.79998		      -0.10529
      -0.78007		       0.11671
      -0.70334		       0.32015
      -0.57806		       0.49171
      -0.41535		       0.62101
      -0.22816		       0.70113
      -0.03030		       0.72887
       0.16449		       0.70461
       0.34352		       0.63210
       0.49579		       0.51792
       0.61260		       0.37089
       0.68791		       0.20132
       0.71847		       0.02033
       0.70384		      -0.16092
       0.64615		      -0.33182
       0.54981		      -0.48288
       0.42110		      -0.60612
       0.26770		      -0.69540
       0.09824		      -0.74654
      -0.07822		      -0.75742
      -0.25258		      -0.72791
      -0.41609		      -0.65978
      -0.56072		      -0.55651
      -0.67939		      -0.42310
      -0.76624		      -0.26582
      -0.81680		      -0.09197
      -0.82815		       0.09037
      -0.79903		       0.27267
      -0.72994		       0.44619
      -0.62317		       0.60234
      -0.48282		       0.73301
      -0.31468		       0.83095
      -0.12618		       0.89012
       0.07389		       0.90609
       0.27570		       0.87632
       0.46873		       0.80055
       0.64232		       0.68088
       0.78624		       0.52200
       0.89125		       0.33101
       0.94981		       0.11731
       0.95658		      -0.10779
       0.90901		      -0.33163
       0.80768		      -0.54088
       0.65651		      -0.72230
       0.46279		      -0.86365
       0.23690		      -0.95452
      -0.00811		      -0.98721
      -0.25724		      -0.95738
      -0.49445		      -0.86462
      -0.70364		      -0.71268
      -0.86983		      -0.50951
      -0.98021		      -0.26694
      -1.02523		      -0.00007
      -0.99941		       0.27361
      -0.90198		       0.53534
      -0.73718		       0.76637
      -0.51421		       0.94931
      -0.24679		       1.06947
       0.04759		       1.11606
       0.34880		       1.08314
       0.63543		       0.97028
       0.88628		       0.78288
       1.08200		       0.53193
       1.20653		       0.23353
       1.24848		      -0.09218
       1.20216		      -0.42235
       1.06820		      -0.73300
       0.85376		      -1.00080
       0.57223		      -1.20485
       0.24243		      -1.32835
      -0.11260		      -1.36000
      -0.46725		      -1.29506
      -0.79514		      -1.13593
      -1.07115		      -0.89220
      -1.27337		      -0.58015
      -1.38487		      -0.22175
      -1.39515		       0.15689
      -1.30119		       0.52737
      -1.10787		       0.86110
      -0.82787		       1.13152
      -0.48091		       1.31620
      -0.09247		       1.39872
       0.30802		       1.37006
       0.68932		       1.22960
       1.02078		       0.98540
       1.27465		       0.65380
       1.42840		       0.25848
       1.46655		      -0.17121
       1.38211		      -0.60230
       1.17741		      -1.00065
       0.86411		      -1.33354
       0.46267		      -1.57223
       0.00100		      -1.69429
      -0.48744		      -1.68547
      -0.96608		      -1.54108
      -1.39786		      -1.26655
      -1.74811		      -0.87737
      -1.98721		      -0.39814
      -2.09298		       0.13903
      -2.05250		       0.69675
      -1.86339		       1.23506
      -1.53418		       1.71432
      -1.08395		       2.09825
      -0.54112		       2.35667
       0.05849		       2.46791
       0.67415		       2.42060
       1.26322		       2.21470
       1.78426		       1.86167
       2.20016		       1.38385
       2.48097		       0.81293
       2.60620		       0.18770
       2.56653		      -0.44872
       2.36459		      -1.05210
       2.01491		      -1.58039
       1.54294		      -1.99689
       0.98320		      -2.27308
       0.37680		      -2.39084
      -0.23169		      -2.34390
      -0.79757		      -2.13839
      -1.27946		      -1.79250
      -1.64247		      -1.33510
      -1.86095		      -0.80364
      -1.92053		      -0.24126
      -1.81933		       0.30646
      -1.56820		       0.79509
      -1.18998		       1.18484
      -0.71779		       1.44369
      -0.19256		       1.54999
       0.34013		       1.49433
       0.83359		       1.28041
       1.24372		       0.92487
       1.53249		       0.45624
       1.67110		      -0.08719
       1.64234		      -0.66021
       1.44221		      -1.21414
       1.08044		      -1.70060
       0.57997		      -2.07529
      -0.02454		      -2.30157
      -0.68920		      -2.35339
      -1.36412		      -2.21760
      -1.99711		      -1.89516
      -2.53764		      -1.40137
      -2.94075		      -0.76497
      -3.17054		      -0.02624
      -3.20307		       0.76591
      -3.02835		       1.55737
      -2.65132		       2.29289
      -2.09170		       2.92013
      -1.38272		       3.39361
      -0.56885		       3.67817
       0.29742		       3.75166
       1.15934		       3.60671
       1.96004		       3.25138
       2.64678		       2.70868
       3.17477		       2.01488
       3.51058		       1.21695
       3.63455		       0.36906
       3.54230		      -0.47141
       3.24503		      -1.24814
       2.76862		      -1.91008
       2.15166		      -2.41522
       1.44251		      -2.73375
       0.69557		      -2.85021
      -0.03285		      -2.76463
      -0.68891		      -2.49242
      -1.22530		      -2.06310
      -1.60489		      -1.51796
      -1.80362		      -0.90676
      -1.81226		      -0.28384
      -1.63715		       0.29621
      -1.29964		       0.78286
      -0.83442		       1.13364
      -0.28676		       1.31754
       0.29111		       1.31758
       0.84408		       1.13214
       1.31863		       0.77529
       1.66708		       0.27574
       1.85149		      -0.32531
       1.84680		      -0.97727
       1.64299		      -1.62411
       1.24609		      -2.20868
       0.67793		      -2.67723
      -0.02526		      -2.98366
      -0.81552		      -3.09322
      -1.63660		      -2.98544
      -2.42817		      -2.65586
      -3.13040		      -2.11672
      -3.68845		      -1.39621
      -4.05670		      -0.53665
      -4.20229		       0.40854
      -4.10772		       1.37867
      -3.77234		       2.31016
      -3.21250		       3.14125
      -2.46053		       3.81651
      -1.56245		       4.29096
      -0.57466		       4.53339
       0.44017		       4.52865
       1.41761		       4.27877
       2.29622		       3.80278
       3.02202		       3.13527
       3.55236		       2.32377
       3.85899		       1.42516
       3.93004		       0.50142
       3.77069		      -0.38499
       3.40263		      -1.17582
       2.86223		      -1.82127
       2.19760		      -2.28372
       1.46480		      -2.54034
       0.72345		      -2.58465
       0.03209		      -2.42686
      -0.55633		      -2.09278
      -0.99855		      -1.62166
      -1.26427		      -1.06294
      -1.33843		      -0.47224
      -1.22229		       0.09314
      -0.93321		       0.57880
      -0.50322		       0.93763
       0.02364		       1.13355
       0.59485		       1.14448
       1.15364		       0.96413
       1.64355		       0.60259
       2.01301		       0.08562
       2.21950		      -0.54727
       2.23305		      -1.24586
       2.03878		      -1.95306
       1.63828		      -2.60936
       1.04968		      -3.15745
       0.30651		      -3.54672
      -0.54470		      -3.73728
      -1.44779		      -3.70318
      -2.34111		      -3.43452
      -3.16211		      -2.93846
      -3.85202		      -2.23889
      -4.36025		      -1.37475
      -4.64821		      -0.39740
      -4.69224		       0.63319
      -4.48539		       1.65266
      -4.03803		       2.59701
      -3.37711		       3.40722
      -2.54415		       4.03352
      -1.59227		       4.43899
      -0.58223		       4.60210
       0.42198		       4.51824
       1.35783		       4.19985
       2.16875		       3.67535
       2.80823		       2.98684
       3.24302		       2.18687
       3.45542		       1.33434
       3.44431		       0.49006
       3.22493		      -0.28783
       2.82741		      -0.94818
       2.29425		      -1.45060
       1.67679		      -1.76830
       1.03106		      -1.88994
       0.41341		      -1.82020
      -0.12399		      -1.57915
      -0.53717		      -1.20042
      -0.79375		      -0.72828
      -0.87539		      -0.21404
      -0.77913		       0.28823
      -0.51749		       0.72606
      -0.11739		       1.05284
       0.38209		       1.23156
       0.93290		       1.23785
       1.48188		       1.06196
       1.97501		       0.70961
       2.36182		       0.20164
       2.59939		      -0.42756
       2.65587		      -1.13261
       2.51310		      -1.86067
       2.16819		      -2.55544
       1.63393		      -3.16151
       0.93796		      -3.62863
       0.12086		      -3.91562
      -0.76680		      -3.99357
      -1.66817		      -3.84812
      -2.52427		      -3.48067
      -3.27839		      -2.90835
      -3.88020		      -2.16289
      -4.28951		      -1.28828
      -4.47916		      -0.33767
      -4.43699		       0.63056
      -4.16668		       1.55699
      -3.68740		       2.38545
      -3.03228		       3.06706
      -2.24593		       3.56366
      -1.38109		       3.85046
      -0.49465		       3.91761
       0.35648		       3.77070
       1.11955		       3.43009
       1.74974		       2.92910
       2.21330		       2.31134
       2.48984		       1.62718
       2.57349		       0.92992
       2.47308		       0.27161
       2.21105		      -0.30080
       1.82148		      -0.74900
       1.34712		      -1.04604
       0.83591		      -1.17820
       0.33708		      -1.14580
      -0.10279		      -0.96288
      -0.44341		      -0.65587
      -0.65396		      -0.26123
      -0.71541		       0.17759
      -0.62197		       0.61377
      -0.38143		       1.00092
      -0.01446		       1.29686
       0.44711		       1.46704
       0.96288		       1.48729
       1.48709		       1.34584
       1.97232		       1.04425
       2.37323		       0.59742
       2.65018		       0.03242
       2.77235		      -0.61350
       2.72027		      -1.29572
       2.48737		      -1.96570
       2.08058		      -2.57460
       1.51994		      -3.07703
       0.83713		      -3.43448
       0.07320		      -3.61821
      -0.72447		      -3.61146
      -1.50562		      -3.41065
      -2.22079		      -3.02573
      -2.82494		      -2.47936
      -3.28067		      -1.80526
      -3.56091		      -1.04571
      -3.65077		      -0.24844
      -3.54850		       0.53688
      -3.26547		       1.26224
      -2.82513		       1.88469
      -2.26116		       2.36939
      -1.61483		       2.69198
      -0.93183		       2.84015
      -0.25888		       2.81423
       0.35976		       2.62693
       0.88549		       2.30206
       1.28808		       1.87252
       1.54773		       1.37755
       1.65631		       0.85960
       1.61764		       0.36106
       1.44689		      -0.07906
       1.16910		      -0.42802
       0.81700		      -0.66177
       0.42826		      -0.76663
       0.04236		      -0.74015
      -0.30259		      -0.59107
      -0.57284		      -0.33844
      -0.74167		      -0.00989
      -0.79148		       0.36071
      -0.71506		       0.73602
      -0.51610		       1.07833
      -0.20883		       1.35255
       0.18318		       1.52906
       0.62892		       1.58607
       1.09242		       1.51130
       1.53561		       1.30303
       1.92130		       0.97021
       2.21607		       0.53178
       2.39292		       0.01526
       2.43329		      -0.54536
       2.32856		      -1.11219
       2.08071		      -1.64631
       1.70214		      -2.11068
       1.21479		      -2.47292
       0.64847		      -2.70766
       0.03867		      -2.79843
      -0.57610		      -2.73881
      -1.15710		      -2.53282
      -1.66821		      -2.19456
      -2.07852		      -1.74706
      -2.36446		      -1.22052
      -2.51143		      -0.65002
      -2.51474		      -0.07290
      -2.37968		       0.47397
      -2.12103		       0.95687
      -1.76173		       1.34762
      -1.33099		       1.62547
      -0.86206		       1.77849
      -0.38961		       1.80418
       0.05283		       1.70941
       0.43540		       1.50964
       0.73399		       1.22753
       0.93192		       0.89100
       1.02102		       0.53095
       1.00199		       0.17883
       0.88409		      -0.13586
       0.68421		      -0.38777
       0.42535		      -0.55759
       0.13463		      -0.63345
      -0.15894		      -0.61165
      -0.42679		      -0.49681
      -0.64310		      -0.30132
      -0.78678		      -0.04424
      -0.84310		       0.25035
      -0.80480		       0.55532
      -0.67255		       0.84273
      -0.45485		       1.08602
      -0.16727		       1.26213
       0.16879		       1.35331
       0.52788		       1.34847
       0.88244		       1.24400
       1.20501		       1.04406
       1.47031		       0.76019
       1.65719		       0.41041
       1.75021		       0.01782
       1.74080		      -0.39117
       1.62784		      -0.78886
       1.41772		      -1.14833
       1.12378		      -1.44543
       0.76529		      -1.66057
       0.36595		      -1.78007
      -0.04793		      -1.79712
      -0.44932		      -1.71221
      -0.81254		      -1.53293
      -1.11505		      -1.27333
      -1.33906		      -0.95278
      -1.47274		      -0.59442
      -1.51094		      -0.22342
      -1.45541		       0.13495
      -1.31451		       0.45711
      -1.10241		       0.72294
      -0.83792		       0.91711
      -0.54290		       1.03011
      -0.24062		       1.05878
       0.04608		       1.00637
       0.29649		       0.88208
       0.49349		       0.70021
       0.62483		       0.47890
       0.68381		       0.23862
       0.66973		       0.00055
       0.58771		      -0.21511
       0.44816		      -0.39068
       0.26580		      -0.51229
       0.05839		      -0.57088
      -0.15472		      -0.56282
      -0.35417		      -0.49002
      -0.52211		      -0.35969
      -0.64361		      -0.18365
      -0.70775		       0.02270
      -0.70841		       0.24166
      -0.64470		       0.45463
      -0.52094		       0.64365
      -0.34623		       0.79277
      -0.13368		       0.88925
       0.10065		       0.92455
       0.33907		       0.89491
       0.56360		       0.80161
       0.75740		       0.65076
       0.90600		       0.45284
       0.99844		       0.22179
       1.02797		      -0.02607
       0.99259		      -0.27330
       0.89504		      -0.50269
       0.74262		      -0.69854
       0.54649		      -0.84780
       0.32080		      -0.94100
       0.08159		      -0.97290
      -0.15446		      -0.94278
      -0.37124		      -0.85442
      -0.55447		      -0.71569
      -0.69263		      -0.53791
      -0.77779		      -0.33491
      -0.80613		      -0.12191
      -0.77808		       0.08559
      -0.69817		       0.27303
      -0.57462		       0.42781
      -0.41857		       0.54021
      -0.24319		       0.60400
      -0.06259		       0.61684
       0.10922		       0.58033
       0.25944		       0.49975
       0.37739		       0.38356
       0.45530		       0.24266
       0.48875		       0.08948
       0.47699		      -0.06305
       0.42282		      -0.20249
       0.33230		      -0.31783
       0.21420		      -0.40035
       0.07920		      -0.44419
      -0.06097		      -0.44673
      -0.19447		      -0.40877
      -0.31032		      -0.33429
      -0.39919		      -0.23013
      -0.45413		      -0.10533
      -0.47105		       0.02958
      -0.44897		       0.16348
      -0.39003		       0.28555
      -0.29926		       0.38607
      -0.18412		       0.45720
      -0.05389		       0.49355
       0.08115		       0.49251
       0.21046		       0.45448
       0.32413		       0.38269
       0.41362		       0.28295
       0.47238		       0.16316
       0.49633		       0.03261
       0.48414		      -0.09874
       0.43725		      -0.22103
       0.35974		      -0.32525
       0.25792		      -0.40397
       0.13985		      -0.45182
       0.01466		      -0.46587
      -0.10819		      -0.44583
      -0.21960		      -0.39400
      -0.31156		      -0.31503
      -0.37771		      -0.21552
      -0.41379		      -0.10348
      -0.41795		       0.01234
      -0.39079		       0.12311
      -0.33529		       0.22060
      -0.25653		       0.29784
      -0.16121		       0.34957
      -0.05714		       0.37263
       0.04741		       0.36616
       0.14438		       0.33158
       0.22649		       0.27247
       0.28783		       0.19419
       0.32424		       0.10347
       0.33365		       0.00781
       0.31614		      -0.08509
       0.27390		      -0.16796
       0.21103		      -0.23451
       0.13312		      -0.27988
       0.04685		      -0.30104
      -0.04063		      -0.29693
      -0.12221		      -0.26853
      -0.19145		      -0.21875
      -0.24300		      -0.15213
      -0.27307		      -0.07448
      -0.27965		       0.00763
      -0.26267		       0.08741
      -0.22396		       0.15836
      -0.16706		       0.21481
      -0.09693		       0.25236
      -0.01952		       0.26820
       0.05874		       0.26132
       0.13139		       0.23253
       0.19255		       0.18445
       0.23732		       0.12117
       0.26216		       0.04801
       0.26518		      -0.02900
       0.24628		      -0.10354
       0.20711		      -0.16957
       0.15095		      -0.22176
       0.08240		      -0.25594
       0.00705		      -0.26940
      -0.06901		      -0.26112
      -0.13964		      -0.23180
      -0.19919		      -0.18384
      -0.24289		      -0.12112
      -0.26728		      -0.04867
      -0.27040		       0.02771
      -0.25204		       0.10191
      -0.21367		       0.16803
      -0.15834		       0.22079
      -0.09047		       0.25601
      -0.01545		       0.27087
       0.06077		       0.26419
       0.13212		       0.23648
       0.19293		       0.18992
       0.23836		       0.12819
       0.26477		       0.05616
       0.27004		      -0.02047
       0.25368		      -0.09564
       0.21693		      -0.16336
       0.16263		      -0.21825
       0.09504		      -0.25590
       0.01944		      -0.27326
      -0.05822		      -0.26885
      -0.13179		      -0.24291
      -0.19543		      -0.19737
      -0.24406		      -0.13571
      -0.27373		      -0.06272
      -0.28198		       0.01593
      -0.26802		       0.09407
      -0.23278		       0.16553
      -0.17890		       0.22464
      -0.11048		       0.26664
      -0.03280		       0.28811
       0.04809		       0.28720
       0.12584		       0.26380
       0.19431		       0.21959
       0.24803		       0.15789
       0.28263		       0.08341
       0.29522		       0.00195
       0.28461		      -0.08013
       0.25144		      -0.15632
       0.19813		      -0.22052
       0.12870		      -0.26751
       0.04851		      -0.29336
      -0.03616		      -0.29578
      -0.11860		      -0.27427
      -0.19219		      -0.23024
      -0.25089		      -0.16691
      -0.28977		      -0.08905
      -0.30538		      -0.00269
      -0.29606		       0.08539
      -0.26207		       0.16814
      -0.20565		       0.23880
      -0.13085		       0.29146
      -0.04325		       0.32147
       0.05044		       0.32590
       0.14292		       0.30377
       0.22677		       0.25614
       0.29512		       0.18612
       0.34214		       0.09863
       0.36354		       0.00007
       0.35690		      -0.10214
       0.32195		      -0.20012
       0.26059		      -0.28614
       0.17681		      -0.35319
       0.07642		      -0.39556
      -0.03334		      -0.40931
      -0.14434		      -0.39258
      -0.24817		      -0.34581
      -0.33676		      -0.27174
      -0.40301		      -0.17528
      -0.44138		      -0.06312
      -0.44829		       0.05669
      -0.42250		       0.17534
      -0.36519		       0.28393
      -0.27997		       0.37412
      -0.17263		       0.43880
      -0.05074		       0.47264
       0.07688		       0.47255
       0.20080		       0.43791
       0.31171		       0.37073
       0.40111		       0.27551
       0.46198		       0.15895
       0.48933		       0.02946
       0.48063		      -0.10340
       0.43606		      -0.22967
       0.35850		      -0.33974
       0.25341		      -0.42506
       0.12843		      -0.47884
      -0.00718		      -0.49659
      -0.14316		      -0.47652
      -0.26910		      -0.41969
      -0.37518		      -0.33002
      -0.45294		      -0.21401
      -0.49600		      -0.08032
      -0.50052		       0.06092
      -0.46562		       0.19878
      -0.39342		       0.32243
      -0.28903		       0.42196
      -0.16010		       0.48912
      -0.01639		       0.51807
       0.13104		       0.50582
       0.27058		       0.45252
       0.39102		       0.36157
       0.48241		       0.23935
       0.53682		       0.09484
       0.54907		      -0.06102
       0.51713		      -0.21618
       0.44238		      -0.35832
       0.32956		      -0.47588
       0.18650		      -0.55888
       0.02358		      -0.59980
      -0.14700		      -0.59419
      -0.31215		      -0.54107
      -0.45884		      -0.44312
      -0.57514		      -0.30654
      -0.65110		      -0.14066
      -0.67963		       0.04270
      -0.65708		       0.23008
      -0.58356		       0.40734
      -0.46308		       0.56078
      -0.30330		       0.67814
      -0.11505		       0.74956
       0.08847		       0.76844
       0.29257		       0.73195
       0.48221		       0.64135
       0.64310		       0.50196
       0.76278		       0.32286
       0.83163		       0.11627
       0.84364		      -0.10332
       0.79689		      -0.32019
       0.69383		      -0.51857
       0.54110		      -0.68382
       0.34916		      -0.80353
       0.13151		      -0.86853
      -0.09626		      -0.87362
      -0.31762		      -0.81801
      -0.51636		      -0.70543
      -0.67778		      -0.54394
      -0.78989		      -0.34537
      -0.84430		      -0.12442
      -0.83695		       0.10235
      -0.76844		       0.31784
