     118.58033		     -11.25022
     112.01269		     -40.49748
      98.02781		     -66.94972
      77.66637		     -88.72408
      52.44006		    -104.29659
      24.21389		    -112.61687
      -4.93812		    -113.18572
     -32.89297		    -106.08975
     -57.64144		     -91.99041
     -77.44130		     -72.06860
     -90.94862		     -47.92931
     -97.31743		     -21.47396
     -96.25980		       5.24930
     -88.06209		      30.20567
     -73.55620		      51.53130
     -54.04849		      67.67632
     -31.21221		      77.52197
      -6.95206		      80.46294
      16.74813		      76.44855
      37.98256		      65.97996
      55.07295		      50.06390
      66.69874		      30.12687
      71.99764		       7.89692
      70.62900		     -14.73731
      62.79508		     -35.87903
      49.21905		     -53.77497
      31.08155		     -66.95420
       9.92145		     -74.34325
     -12.49124		     -75.34836
     -34.29975		     -69.89869
     -53.71071		     -58.44727
     -69.13798		     -41.92993
     -79.32862		     -21.68577
     -83.46109		       0.65412
     -81.20796		      23.30053
     -72.75839		      44.45176
     -58.79868		      62.43916
     -40.45298		      75.86076
     -19.18894		      83.69255
       3.30365		      85.36826
      25.25149		      80.82165
      44.94208		      70.48787
      60.86233		      55.26428
      71.81995		      36.43382
      77.03810		      15.55760
      76.21565		      -5.65463
      69.54827		     -25.48535
      57.70892		     -42.35009
      41.78937		     -54.92670
      23.20769		     -62.26254
       3.58945		     -63.85106
     -15.36786		     -59.67142
     -32.03572		     -50.18819
     -44.98967		     -36.31113
     -53.12723		     -19.31840
     -55.75926		      -0.74960
     -52.66731		      17.72273
     -44.12206		      34.43258
     -30.86169		      47.85944
     -14.03158		      56.75558
       4.90952		      60.25117
      24.30938		      57.92855
      42.45851		      49.85968
      57.73156		      36.60351
      68.72245		      19.16350
      74.36231		      -1.09150
      74.01041		     -22.53656
      67.51076		     -43.42155
      55.20957		     -62.01290
      37.93215		     -76.73495
      16.92071		     -86.29941
      -6.26185		     -89.81237
     -29.85462		     -86.85022
     -52.03816		     -77.49824
     -71.07949		     -62.34853
     -85.47114		     -42.45733
     -94.05290		     -19.26493
     -96.10664		       5.51550
     -91.41641		      30.03148
     -80.28889		      52.43654
     -63.53246		      71.03586
     -42.39635		      84.42045
     -18.47463		      91.57940
       6.41749		      91.98098
      30.38530		      85.61619
      51.60292		      73.00118
      68.45673		      55.13823
      79.67237		      33.43830
      84.41532		       9.61113
      82.35704		     -14.46835
      73.70139		     -36.90690
      59.16913		     -55.94148
      39.94181		     -70.07775
      17.56922		     -78.20751
      -6.15204		     -79.69587
     -29.31962		     -74.43131
     -50.07473		     -62.83452
     -66.74809		     -45.82545
     -77.99099		     -24.75115
     -82.88115		      -1.28007
     -80.99496		      22.72889
     -72.44062		      45.37213
     -57.84946		      64.85048
     -38.32622		      79.61006
     -15.36228		      88.46357
       9.28129		      90.68279
      33.71162		      86.05483
      56.05198		      74.89788
      74.58804		      58.03538
      87.90108		      36.73054
      94.97757		      12.58678
      95.28672		     -12.57829
      88.81983		     -36.87508
      76.08867		     -58.48942
      58.08299		     -75.82327
      36.19085		     -87.61790
      12.08801		     -93.04979
     -12.39459		     -91.79185
     -35.41475		     -84.03532
     -55.26301		     -70.47075
     -70.49526		     -52.22983
     -80.04354		     -30.79284
     -83.29644		      -7.86929
     -80.14287		      14.73879
     -70.97592		      35.27981
     -56.65678		      52.19056
     -38.44181		      64.21818
     -17.87871		      70.51656
       3.31967		      70.70962
      23.41376		      64.91670
      40.77680		      53.73817
      54.02436		      38.20269
      62.12350		      19.68052
      64.47302		      -0.22989
      60.94847		     -19.83298
      51.90853		     -37.47408
      38.16247		     -51.67327
      20.90144		     -61.24436
       1.59938		     -65.38958
     -18.10845		     -63.76235
     -36.55939		     -56.49327
     -52.19884		     -44.17750
     -63.70655		     -27.82447
     -70.10334		      -8.77438
     -70.82990		      11.41189
     -65.79134		      31.08036
     -55.36396		      48.61863
     -40.36389		      62.58703
     -21.98020		      71.83524
      -1.67784		      75.59547
      18.92139		      73.54434
      38.17056		      65.82877
      54.53105		      53.05373
      66.69709		      36.23303
      73.70139		      16.70697
      74.99318		      -3.96621
      70.48266		     -24.13648
      60.54804		     -42.19551
      46.00481		     -56.70666
      28.03976		     -66.52110
       8.11488		     -70.87064
     -12.15083		     -69.42982
     -31.11223		     -62.34221
     -47.23112		     -50.20887
     -59.20060		     -34.03995
     -66.05096		     -15.17316
     -67.22829		       4.83415
     -62.63970		      24.33073
     -52.66137		      41.70484
     -38.10886		      55.51456
     -20.17191		      64.60463
      -0.31917		      68.20034
      19.81983		      65.97088
      38.58562		      58.05718
      54.42251		      45.06176
      66.00411		      28.00162
      72.34069		       8.22772
      72.85979		     -12.68249
      67.45348		     -33.05081
      56.48859		     -51.23240
      40.77897		     -65.74742
      21.52193		     -75.39983
       0.20409		     -79.37361
     -21.51616		     -77.29896
     -41.93997		     -69.28300
     -59.46280		     -55.90257
     -72.70188		     -38.15967
     -80.60619		     -17.40300
     -82.54020		       4.77802
     -78.33472		      26.67850
     -68.30078		      46.61251
     -53.20551		      63.04613
     -34.21178		      74.71836
     -12.78663		      80.74055
       9.41446		      80.66623
      30.67811		      74.52593
      49.36799		      62.82421
      64.05371		      46.49925
      73.62305		      26.84807
      77.36899		       5.42357
      75.04449		     -16.08858
      66.88073		     -36.00332
      53.56749		     -52.76926
      36.19720		     -65.09085
      16.17723		     -72.03000
      -4.88253		     -73.07916
     -25.29794		     -68.19998
     -43.44437		     -57.82474
     -57.88540		     -42.82035
     -67.48622		     -24.41797
     -71.50273		      -4.11386
     -69.63935		      16.45051
     -62.07101		      35.61962
     -49.42757		      51.85578
     -32.74218		      63.86119
     -13.36760		      70.68065
       7.13266		      71.77662
      27.10970		      67.07084
      44.96103		      56.94919
      59.25836		      42.22954
      68.86107		      24.09525
      73.00648		       3.99971
      71.36972		     -16.45045
      64.08852		     -35.62402
      51.75095		     -51.99556
      35.34734		     -64.26694
      16.19012		     -71.47038
      -4.19183		     -73.04494
     -24.17581		     -68.88024
     -42.17522		     -59.32416
     -56.76619		     -45.15384
     -66.80092		     -27.51251
     -71.49875		      -7.81717
     -70.50760		      12.35540
     -63.93100		      31.39508
     -52.31870		      47.78728
     -36.62154		      60.23388
     -18.11440		      67.75656
       1.70669		      69.77434
      21.24481		      66.14917
      38.93032		      57.19595
      53.34657		      43.65629
      63.34308		      26.63820
      68.12727		       7.52652
      67.32733		     -12.12869
      61.02125		     -30.73670
      49.72989		     -46.79384
      34.37447		     -59.00393
      16.20215		     -66.38202
      -3.31442		     -68.33303
     -22.59550		     -64.69905
     -40.08104		     -55.77159
     -54.35579		     -42.26786
     -64.26268		     -25.27297
     -68.99535		      -6.15276
     -68.16268		      13.55578
     -61.81991		      32.26762
     -50.46409		      48.47662
     -34.99424		      60.87600
     -16.63940		      68.46279
       3.13970		      70.61798
      22.76728		      67.15586
      40.67834		      58.33880
      55.44348		      44.85625
      65.88288		      27.76966
      71.16017		       8.42778
      70.84894		     -11.64079
      64.96645		     -30.84943
      53.97200		     -47.67964
      38.73010		     -60.80183
      20.44139		     -69.18070
       0.54691		     -72.15726
     -19.38657		     -69.50066
     -37.79118		     -61.42594
     -53.22235		     -48.57627
     -64.47324		     -31.97114
     -70.67001		     -12.92476
     -71.34052		       7.05887
     -66.45081		      26.40571
     -56.40672		      43.59679
     -42.02053		      57.28865
     -24.44529		      66.41947
      -5.08226		      70.29259
      14.53120		      68.63072
      32.84428		      61.59661
      48.41608		      49.77861
      60.02987		      34.14245
      66.78915		      15.95296
      68.18791		      -3.32772
      64.14955		     -22.15741
      55.03139		     -39.03717
      41.59459		     -52.63077
      24.94182		     -61.87079
       6.42798		     -66.04295
     -12.44909		     -64.84191
     -30.16895		     -58.39430
     -45.31034		     -47.24706
     -56.66469		     -32.32221
     -63.33226		     -14.84170
     -64.79334		       3.77145
     -60.94872		      22.00799
     -52.12642		      38.39375
     -39.05421		      51.60789
     -22.80001		      60.58855
      -4.68531		      64.61747
      13.82164		      63.37687
      31.22416		      56.97402
      46.11744		      45.93172
      57.30129		      31.14541
      63.87619		      13.81043
      65.31505		      -4.67458
      61.50489		     -22.82049
      52.75529		     -39.16757
      39.77278		     -52.40276
      23.60344		     -61.46502
       5.54837		     -65.63029
     -12.94132		     -64.56928
     -30.38133		     -58.37337
     -45.37358		     -47.54687
     -56.71857		     -32.96591
     -63.51157		     -15.80769
     -65.21518		       2.54452
     -61.70223		      20.61280
     -53.26568		      36.94354
     -40.59486		      50.22434
     -24.71978		      59.38955
      -6.92814		      63.70592
      11.33833		      62.83151
      28.59988		      56.84319
      43.45776		      46.23050
      54.70683		      31.85637
      61.43253		      14.88783
      63.08465		      -3.29758
      59.52180		     -21.22248
      51.02321		     -37.42825
      38.26672		     -50.59228
      22.27490		     -59.63429
       4.33346		     -63.80344
     -14.11146		     -62.73900
     -31.56892		     -56.49999
     -46.62250		     -45.56113
     -58.04375		     -30.77570
     -64.89077		     -13.30801
     -66.58400		       5.45894
     -62.95316		      24.03338
     -54.25160		      40.93349
     -41.13697		      54.80533
     -24.61959		      64.53078
      -5.98281		      69.31681
      13.31843		      68.75885
      31.77271		      62.87348
      47.93184		      52.09755
      60.52545		      37.25406
      68.56167		      19.48735
      71.40557		       0.17284
      68.82943		     -19.19154
      61.03064		     -37.10358
      48.61604		     -52.17528
      32.55375		     -63.24224
      14.09654		     -69.45520
      -5.31722		     -70.34667
     -24.17727		     -65.86712
     -41.02054		     -56.38819
     -54.54641		     -42.67253
     -63.71887		     -25.81274
     -67.84751		      -7.14446
     -66.64105		      11.85973
     -60.22917		      29.70685
     -49.15089		      45.00150
     -34.31070		      56.55569
     -16.90582		      63.48201
       1.66949		      65.26274
      19.93496		      61.78941
      36.44173		      53.36984
      49.88701		      40.70219
      59.21665		      24.81811
      63.70772		       6.99965
      63.02451		     -11.32340
      57.24359		     -28.68750
      46.84601		     -43.71166
      32.67747		     -55.20673
      15.87963		     -62.26900
      -2.20184		     -64.35081
     -20.12503		     -61.30254
     -36.46687		     -53.38279
     -49.93614		     -41.23600
     -59.47563		     -25.83955
     -64.34518		      -8.42441
     -64.17914		       9.62392
     -59.01376		      26.87653
     -49.28235		      41.97506
     -35.77891		      53.73968
     -19.59298		      61.26226
      -2.02123		      63.97754
      15.53704		      61.70645
      31.69233		      54.66856
      45.17597		      43.46239
      54.94100		      29.01563
      60.24501		      12.50906
      60.70800		      -4.71939
      56.34114		     -21.28284
      47.54388		     -35.85716
      35.06993		     -47.28720
      19.96488		     -54.67896
       3.48062		     -57.47053
     -13.02666		     -55.47593
     -28.20638		     -48.89864
     -40.82278		     -38.31360
     -49.85453		     -24.61938
     -54.57671		      -8.96436
     -54.61877		       7.34710
     -49.99358		      22.96080
     -41.09563		      36.58268
     -28.66830		      47.08378
     -13.74298		      53.59158
       2.44491		      55.56063
      18.55638		      52.81655
      33.25754		      45.57012
      45.32789		      34.40013
      53.75925		      20.20664
      57.83771		       4.13819
      57.20167		     -12.50101
      51.87153		     -28.35640
      42.24860		     -42.13261
      29.08325		     -52.69817
      13.41497		     -59.17718
      -3.51096		     -61.02041
     -20.34340		     -58.05017
     -35.73387		     -50.47538
     -48.44504		     -38.87558
     -57.45029		     -24.15506
     -62.01666		      -7.47103
     -61.76410		       9.85876
     -56.69670		      26.46124
     -47.20307		      41.01790
     -34.02593		      52.37034
     -18.20337		      59.61324
      -0.98637		      62.16707
      16.26074		      59.82491
      32.16907		      52.76953
      45.47432		      41.55937
      55.11781		      27.08450
      60.33108		      10.49609
      60.69751		      -6.88500
      56.18590		     -23.67327
      47.15338		     -38.52878
      34.31737		     -50.26388
      18.69886		     -57.93788
       1.54150		     -60.93204
     -15.78711		     -58.99907
     -31.90395		     -52.28310
     -45.52042		     -41.30851
     -55.54477		     -26.93858
     -61.16875		     -10.30720
     -61.93195		       7.27092
     -57.75841		      24.40433
     -48.96274		      39.73509
     -36.22538		      52.04626
     -20.53870		      60.35819
      -3.12854		      64.00600
      14.64274		      62.69202
      31.38395		      56.50916
      45.78492		      45.93330
      56.71985		      31.78541
      63.33589		      15.16638
      65.12006		      -2.63014
      61.93913		     -20.22013
      54.04940		     -36.23837
      42.07569		     -49.44611
      26.96114		     -58.82835
       9.89206		     -63.67325
      -7.79632		     -63.62738
     -24.72570		     -58.72243
     -39.58351		     -49.37135
     -51.22631		     -36.33439
     -58.76943		     -20.65768
     -61.65578		      -3.58936
     -59.69849		      13.51993
     -53.09406		      29.32441
     -42.40501		      42.58972
     -28.51359		      52.29021
     -12.55025		      57.68929
       4.19736		      58.39656
      20.38744		      54.39704
      34.73106		      46.05062
      46.09453		      34.06150
      53.58897		      19.42041
      56.64005		       3.32422
      55.03228		     -12.92058
      48.92463		     -28.00276
      38.83605		     -40.71118
      25.60242		     -50.03127
      10.30822		     -55.22534
      -5.80134		     -55.89059
     -21.42076		     -51.98998
     -35.28916		     -43.85377
     -46.29122		     -32.15170
     -53.54618		     -17.83799
     -56.47768		      -2.07378
     -54.85906		      13.86679
     -48.83038		      28.69925
     -38.88607		      41.23201
     -25.83417		      50.46179
     -10.73048		      55.65371
       5.20694		      56.39959
      20.69610		      52.64989
      34.49429		      44.71680
      45.49790		      33.24822
      52.83080		      19.17488
      55.91427		       3.63491
      54.51294		     -12.11823
      48.75294		     -26.81671
      39.11111		     -39.28043
      26.37595		     -48.51177
      11.58361		     -53.77552
      -4.06586		     -54.65765
     -19.30538		     -51.09815
     -32.90292		     -43.39533
     -43.76059		     -32.18141
     -51.00295		     -18.37120
     -54.04719		      -3.08823
     -52.64986		      12.42593
     -46.92620		      26.91162
     -37.34069		      39.19254
     -24.66956		      48.27032
      -9.93820		      53.40488
       5.66126		      54.17387
      20.86586		      50.50666
      34.44330		      42.69008
      45.29095		      31.34546
      52.52445		      17.37888
      55.54882		       1.90854
      54.10633		     -13.82479
      48.29736		     -28.55723
      38.57262		     -41.10301
      25.69726		     -50.44950
      10.68987		     -55.83839
      -5.25884		     -56.82648
     -20.88106		     -53.32132
     -34.93318		     -45.58882
     -46.29502		     -34.23221
     -54.05928		     -20.14408
     -57.60399		      -4.43531
     -56.64214		      11.65341
     -51.24466		      26.85034
     -41.83472		      39.95402
     -29.15411		      49.92884
     -14.20412		      55.98743
       1.83417		      57.65319
      17.69386		      54.79808
      32.12303		      47.65260
      43.98423		      36.78717
      52.34476		      23.06658
      56.55065		       7.58093
      56.27825		      -8.44123
      51.55962		     -23.73067
      42.77950		     -37.07843
      30.64418		     -47.43180
      16.12497		     -53.97774
       0.38047		     -56.20716
     -15.33577		     -53.95484
     -29.77516		     -47.41198
     -41.79328		     -37.11036
     -50.44080		     -23.87938
     -55.03852		      -8.77949
     -55.23096		       6.98259
     -51.01394		      22.15025
     -42.73421		      35.51710
     -31.06110		      46.02288
     -16.93256		      52.83759
      -1.47987		      55.42708
      14.06289		      53.59498
      28.45734		      47.49755
      40.55950		      37.63053
      49.41075		      24.78879
      54.31381		      10.00240
      54.88771		      -5.54608
      51.09750		     -20.61615
      43.25621		     -34.00850
      31.99911		     -44.66050
      18.23231		     -51.73066
       3.05986		     -54.66527
     -12.30481		     -53.24192
     -26.63596		     -47.58651
     -38.79342		     -38.16235
     -47.81340		     -25.73248
     -52.98507		     -11.29803
     -53.90673		       3.98227
     -50.51723		      18.88496
     -43.10012		      32.21980
     -32.26020		      42.92472
     -18.87454		      50.15051
      -4.02177		      53.32819
      11.10455		      52.21394
      25.29164		      46.90794
      37.40444		      37.84568
      46.47634		      25.76245
      51.78612		      11.63402
      52.91521		      -3.40190
      49.78067		     -18.13698
      42.64122		     -31.38900
      32.07600		     -42.09649
      18.93773		     -49.40338
       4.28404		     -52.72727
     -10.70743		     -51.80557
     -24.83345		     -46.71608
     -36.96144		     -37.87033
     -46.12004		     -25.98017
     -51.57659		     -12.00054
     -52.89541		       2.94728
     -49.97234		      17.66547
     -43.04268		      30.97554
     -32.66198		      41.81253
     -19.66137		      49.30998
      -5.08076		      52.86900
       9.91436		      52.20579
      24.12621		      47.37402
      36.42036		      38.76018
      45.81626		      27.05241
      51.56533		      13.18520
      53.21048		      -1.73539
      50.62222		     -16.52019
      44.00867		     -29.99185
      33.89852		     -41.07876
      21.09854		     -48.90033
       6.62889		     -52.83697
      -8.35846		     -52.57914
     -22.67172		     -48.15159
     -35.17429		     -39.91095
     -44.87525		     -28.51677
     -51.00806		     -14.87859
     -53.09129		      -0.08301
     -50.96648		      14.69309
     -44.81020		      28.27650
     -35.11938		      39.59106
     -22.67116		      47.74326
      -8.46042		      52.09300
       6.37990		      52.30410
      20.66932		      48.37046
      33.27397		      40.61581
      43.19683		      29.66726
      49.65689		      16.40459
      52.15088		       1.88957
      50.49275		     -12.71907
      44.82774		     -26.25826
      35.62002		     -37.65336
      23.61486		     -46.00367
       9.77853		     -50.65377
      -4.77941		     -51.24533
     -18.89497		     -47.74485
     -31.44282		     -40.44558
     -41.42603		     -29.94328
     -48.05541		     -17.08785
     -50.81197		      -2.91479
     -49.48777		      11.43797
     -44.20176		      24.82133
     -35.38943		      36.16687
     -23.76726		      44.57214
     -10.27470		      49.37240
       4.00151		      50.19327
      17.91465		      46.98000
      30.34994		      40.00112
      40.31370		      29.82621
      47.01268		      17.27965
      49.91715		       3.37403
      48.80276		     -10.77133
      43.76791		     -24.02031
      35.22527		     -35.31101
      23.86801		     -43.74073
      10.61384		     -48.63805
      -3.46903		     -49.61618
     -17.24776		     -46.60355
     -29.61579		     -39.84898
     -39.58156		     -29.90125
     -46.34780		     -17.56465
     -49.37523		      -3.83410
     -48.42546		      10.18486
     -43.57968		      23.36491
     -35.23179		      34.64735
     -24.05649		      43.12692
     -10.95484		      48.12428
       3.01820		      49.24021
      16.73851		      46.38740
      29.10295		      39.79719
      39.11783		      30.00079
      45.97849		      17.78648
      49.13364		       4.13631
      48.32942		      -9.85275
      43.62960		     -23.05670
      35.41035		     -34.41462
      24.32997		     -43.01353
      11.27615		     -48.16153
      -2.70521		     -49.44306
     -16.49368		     -46.75214
     -28.98396		     -40.30074
     -39.17428		     -30.60186
     -46.24648		     -18.42839
     -49.63137		      -4.75137
     -49.05416		       9.33764
     -44.55643		      22.71372
     -36.49271		      34.30844
     -25.50218		      43.19510
     -12.45766		      48.66265
       1.60411		      50.27232
      15.56508		      47.89260
      28.31504		      41.70959
      38.84008		      32.21209
      46.30327		      20.15257
      50.11122		       6.48712
      49.96117		      -7.70072
      45.86494		     -21.28626
      38.14771		     -33.19313
      27.42199		     -42.47888
      14.53864		     -48.40973
       0.51902		     -50.51876
     -13.52639		     -48.64268
     -26.48628		     -42.93450
     -37.33684		     -33.85093
     -45.22296		     -22.11573
     -49.52592		      -8.66180
     -49.91215		       5.44327
     -46.35926		      19.08216
     -39.15724		      31.17672
     -28.88488		      40.77350
     -16.36321		      47.11924
      -2.58976		      49.72031
      11.34108		      48.38137
      24.32518		      43.22020
      35.33649		      34.65764
      43.50840		      23.38337
      48.20220		      10.30045
      49.05733		      -3.54704
      46.01928		     -17.05741
      39.34313		     -29.15916
      29.57240		     -38.89612
      17.49497		     -45.50327
       4.07969		     -48.46707
      -9.60129		     -47.56564
     -22.45827		     -42.88559
     -33.47084		     -34.81419
     -41.76899		     -24.00766
     -46.70209		     -11.33797
     -47.89005		       2.17726
     -45.25291		      15.45646
     -39.01626		      27.44057
     -29.69235		      37.17756
     -18.03833		      43.89811
      -4.99505		      47.07655
       8.38872		      46.47216
      21.04035		      42.14759
      31.94928		      34.46296
      40.24764		      24.04627
      45.27928		      11.74236
      46.65177		      -1.45526
      44.26709		     -14.48436
      38.32873		     -26.29924
      29.32464		     -35.95442
      17.98743		     -42.68021
       5.23511		     -45.94392
      -7.90295		     -45.49207
     -20.36874		     -41.37009
     -31.16056		     -33.91804
     -39.41321		     -23.74277
     -44.46713		     -11.66873
     -45.92094		       1.32855
     -43.66320		      14.20100
     -37.88084		      25.91216
     -29.04380		      35.52036
     -17.86681		      42.25410
      -5.25181		      45.57375
       7.78467		      45.21449
      20.19317		      41.20729
      30.97553		      33.87607
      39.26486		      23.81148
      44.39495		      11.82321
      45.95349		      -1.12501
      43.81494		     -13.99284
      38.15038		     -25.74675
      29.41360		     -35.44279
      18.30458		     -42.30218
       5.71334		     -45.77357
      -7.35148		     -45.57707
     -19.84336		     -41.72649
     -30.76166		     -34.52816
     -39.23165		     -24.55623
     -44.57437		     -12.60671
     -46.36089		       0.36630
     -44.44642		      13.32692
     -38.98175		      25.24023
     -30.40116		      35.15498
     -19.38750		      42.27945
      -6.81769		      46.04459
       6.30746		      46.14927
      18.94305		      42.58420
      30.08350		      35.63241
      38.84263		      25.84658
      44.52427		      14.00474
      46.67747		       1.04811
      45.13229		     -11.99396
      40.01305		     -24.08612
      31.72808		     -34.26939
      20.93699		     -41.73748
       8.49779		     -45.90070
      -4.60158		     -46.43266
     -17.32208		     -43.29589
     -28.65629		     -36.74434
     -37.70851		     -27.30278
     -43.76581		     -15.72458
     -46.35449		      -2.93135
     -45.27723		      10.06063
     -40.62833		      22.22150
     -32.78555		      32.58975
     -22.37951		      40.34861
     -10.24288		      44.89071
       2.65630		      45.86595
      15.29204		      43.20877
      26.66223		      37.14267
      35.86841		      28.16168
      42.18705		      16.99032
      45.12678		       4.52523
      44.46691		      -8.23673
      40.27435		     -20.27824
      32.89742		     -30.64277
      22.93734		     -38.51068
      11.19950		     -43.26433
      -1.37139		     -44.53678
     -13.76718		     -42.24047
     -24.99698		     -36.57343
     -34.16640		     -28.00265
     -40.54874		     -17.22604
     -43.64275		      -5.11599
     -43.21214		       7.35094
     -39.30383		      19.17244
     -32.24349		      29.40081
     -22.60881		      37.21875
     -11.18258		      42.00456
       1.11047		      43.38153
      13.27819		      41.24766
      24.34063		      35.78328
      33.40874		      27.43601
      39.75546		      16.88438
      42.87383		       4.98298
      42.51732		      -7.30640
      38.71923		     -18.99217
      31.78967		     -29.13254
      22.29026		     -36.91113
      10.98879		     -41.70229
      -1.20261		     -43.12119
     -13.30089		     -41.05451
     -24.33099		     -35.66925
     -33.40413		     -27.39922
     -39.78909		     -16.90999
     -42.97080		      -5.04543
     -42.69160		       7.24009
     -38.97182		      18.95828
     -32.10811		      29.16619
     -22.64963		      37.04184
     -11.35399		      41.95004
       0.87339		      43.49337
      13.05183		      41.54398
      24.20388		      36.25393
      33.43358		      28.04309
      39.99820		      17.56558
      43.36764		       5.65758
      43.26697		      -6.72946
      39.69847		     -18.60482
      32.94158		     -29.01764
      23.53073		     -37.13281
      12.21282		     -42.29771
      -0.11225		     -44.09436
     -12.46325		     -42.37281
     -23.85577		     -37.26327
     -33.38057		     -29.16579
     -40.27604		     -18.71860
     -43.98875		      -6.74740
     -44.21756		       5.80024
     -40.93759		      17.93014
     -34.40218		      28.68041
     -25.12287		      37.19782
     -13.82874		      42.80543
      -1.40858		      45.05625
      11.15955		      43.76852
      22.88585		      39.04002
      32.84712		      31.24010
      40.25973		      20.98025
      44.54142		       9.06548
      45.35712		      -3.56952
      42.64507		     -15.93447
      36.62118		     -27.06179
      27.76154		     -36.08298
      16.76424		     -42.29700
       4.49373		     -45.22522
      -8.08785		     -44.64864
     -19.99689		     -40.62444
     -30.30607		     -33.48066
     -38.21735		     -23.78934
     -43.12462		     -12.32058
     -44.66081		       0.01915
     -42.72600		      12.25911
     -37.49416		      23.44134
     -29.39827		      32.69639
     -19.09479		      39.31175
      -7.41068		      42.78749
       4.72300		      42.87490
      16.34543		      39.59493
      26.54246		      33.23513
      34.51897		      24.32546
      39.66145		      13.59482
      41.58583		       1.91199
      40.16681		      -9.78427
      35.54645		     -20.56050
      28.12135		     -29.56295
      18.50963		     -36.08530
       7.50023		     -39.62434
      -4.01105		     -39.91912
     -15.09386		     -36.97053
     -24.85810		     -31.03987
     -32.52504		     -22.62652
     -37.48931		     -12.42662
     -39.36666		      -1.27621
     -38.02377		       9.91674
     -33.58781		      20.24571
     -26.43501		      28.87862
     -17.15920		      35.12458
      -6.52302		      38.48899
       4.60438		      38.71268
      15.31788		      35.79187
      24.74971		      29.97754
      32.13952		      21.75425
      36.89547		      11.80010
      38.64169		       0.93126
      37.24805		      -9.96457
      32.84008		     -20.00033
      25.78812		     -28.36148
      16.67678		     -34.37199
       6.25704		     -37.54892
      -4.61501		     -37.64134
     -15.04786		     -34.65040
     -24.18709		     -28.82897
     -31.28480		     -20.66092
     -35.76038		     -10.82165
     -37.24776		      -0.12316
     -35.62520		      10.55194
     -31.02543		      20.32221
     -23.82504		      28.37902
     -14.61424		      34.05249
      -4.14928		      36.86610
       6.70870		      36.57591
      17.06331		      33.19088
      26.05558		      26.97292
      32.93370		      18.41643
      37.11439		       8.20905
      38.23066		      -2.82326
      36.16243		     -13.78246
      31.04725		     -23.77059
      23.27039		     -31.96224
      13.43492		     -37.67134
       2.31435		     -40.40698
      -9.20871		     -39.91380
     -20.21272		     -36.19362
     -29.81078		     -29.50658
     -37.22163		     -20.35161
     -41.83249		      -9.42785
     -43.24867		       2.42010
     -41.32593		      14.26862
     -36.18307		      25.18803
     -28.19363		      34.31623
     -17.95737		      40.92718
      -6.25372		      44.48878
       6.01909		      44.70552
      17.91445		      41.54254
      28.51172		      35.22909
      36.98871		      26.24115
      42.68646		      15.26461
      45.16125		       3.14180
      44.21973		      -9.19439
      39.93432		     -20.79346
      32.63773		     -30.76181
      22.89700		     -38.33266
      11.46915		     -42.92612
      -0.75817		     -44.19445
     -12.83613		     -42.04912
     -23.82904		     -36.66748
     -32.88746		     -28.47855
     -39.31448		     -18.12904
     -42.61995		      -6.43240
     -42.55827		       5.69512
     -39.14705		      17.30643
     -32.66498		      27.49764
     -23.62923		      35.47865
     -12.75428		      40.63452
      -0.89528		      42.57295
      11.01932		      41.15405
      22.06066		      36.50026
      31.37216		      28.98560
      38.23612		      19.20521
      42.12921		       7.92772
      42.76233		      -3.96587
      40.10191		     -15.55174
      34.37102		     -25.93587
      26.03021		     -34.32380
      15.73986		     -40.08225
       4.30699		     -42.78761
      -7.37917		     -42.25759
     -18.41761		     -38.56363
     -27.96646		     -32.02324
     -35.30871		     -23.17285
     -39.90754		     -12.72368
     -41.44704		      -1.50397
     -39.85500		       9.60756
     -35.30627		      19.75168
     -28.20639		      28.15662
     -19.15700		      34.19844
      -8.90591		      37.44917
       1.71409		      37.70886
      11.85274		      35.01916
      20.71062		      29.65741
      27.60291		      22.11189
      32.01329		      13.04027
      33.63402		       3.21477
      32.38870		      -6.54151
      28.43633		     -15.42190
      22.15618		     -22.70165
      14.11492		     -27.79637
       5.01882		     -30.30860
      -4.34524		     -30.05904
     -13.17485		     -27.09966
     -20.71815		     -21.70808
     -26.33550		     -14.36338
     -29.55160		      -5.70569
     -30.09409		       3.51729
     -27.91538		      12.51241
     -23.19596		      20.50669
     -16.32909		      26.81118
      -7.88810		      30.87777
       1.42111		      32.34445
      10.81830		      31.06521
      19.51322		      27.12230
      26.77082		      20.81978
      31.97190		      12.65884
      34.66435		       3.29707
      34.60082		      -6.50524
      31.75973		     -15.94714
      26.34780		     -24.25267
      18.78403		     -30.73454
       9.66627		     -34.85072
      -0.27687		     -36.24947
     -10.24491		     -34.79889
     -19.43047		     -30.59880
     -27.08502		     -23.97376
     -32.58015		     -15.44783
     -35.45929		      -5.70305
     -35.47579		       4.47511
     -32.61416		      14.26086
     -27.09268		      22.85479
     -19.34722		      29.54881
      -9.99731		      33.78396
       0.20269		      35.19657
      10.42354		      33.64893
      19.82745		      29.24193
      27.63541		      22.30860
      33.19024		      13.38911
      36.01016		       3.18888
      35.82874		      -7.47662
      32.61773		     -17.74622
      26.59121		     -26.78142
      18.19034		     -33.83328
       8.05006		     -38.30260
      -3.04980		     -39.78852
     -14.24510		     -38.12167
     -24.65496		     -33.37918
     -33.45096		     -25.88030
     -39.92254		     -16.16296
     -43.53337		      -4.94293
     -43.96427		       6.94101
     -41.13924		      18.59187
     -35.23258		      29.12394
     -26.65635		      37.73166
     -16.02932		      43.75226
      -4.12968		      46.71755
       8.16471		      46.39049
      19.94393		      42.78383
      30.33609		      36.15933
      38.57448		      27.00764
      44.05654		      16.01032
      46.38990		       3.98719
      45.42218		      -8.16708
      41.25196		     -19.55199
      34.22028		     -29.33053
      24.88336		     -36.79333
      13.96863		     -41.41270
       2.31774		     -42.88226
      -9.17916		     -41.13927
     -19.65256		     -36.36779
     -28.32065		     -28.98270
     -34.54935		     -19.59576
     -37.90026		      -8.96655
     -38.16317		       2.05783
     -35.37043		      12.60951
     -29.79224		      21.86771
     -21.91343		      29.12247
     -12.39347		      33.82920
      -2.01313		      35.64978
       8.38794		      34.47723
      17.97784		      30.44182
      25.99788		      23.89860
      31.82166		      15.39720
      35.00327		       5.63653
      35.31079		      -4.59192
      32.74259		     -14.46761
      27.52512		     -23.20630
      20.09280		     -30.12189
      11.05137		     -34.67991
       1.12809		     -36.53856
      -8.88744		     -35.57391
     -18.20679		     -31.88761
     -26.10560		     -25.79645
     -31.98086		     -17.80480
     -35.39781		      -8.56231
     -36.12308		       1.18973
     -34.14123		      10.67888
     -29.65372		      19.16403
     -23.06028		      25.99480
     -14.92452		      30.66317
      -5.92654		      32.84307
       3.19353		      32.41497
      11.69643		      29.47350
      18.90409		      24.31758
      24.25460		      17.42394
      27.34724		       9.40640
      27.97410		       0.96409
      26.13573		      -7.17691
      22.03953		     -14.32391
      16.08127		     -19.87485
       8.81108		     -23.36788
       0.88693		     -24.51921
      -6.98068		     -23.24619
     -14.08822		     -19.67368
     -19.79798		     -14.12341
     -23.59143		      -7.08692
     -25.11277		       0.81532
     -24.19899		       8.88562
     -20.89414		      16.40716
     -15.44653		      22.70376
      -8.28906		      27.19645
      -0.00431		      29.45230
       8.72279		      29.22133
      17.16096		      26.45859
      24.59256		      21.32956
      30.37284		      14.19832
      33.98355		       5.59945
      35.07647		      -3.80419
      33.50349		     -13.27432
      29.33050		     -22.05655
      22.83411		     -29.44145
      14.48121		     -34.82234
       4.89310		     -37.74506
      -5.20310		     -37.94595
     -15.03187		     -35.37458
     -23.83091		     -30.19958
     -30.91214		     -22.79694
     -35.71711		     -13.72157
     -37.86237		      -3.66453
     -37.17112		       6.60104
     -33.68863		      16.28062
     -27.67996		      24.62124
     -19.61032		      30.97128
     -10.10934		      34.83257
       0.07781		      35.90061
      10.14869		      34.08954
      19.30666		      29.54001
      26.82372		      22.60910
      32.09820		      13.84310
      34.70267		       3.93536
      34.41830		      -6.32774
      31.25289		     -16.12821
      25.44114		     -24.68062
      17.42700		     -31.29386
       7.82967		     -35.42563
      -2.60433		     -36.72542
     -13.05916		     -35.06253
     -22.71318		     -30.53688
     -30.80300		     -23.47185
     -36.68308		     -14.38959
     -39.87617		      -3.97082
     -40.11061		       6.99782
     -37.34167		      17.68466
     -31.75508		      27.27734
     -23.75273		      35.04568
     -13.92146		      40.39803
      -2.98758		      42.92676
       8.23939		      42.43936
      18.92932		      38.97273
      28.29548		      32.78955
      35.65491		      24.35717
      40.48053		      14.31068
      42.44087		       3.40300
      41.42438		      -7.55381
      37.54647		     -17.75163
      31.13888		     -26.44863
      22.72219		     -33.02603
      12.96381		     -37.03493
       2.62480		     -38.22945
      -7.50026		     -36.58383
     -16.64548		     -32.29203
     -24.13322		     -25.75020
     -29.42611		     -17.52334
     -32.16761		      -8.29896
     -32.20795		       1.16848
     -29.61351		      10.11796
     -24.65897		      17.84222
     -17.80306		      23.74335
      -9.64983		      27.37906
      -0.89879		      28.49629
       7.71221		      27.04932
      15.46657		      23.20120
      21.72642		      17.30846
      25.98319		       9.89044
      27.89752		       1.58581
      27.32514		      -6.90023
      24.32687		     -14.85356
      19.16211		     -21.60919
      12.26619		     -26.60487
       4.21382		     -29.42603
      -4.32862		     -29.83848
     -12.65781		     -27.80638
     -20.09096		     -23.49396
     -26.02128		     -17.25106
     -29.96698		      -9.58368
     -31.60986		      -1.11199
     -30.82053		       7.48066
     -27.66804		      15.50378
     -22.41348		      22.31594
     -15.48786		      27.37696
      -7.45638		      30.29151
       1.02825		      30.84087
       9.27934		      29.00017
      16.63246		      24.93984
      22.49972		      19.01106
      26.41763		      11.71658
      28.08482		       3.66920
      27.38639		      -4.45870
      24.40310		     -11.99040
      19.40451		     -18.30037
      12.82674		     -22.86568
       5.23664		     -25.30898
      -2.71478		     -25.42960
     -10.34574		     -23.22032
     -16.99979		     -18.86829
     -22.09980		     -12.74017
     -25.19570		      -5.35254
     -26.00194		       2.66994
     -24.42166		      10.64531
     -20.55559		      17.88993
     -14.69496		      23.77441
      -7.29883		      27.77536
       1.04217		      29.51875
       9.65299		      28.81144
      17.82830		      25.65812
      24.88942		      20.26245
      30.23925		      13.01213
      33.41098		       4.44913
      34.10663		      -4.77265
      32.22213		     -13.93890
      27.85708		     -22.33148
      21.30830		     -29.28555
      13.04754		     -34.24284
       3.68526		     -36.79646
      -6.07682		     -36.72407
     -15.50063		     -34.00640
     -23.86966		     -28.82976
     -30.54542		     -21.57231
     -35.01789		     -12.77512
     -36.94593		      -3.10024
     -36.18448		       6.72087
     -32.79632		      15.94442
     -27.04754		      23.87256
     -19.38684		      29.90796
     -10.41063		      33.60066
      -0.81629		      34.68327
       8.65241		      33.09182
      17.26355		      28.97064
      24.35443		      22.66080
      29.38336		      14.67314
      31.97198		       5.64789
      31.93455		      -3.69579
      29.29224		     -12.61645
      24.27088		     -20.40864
      17.28280		     -26.45827
       8.89390		     -30.29069
      -0.22131		     -31.60765
      -9.33302		     -30.31033
     -17.71381		     -26.50654
     -24.69588		     -20.50166
     -29.72352		     -12.77402
     -32.39652		      -3.93671
     -32.50125		       5.31116
     -30.02689		      14.23977
     -25.16559		      22.14620
     -18.29670		      28.40972
      -9.95617		      32.54032
      -0.79375		      34.21689
       8.47861		      33.31176
      17.14311		      29.89995
      24.53265		      24.25240
      30.08315		      16.81360
      33.37744		       8.16576
      34.17742		      -1.01784
      32.44176		     -10.02648
      28.32807		     -18.16832
      22.17914		     -24.82490
      14.49469		     -29.49958
       5.89074		     -31.85608
      -2.95001		     -31.74393
     -11.33281		     -29.20922
     -18.60623		     -24.48940
     -24.21366		     -17.99308
     -27.73702		     -10.26613
     -28.92916		      -1.94709
     -27.73238		       6.28460
     -24.28176		      13.76338
     -18.89291		      19.89092
     -12.03544		      24.18383
      -4.29411		      26.31185
       3.67912		      26.12365
      11.21807		      23.65798
      17.69644		      19.13959
      22.57830		      12.96010
      25.46121		       5.64555
      26.10834		      -2.18684
      24.46723		      -9.87908
      20.67344		     -16.78602
      15.03920		     -22.32769
       8.02762		     -26.03635
       0.21493		     -27.59433
      -7.75645		     -26.85966
     -15.23008		     -23.87751
     -21.58877		     -18.87650
     -26.30456		     -12.25014
     -28.98151		      -4.52509
     -29.38782		       3.68142
     -27.47466		      11.71134
     -23.38029		      18.91892
     -17.41908		      24.72278
     -10.05636		      28.65279
      -1.87116		      30.38802
       6.49023		      29.78268
      14.36611		      26.87802
      21.13243		      21.89919
      26.25288		      15.23729
      29.32192		       7.41822
      30.09733		      -0.93937
      28.51970		      -9.17359
      24.71723		     -16.63219
      18.99558		     -22.72473
      11.81343		     -26.96986
       3.74586		     -29.03376
      -4.56160		     -28.75683
     -12.44460		     -26.16648
     -19.27298		     -21.47490
     -24.50119		     -15.06212
     -27.71182		      -7.44560
     -28.64896		       0.76109
     -27.23858		       8.89732
     -23.59450		      16.30814
     -18.00919		      22.39657
     -10.93048		      26.67131
      -2.92579		      28.78590
       5.36318		      28.56636
      13.27160		      26.02509
      20.16456		      21.35986
      25.48764		      14.93802
      28.81112		       7.26726
      29.86413		      -1.04488
      28.55622		      -9.33934
      24.98450		     -16.95803
      19.42587		     -23.29612
      12.31489		     -27.85010
       4.20921		     -30.25771
      -4.25480		     -30.32660
     -12.41267		     -28.04947
     -19.62453		     -23.60442
     -25.32585		     -17.34061
     -29.07212		      -9.75029
     -30.57384		      -1.42958
     -29.71925		       6.96902
     -26.58276		      14.78848
     -21.41865		      21.41931
     -14.64043		      26.34783
      -6.78763		      29.19664
       1.51739		      29.75413
       9.61913		      27.99085
      16.88109		      24.06119
      22.73633		      18.29051
      26.73230		      11.14867
      28.56648		       3.21210
      28.10989		      -4.88249
      25.41674		     -12.48915
      20.71947		     -19.00419
      14.40944		     -23.91432
       7.00515		     -26.83728
      -0.88976		     -27.55203
      -8.63513		     -26.01581
     -15.60571		     -22.36702
     -21.24127		     -16.91351
     -25.09136		     -10.10737
     -26.85117		      -2.50819
     -26.38570		       5.26221
     -23.74014		      12.56991
     -19.13587		      18.81992
     -12.95231		      23.50404
      -5.69611		      26.24156
       2.03986		      26.80977
       9.62430		      25.16171
      16.43837		      21.42976
      21.92553		      15.91490
      25.63625		       9.06239
      27.26421		       1.42588
      26.67091		      -6.37707
      23.89683		     -13.71469
      19.15823		     -19.99170
      12.82987		     -24.69718
       5.41501		     -27.44561
      -2.49485		     -28.00783
     -10.26732		     -26.32956
     -17.27973		     -22.53589
     -22.96896		     -16.92137
     -26.87652		      -9.92660
     -28.68526		      -2.10319
     -28.24482		       5.93029
     -25.58370		      13.53753
     -20.90712		      20.11528
     -14.58078		      25.14142
      -7.10174		      28.21654
       0.94104		      29.09583
       8.91359		      27.70857
      16.18733		      24.16373
      22.18904		      18.74137
      26.44641		      11.87030
      28.62554		       4.09397
      28.55743		      -3.97269
      26.25129		     -11.69223
      21.89371		     -18.45524
      15.83372		     -23.72875
       8.55497		     -27.09847
       0.63719		     -28.30160
      -7.28989		     -27.24748
     -14.59660		     -24.02471
     -20.70327		     -18.89381
     -25.12618		     -12.26646
     -27.51584		      -4.67259
     -27.68452		       3.28181
     -25.62094		      10.96279
     -21.49093		      17.75882
     -15.62402		      23.12919
      -8.48707		      26.64677
      -0.64710		      28.03170
       7.27385		      27.17325
      14.64801		      24.13834
      20.89163		      19.16589
      25.51107		      12.64753
      28.14160		       5.09632
      28.57600		      -2.89411
      26.78050		     -10.69674
      22.89694		     -17.70075
      17.23107		     -23.35979
      10.22784		     -27.23489
       2.43571		     -29.02878
      -5.53699		     -28.60884
     -13.07045		     -26.01688
     -19.58241		     -21.46509
     -24.57397		     -15.31848
     -27.66871		      -8.06520
     -28.64178		      -0.27731
     -27.43696		       7.43502
     -24.17006		      14.47211
     -19.11879		      20.29229
     -12.69966		      24.45457
      -5.43396		      26.65311
       2.09439		      26.74072
       9.28585		      24.73953
      15.57328		      20.83816
      20.46707		      15.37553
      23.59389		       8.81271
      24.72594		       1.69516
      23.79831		      -5.39170
      20.91328		     -11.86979
      16.33105		     -17.21502
      10.44790		     -20.99928
       3.76345		     -22.92460
      -3.16037		     -22.84659
      -9.74503		     -20.78552
     -15.44252		     -16.92400
     -19.77963		     -11.59157
     -22.39628		      -5.23744
     -23.07436		       1.60630
     -21.75527		       8.36817
     -18.54429		      14.48385
     -13.70186		      19.44202
      -7.62223		      22.82594
      -0.80130		      24.34720
       6.20366		      23.86917
      12.81930		      21.41807
      18.50266		      17.18087
      22.78529		      11.49027
      25.31120		       4.79777
      25.86584		      -2.36272
      24.39358		      -9.41804
      21.00241		     -15.80205
      15.95538		     -21.00143
       9.64961		     -24.59715
       2.58439		     -26.29842
      -4.67894		     -25.96637
     -11.56214		     -23.62539
     -17.51667		     -19.46147
     -22.06791		     -13.80740
     -24.85349		      -7.11625
     -25.65263		       0.07496
     -24.40417		       7.18834
     -21.21174		      13.65153
     -16.33577		      18.94381
     -10.17279		      22.63805
      -3.22385		      24.43527
       3.94551		      24.18899
      10.75061		      21.91732
      16.63448		      17.80197
      21.11275		      12.17410
      23.81265		       5.48819
      24.50331		      -1.71403
      23.11469		      -8.84668
      19.74376		     -15.32650
      14.64735		     -20.61943
       8.22222		     -24.28352
       0.97395		     -26.00445
      -6.52289		     -25.62111
     -13.67017		     -23.13894
     -19.89361		     -18.73016
     -24.68836		     -12.72070
     -27.65917		      -5.56501
     -28.55203		       2.18948
     -27.27458		       9.94517
     -23.90384		      17.10125
     -18.68060		      23.10088
     -11.99084		      27.47502
      -4.33569		      29.87928
       3.70761		      30.12108
      11.53083		      28.17478
      18.54225		      24.18373
      24.21286		      18.44900
      28.11753		      11.40578
      29.96809		       3.58920
      29.63543		      -4.40754
      27.15927		     -11.97962
      22.74446		     -18.55777
      16.74446		     -23.65260
       9.63314		     -26.89244
       1.96721		     -28.05189
      -5.65771		     -27.06872
     -12.65391		     -24.04788
     -18.48764		     -19.25236
     -22.72062		     -13.08164
     -25.04394		      -6.03945
     -25.30154		       1.30647
     -23.50154		       8.36956
     -19.81450		      14.59077
     -14.55895		      19.48258
      -8.17519		      22.66711
      -1.18961		      23.90526
       5.82757		      23.11485
      12.30782		      20.37609
      17.72953		      15.92419
      21.65911		      10.12967
      23.78501		       3.46810
      23.94176		      -3.51847
      22.12230		     -10.26505
      18.47759		     -16.22890
      13.30368		     -20.93268
       7.01722		     -24.00215
       0.12153		     -25.19545
      -6.83408		     -24.42164
     -13.29845		     -21.74710
     -18.76262		     -17.38929
     -22.80027		     -11.69848
     -25.10128		      -5.12897
     -25.49588		       1.79792
     -23.96739		       8.53596
     -20.65256		      14.55800
     -15.82967		      19.39809
      -9.89529		      22.68848
      -3.33164		      24.18865
       3.33278		      23.80375
       9.56608		      21.59141
      14.87595		      17.75608
      18.84921		      12.63161
      21.18480		       6.65347
      21.71761		       0.32280
      20.43110		      -5.83466
      17.45794		     -11.31148
      13.06849		     -15.65982
       7.64816		     -18.52779
       1.66544		     -19.68781
      -4.36664		     -19.05492
      -9.93270		     -16.69335
     -14.55726		     -12.81102
     -17.84373		      -7.74229
     -19.50689		      -1.92047
     -19.39637		       4.15768
     -17.50906		       9.97272
     -13.98965		      15.02506
      -9.11904		      18.87593
      -3.29178		      21.18350
       3.01587		      21.73112
       9.28448		      20.44549
      14.99365		      17.40322
      19.66430		      12.82530
      22.89779		       7.05978
      24.40862		       0.55425
      24.04814		      -6.17988
      21.81718		     -12.60834
      17.86680		     -18.21691
      12.48689		     -22.55285
       6.08360		     -25.26158
      -0.85264		     -26.11550
      -7.78595		     -25.03278
     -14.17761		     -22.08456
     -19.52895		     -17.48987
     -23.42126		     -11.59875
     -25.54937		      -4.86490
     -25.74625		       2.19009
     -23.99670		       9.01795
     -20.43894		      15.08713
     -15.35405		      19.92505
      -9.14393		      23.15567
      -2.29975		      24.52951
       4.63687		      23.94362
      11.11666		      21.44995
      16.62623		      17.25150
      20.72877		      11.68642
      23.09874		       5.20139
      23.54776		      -1.68364
      22.03971		      -8.41650
      18.69370		     -14.45650
      13.77485		     -19.31723
       7.67341		     -22.60503
       0.87405		     -24.05027
      -6.08234		     -23.52870
     -12.64135		     -21.07140
     -18.27875		     -16.86240
     -22.54187		     -11.22434
     -25.08525		      -4.59302
     -25.69788		       2.51682
     -24.31981		       9.55195
     -21.04680		      15.96419
     -16.12277		      21.25338
      -9.92052		      25.00658
      -2.91238		      26.93035
       4.36692		      26.87357
      11.36225		      24.83893
      17.54153		      20.98244
      22.43731		      15.60076
      25.68309		       9.10755
      27.04163		       2.00068
      26.42297		      -5.17703
      23.89077		     -11.88055
      19.65655		     -17.60526
      14.06230		     -21.92632
       7.55290		     -24.53148
       0.64052		     -25.24489
      -6.13605		     -24.04002
     -12.25405		     -21.04073
     -17.24778		     -16.51038
     -20.74502		     -10.83002
     -22.49573		      -4.46740
     -22.39090		       2.06084
     -20.47020		       8.23048
     -16.91760		      13.55153
     -12.04567		      17.60696
      -6.26962		      20.08550
      -0.07339		      20.80568
       6.02958		      19.72947
      11.53780		      16.96438
      16.00187		      12.75382
      19.06029		       7.45666
      20.46807		       1.51773
      20.11579		      -4.56860
      18.03773		     -10.29847
      14.40839		     -15.19930
       9.52773		     -18.86774
       3.79645		     -21.00198
      -2.31680		     -21.42575
      -8.31353		     -20.10205
     -13.70578		     -17.13570
     -18.05553		     -12.76439
     -21.00992		      -7.33912
     -22.32949		      -1.29547
     -21.90727		       4.88173
     -19.77704		      10.69772
     -16.11028		      15.68780
     -11.20201		      19.45471
      -5.44669		      21.70064
       0.69387		      22.25099
       6.72788		      21.06822
      12.17338		      18.25464
      16.59717		      14.04385
      19.64966		       8.78164
      21.09304		       2.89783
      20.82029		      -3.12858
      18.86365		      -8.80825
      15.39186		     -13.68108
      10.69634		     -17.35343
       5.16748		     -19.52991
      -0.73699		     -20.03726
      -6.52914		     -18.83837
     -11.73033		     -16.03522
     -15.91004		     -11.86072
     -18.72070		      -6.65987
     -19.92600		      -0.86197
     -19.42009		       5.05410
     -17.23639		      10.59849
     -13.54512		      15.31004
      -8.63984		      18.79358
      -2.91405		      20.75200
       3.17033		      21.01048
       9.11993		      19.53093
      14.44962		      16.41545
      18.72148		      11.89855
      21.58011		       6.32877
      22.78140		       0.14109
      22.21243		      -6.17762
      19.90088		     -12.12736
      16.01329		     -17.23481
      10.84216		     -21.09122
       4.78302		     -23.38507
      -1.69674		     -23.92710
      -8.09484		     -22.66562
     -13.91384		     -19.69091
     -18.70062		     -15.22827
     -22.08228		      -9.62044
     -23.79576		      -3.30059
     -23.70872		       3.24185
     -21.83009		       9.49984
     -18.30937		      14.98879
     -13.42484		      19.28479
      -7.56150		      22.05813
      -1.18066		      23.09924
       5.21662		      22.33514
      11.12914		      19.83505
      16.09515		      15.80472
      19.72876		      10.56999
      21.75036		       4.55079
      22.00854		      -1.77223
      20.49176		      -7.89586
      17.32901		     -13.33418
      12.77930		     -17.65703
       7.21083		     -20.52394
       1.07158		     -21.71090
      -5.14640		     -21.12785
     -10.94610		     -18.82550
     -15.86495		     -14.99098
     -19.51146		      -9.93265
     -21.59610		      -4.05536
     -21.95397		       2.17193
     -20.55765		       8.25349
     -17.51895		      13.70623
     -13.07974		      18.09803
      -7.59236		      21.08184
      -1.49139		      22.42303
       4.74106		      22.01767
      10.61375		      19.90040
      15.66534		      16.24126
      19.50088		      11.33182
      21.82295		       5.56155
      22.45495		      -0.61331
      21.35470		      -6.70630
      18.61731		     -12.23945
      14.46711		     -16.78121
       9.23931		     -19.98061
       3.35293		     -21.59482
      -2.72289		     -21.50804
      -8.50644		     -19.74023
     -13.54189		     -16.44492
     -17.43549		     -11.89639
     -19.88674		      -6.46735
     -20.71199		      -0.59869
     -19.85861		       5.23601
     -17.40867		      10.56847
     -13.57179		      14.97318
      -8.66789		      18.10133
      -3.10108		      19.70843
       2.67303		      19.67355
       8.18412		      18.00862
      12.98497		      14.85696
      16.68731		      10.48138
      18.99285		       5.24268
      19.71705		      -0.42962
      18.80364		      -6.07205
      16.32886		     -11.22451
      12.49502		     -15.46735
       7.61399		     -18.45500
       2.08190		     -19.94371
      -3.65287		     -19.81095
      -9.12584		     -18.06513
     -13.89379		     -14.84477
     -17.57041		     -10.40717
     -19.85729		      -5.10766
     -20.56779		       0.62905
     -19.64200		       6.34308
     -17.15142		      11.57625
     -13.29318		      15.90895
      -8.37408		      18.99371
      -2.78600		      20.58305
       3.02560		      20.54928
       8.59743		      18.89466
      13.48546		      15.75111
      17.30046		      11.36963
      19.73920		       6.10010
      20.60859		       0.36322
      19.84111		      -5.38321
      17.50009		     -10.68093
      13.77463		     -15.10788
       8.96428		     -18.31196
       3.45510		     -20.03911
      -2.31134		     -20.15354
      -7.87328		     -18.64857
     -12.78574		     -15.64699
     -16.65602		     -11.39117
     -19.17513		      -6.22361
     -20.14237		      -0.55947
     -19.48134		       5.14668
     -17.24589		      10.43718
     -13.61578		      14.88793
      -8.88222		      18.14215
      -3.42449		      19.93896
       2.32040		      20.13403
       7.89264		      18.71113
      12.84636		      15.78327
      16.78524		      11.58363
      19.39408		       6.44683
      20.46391		       0.78220
      19.90859		      -4.95901
      17.77158		     -10.31956
      14.22238		     -14.87277
       9.54289		     -18.25646
       4.10487		     -20.20182
      -1.65981		     -20.55468
      -7.29359		     -19.28772
     -12.34976		     -16.50254
     -16.42800		     -12.42135
     -19.20620		      -7.36919
     -20.46606		      -1.74788
     -20.11028		       3.99606
     -18.17017		       9.40707
     -14.80298		      14.05680
     -10.27913		      17.57819
      -4.96055		      19.69461
       0.72833		      20.24176
       6.33451		      19.18051
      11.41253		      16.59984
      15.55995		      12.70948
      18.44934		       7.82301
      19.85425		       2.33263
      19.66701		      -3.32223
      17.90717		      -8.69005
      14.71957		     -13.34322
      10.36266		     -16.91215
       5.18756		     -19.11455
      -0.39007		     -19.77786
      -5.92335		     -18.85276
     -10.96993		     -16.41684
     -15.12723		     -12.66822
     -18.06454		      -7.90944
     -19.54929		      -2.52316
     -19.46539		       3.05861
     -17.82232		       8.38903
     -14.75414		      13.04219
     -10.50854		      16.64706
      -5.42686		      18.91703
       0.08336		      19.67269
       5.58099		      18.85589
      10.62666		      16.53425
      14.81784		      12.89553
      17.82090		       8.23239
      19.39769		       2.91889
      19.42437		      -2.61956
      17.90111		      -7.94023
      14.95191		     -12.61850
      10.81448		     -16.28170
       5.82105		     -18.63883
       0.37171		     -19.50363
      -5.09764		     -18.80934
     -10.15019		     -16.61378
     -14.38308		     -13.09460
     -17.45951		      -8.53485
     -19.13555		      -3.30024
     -19.27947		       2.19020
     -17.88205		       7.49764
     -15.05715		      12.19856
     -11.03242		      15.91851
      -6.13093		      18.36193
      -0.74523		      19.33562
       4.69409		      18.76399
       9.75284		      16.69493
      14.02791		      13.29575
      17.17939		       8.83964
      18.95757		       3.68371
      19.22277		      -1.75972
      17.95626		      -7.05603
      15.26158		     -11.78314
      11.35604		     -15.56508
       6.55318		     -18.10199
       1.23759		     -19.19391
      -4.16595		     -18.75653
      -9.22642		     -16.82776
     -13.54101		     -13.56444
     -16.76721		      -9.22964
     -18.65006		      -4.17143
     -19.04233		       1.20504
     -17.91611		       6.47004
     -15.36479		      11.20358
     -11.59538		      15.02898
      -6.91178		      17.64283
      -1.69030		      18.83916
       3.65051		      18.52564
       8.68342		      16.73081
      13.00661		      13.60153
      16.27583		       9.39109
      18.23171		       4.43870
      18.72043		      -0.85770
      17.70574		      -6.07341
      15.27177		     -10.79093
      11.61597		     -14.63335
       7.03326		     -17.29439
       1.89218		     -18.56281
      -3.39461		     -18.33911
      -8.40345		     -16.64334
     -12.73354		     -13.61327
     -16.03899		      -9.49324
     -18.05635		      -4.61443
     -18.62558		       0.63172
     -17.70271		       5.82493
     -15.36315		      10.54970
     -11.79553		      14.42853
      -7.28645		      17.15205
      -2.19741		      18.50367
       3.06414		      18.37675
       8.07748		      16.78297
      12.44224		      13.85129
      15.81039		       9.81742
      17.91399		       5.00491
      18.58647		      -0.20088
      17.77588		      -5.38362
      15.54881		     -10.12934
      12.08500		     -14.05951
       7.66277		     -16.86121
       2.63672		     -18.31211
      -2.59077		     -18.29808
      -7.60165		     -16.82218
     -11.99574		     -14.00430
     -15.42256		     -10.07143
     -17.60937		      -5.33939
     -18.38279		      -0.18750
     -17.68259		       4.97177
     -15.56633		       9.72580
     -12.20468		      13.69478
      -7.86761		      16.56199
      -2.90278		      18.09901
       2.29237		      18.18390
       7.30231		      16.81079
      11.72668		      14.09021
      15.21220		      10.24019
      17.48079		       5.56872
      18.35170		       0.44907
      17.75581		      -4.71002
      15.74101		      -9.49699
      12.46827		     -13.53029
       8.19867		     -16.48873
       3.27246		     -18.13705
      -1.91811		     -18.34450
      -6.96017		     -17.09520
     -11.45307		     -14.48917
     -15.04032		     -10.73429
     -17.43790		      -6.12950
     -18.45673		      -1.04096
     -18.01763		       4.12730
     -16.15739		       8.96552
     -13.02565		      13.09088
      -8.87278		      16.17793
      -4.02978		      17.98430
       1.11825		      18.36992
       6.16285		      17.30788
      10.70478		      14.88635
      14.38576		      11.30130
      16.91692		       6.84063
      18.10160		       1.86105
      17.85079		      -3.24055
      16.18995		      -8.05877
      13.25669		     -12.21204
       9.28945		     -15.37297
       4.60826		     -17.29430
      -0.41101		     -17.82842
      -5.36684		     -16.93879
      -9.86410		     -14.70264
     -13.54566		     -11.30441
     -16.12072		      -7.02073
     -17.38793		      -2.19808
     -17.25118		       2.77510
     -15.72701		       7.49961
     -12.94297		      11.59743
      -9.12713		      14.74189
      -4.58954		      16.68371
       0.30278		      17.27072
       5.15540		      16.45984
       9.57814		      14.32022
      13.21627		      11.02747
      15.77895		       6.84930
      17.06231		       2.12391
      16.96566		      -2.76734
      15.49933		      -7.43057
      12.78362		     -11.49097
       9.03896		     -14.62286
       4.56799		     -16.57573
      -0.26879		     -17.19415
      -5.08212		     -16.43016
      -9.48519		     -14.34687
     -13.12472		     -11.11327
     -15.70924		      -6.99050
     -17.03241		      -2.31077
     -16.98943		       2.54940
     -15.58540		       7.19946
     -12.93468		      11.26617
      -9.25171		      14.42355
      -4.83358		      16.41901
      -0.03619		      17.09352
       4.75438		      16.39434
       9.15292		      14.37913
      12.80595		      11.21128
      15.42012		       7.14672
      16.78570		       2.51334
      16.79338		      -2.31535
      15.44300		      -6.95021
      12.84357		     -11.01767
       9.20452		     -14.18973
       4.81885		     -16.21024
       0.03973		     -16.91546
      -4.74787		     -16.24719
      -9.15797		     -14.25750
     -12.83454		     -11.10457
     -15.47998		      -7.04011
