      18.41044		      -2.02074
      17.91917		      -4.62520
      17.06173		      -7.13086
      15.85624		      -9.48655
      14.32793		     -11.64429
      12.50862		     -13.56018
      10.43601		     -15.19538
       8.15294		     -16.51684
       5.70650		     -17.49799
       3.14705		     -18.11928
       0.52716		     -18.36855
      -2.09941		     -18.24127
      -4.67886		     -17.74064
      -7.15846		     -16.87751
      -9.48756		     -15.67011
     -11.61873		     -14.14372
     -13.50862		     -12.33008
     -15.11892		     -10.26680
     -16.41708		      -7.99650
     -17.37701		      -5.56602
     -17.97959		      -3.02538
     -18.21304		      -0.42676
     -18.07315		       2.17651
     -17.56338		       4.73113
     -16.69474		       7.18485
     -15.48559		       9.48760
     -13.96123		      11.59243
     -12.15335		      13.45658
     -10.09944		      15.04223
      -7.84193		      16.31736
      -5.42738		      17.25634
      -2.90548		      17.84047
      -0.32804		      18.05834
       2.25208		      17.90607
       4.78202		      17.38736
       7.21007		      16.51341
       9.48666		      15.30266
      11.56541		      13.78044
      13.40406		      11.97842
      14.96533		       9.93393
      16.21769		       7.68922
      17.13598		       5.29057
      17.70192		       2.78735
      17.90446		       0.23097
      17.74004		      -2.32612
      17.21260		      -4.83156
      16.33350		      -7.23413
      15.12130		      -9.48478
      13.60136		     -11.53768
      11.80526		     -13.35108
       9.77024		     -14.88823
       7.53833		     -16.11809
       5.15556		     -17.01595
       2.67095		     -17.56395
       0.13555		     -17.75141
      -2.39865		     -17.57506
      -4.87975		     -17.03908
      -7.25704		     -16.15502
      -9.48198		     -14.94152
     -11.50925		     -13.42396
     -13.29766		     -11.63388
     -14.81094		      -9.60837
     -16.01856		      -7.38927
     -16.89625		      -5.02234
     -17.42656		      -2.55628
     -17.59917		      -0.04175
     -17.41112		       2.46970
     -16.86681		       4.92663
     -15.97796		       7.27882
     -14.76331		       9.47825
     -13.24824		      11.48014
     -11.46425		      13.24380
      -9.44829		      14.73348
      -7.24201		      15.91911
      -4.89090		      16.77688
      -2.44332		      17.28975
       0.05046		      17.44776
       2.53928		      17.24822
       4.97220		      16.69578
       7.29948		      15.80231
       9.47363		      14.58665
      11.45037		      13.07418
      13.18952		      11.29636
      14.65584		       9.29000
      15.81974		       7.09654
      16.65786		       4.76121
      17.15353		       2.33204
      17.29716		      -0.14107
      17.08636		      -2.60741
      16.52598		      -5.01649
      15.62807		      -7.31906
      14.41153		      -9.46813
      12.90178		     -11.41994
      11.13020		     -13.13483
       9.13347		     -14.57805
       6.95284		     -15.72047
       4.63326		     -16.53918
       2.22243		     -17.01791
      -0.23012		     -17.14740
      -2.67412		     -16.92553
      -5.05951		     -16.35742
      -7.33755		     -15.45522
      -9.46176		     -14.23795
     -11.38887		     -12.73103
     -13.07974		     -10.96576
     -14.50011		      -8.97870
     -15.62131		      -6.81090
     -16.42086		      -4.50703
     -16.88288		      -2.11447
     -16.99846		       0.31763
     -16.76575		       2.73940
     -16.19008		       5.10128
     -15.28377		       7.35499
     -14.06590		       9.45454
     -12.56190		      11.35719
     -10.80302		      13.02427
      -8.82567		      14.42203
      -6.67070		      15.52226
      -4.38250		      16.30290
      -2.00815		      16.74846
       0.40360		      16.85034
       2.80329		      16.60700
       5.14182		      16.02397
       7.37138		      15.11371
       9.44648		      13.89537
      11.32489		      12.39440
      12.96843		      10.64198
      14.34383		       8.67437
      15.42333		       6.53222
      16.18530		       4.25967
      16.61463		       1.90345
      16.70305		      -0.48805
      16.44929		      -2.86580
      15.85907		      -5.18114
      14.94502		      -7.38674
      13.72636		      -9.43761
      12.22852		     -11.29199
      10.48261		     -12.91223
       8.52478		     -14.26551
       6.39545		     -15.32454
       4.13850		     -16.06808
       1.80034		     -16.48142
      -0.57101		     -16.55660
      -2.92695		     -16.29261
      -5.21926		     -15.69539
      -7.40108		     -14.77771
      -9.42792		     -13.55884
     -11.25852		     -12.06423
     -12.85569		     -10.32491
     -14.18709		      -8.37689
     -15.22588		      -6.26038
     -15.95124		      -4.01899
     -16.34881		      -1.69882
     -16.41097		       0.65249
     -16.13696		       2.98676
     -15.53293		       5.25620
     -14.61176		       7.41443
     -13.39282		       9.41745
     -11.90153		      11.22447
     -10.16886		      12.79881
      -8.23068		      14.10857
      -6.12698		      15.12736
      -3.90112		      15.83478
      -1.59887		      16.21682
       0.73251		      16.26617
       3.04524		      15.98234
       5.29197		      15.37167
       7.42680		      14.44717
       9.40620		      13.22828
      11.18987		      11.74041
      12.74160		      10.01446
      14.02996		       8.08614
      15.02900		       5.99525
      15.71870		       3.78488
      16.08544		       1.50047
      16.12219		      -0.81109
      15.82874		      -3.10240
      15.21161		      -5.32659
      14.28394		      -7.43821
      13.06522		      -9.39419
      11.58086		     -11.15473
       9.86168		     -12.68408
       7.94325		     -13.95128
       5.86517		     -14.93080
       3.67024		     -15.60303
       1.40359		     -15.95468
      -0.88823		     -15.97905
      -3.15828		     -15.67617
      -5.36008		     -15.05275
      -7.44866		     -14.12206
      -9.38143		     -12.90363
     -11.11906		     -11.42287
     -12.62626		      -9.71052
     -13.87253		      -7.80201
     -14.83276		      -5.73672
     -15.48774		      -3.55719
     -15.82454		      -1.30824
     -15.83675		       0.96397
     -15.52463		       3.21287
     -14.89509		       5.39245
     -13.96151		       7.45818
     -12.74350		       9.36794
     -11.26643		      11.08287
      -9.56097		      12.56815
      -7.66239		      13.79372
      -5.60988		      14.73490
      -3.44572		      15.37287
      -1.21439		      15.69502
       1.03831		      15.69527
       3.26620		      15.37410
       5.42372		      14.73861
       7.46678		      13.80230
       9.35373		      12.58481
      11.04617		      11.11152
      12.50975		       9.41300
      13.71486		       7.52439
      14.63722		       5.48466
      15.25840		       3.33581
      15.56613		       1.12202
      15.55462		      -1.11127
      15.22460		      -3.31829
      14.58332		      -5.45390
      13.64441		      -7.47448
      12.42757		      -9.33882
      10.95814		     -11.00899
       9.26662		     -12.45109
       7.38799		     -13.63596
       5.36102		     -14.53973
       3.22744		     -15.14434
       1.03112		     -15.43787
      -1.18287		     -15.41480
      -3.36915		     -15.07611
      -5.48302		     -14.42921
      -7.48128		     -13.48785
      -9.32321		     -12.27176
     -10.97132		     -10.80628
     -12.39217		      -9.12180
     -13.55703		      -7.25317
     -14.44244		      -5.23895
     -15.03070		      -3.12060
     -15.31024		      -0.94167
     -15.27582		       1.25312
     -14.92863		       3.41880
     -14.27628		       5.51108
     -13.33260		       7.48721
     -12.11737		       9.30692
     -10.65592		      10.93318
      -8.97854		      12.33301
      -7.11993		      13.47808
      -5.11844		      14.34534
      -3.01528		      14.91748
      -0.85366		      15.18324
       1.32204		      15.13766
       3.46725		      14.78217
       5.53809		      14.12451
       7.49228		      13.17865
       9.28997		      11.96440
      10.89459		      10.50705
      12.27360		       8.83682
      13.39911		       6.98825
      14.24845		       4.99948
      14.80469		       2.91145
      15.05688		       0.76707
      15.00034		      -1.38964
      14.63671		      -3.51452
      13.97392		      -5.56409
      13.02601		      -7.49650
      11.81284		      -9.27236
      10.35967		     -10.85556
       8.69663		     -12.21397
       6.85812		     -13.32013
       4.88205		     -14.15178
       2.80911		     -14.69233
       0.68189		     -14.93116
      -1.45595		     -14.86385
      -3.56062		     -14.49226
      -5.58907		     -13.82448
      -7.49989		     -12.87466
      -9.25412		     -11.66267
     -10.81609		     -10.21376
     -12.15412		      -8.55797
     -13.24115		      -6.72952
     -14.05533		      -4.76613
     -14.58040		      -2.70823
     -14.80607		      -0.59810
     -14.72818		       1.52097
     -14.34882		       3.60557
     -13.67621		       5.61306
     -12.72459		       7.50245
     -11.51390		       9.23525
     -10.06932		      10.77620
      -8.42081		      12.09406
      -6.60244		      13.16219
      -4.65172		      13.95910
      -2.60881		      14.46891
      -0.51568		      14.68162
       1.58473		      14.59335
       3.64938		      14.20637
       5.63607		      13.52908
       7.50422		      12.57581
       9.21576		      11.36650
      10.73590		       9.92632
      12.03380		       8.28514
      13.08324		       6.47687
      13.86311		       4.53880
      14.35786		       2.51082
      14.55782		       0.43462
      14.45934		      -1.64723
      14.06493		      -3.69208
      13.38311		      -5.65811
      12.42829		      -7.50519
      11.22047		      -9.19568
       9.78477		     -10.69520
       8.15096		     -11.97336
       6.35279		     -13.00431
       4.42735		     -13.76735
       2.41426		     -14.24726
       0.35490		     -14.43466
      -1.70849		     -14.32617
      -3.73367		     -13.92448
      -5.67920		     -13.23827
      -7.50538		     -12.28205
      -9.17500		     -11.07581
     -10.65412		      -9.64466
     -11.91273		      -8.01825
     -12.92542		      -6.23019
     -13.67184		      -4.31736
     -14.13710		      -2.31911
     -14.31214		      -0.27652
     -14.19382		       1.76854
     -13.78502		       3.77416
     -13.09457		       5.69935
     -12.13706		       7.50481
     -10.93250		       9.15375
      -9.50596		      10.61265
      -7.88699		      11.85194
      -6.10906		      12.84657
      -4.20881		      13.57657
      -2.22536		      14.02740
      -0.19945		      14.19027
       1.82737		      14.06230
       3.81358		      13.64656
       5.71858		      12.95201
       7.50349		      11.99332
       9.13194		      10.79054
      10.57082		       9.36868
      11.79098		       7.75719
      12.76777		       5.98938
      13.48156		       4.10170
      13.91816		       2.13298
      14.06905		       0.12368
      13.93160		      -1.88501
      13.50908		      -3.85194
      12.81057		      -5.73690
      11.85083		      -7.50143
      10.64991		      -9.10957
       9.23279		     -10.52864
       7.62882		     -11.72987
       5.87115		     -12.68902
       3.99600		     -13.38681
       2.04197		     -13.80937
       0.04919		     -13.94848
      -1.94147		     -13.80173
      -3.88925		     -13.37258
      -5.75433		     -12.67026
      -7.49864		     -11.70958
      -9.08666		     -10.51062
     -10.48610		      -9.09830
     -11.66862		      -7.50188
     -12.61033		      -5.75435
     -13.29232		      -3.89172
     -13.70105		      -1.95231
     -13.82856		       0.02402
     -13.67269		       1.99677
     -13.23707		       3.92553
     -12.53107		       5.77087
     -11.56956		       7.49514
     -10.37264		       9.06322
      -8.96519		      10.44324
      -7.37635		      11.60723
      -5.63896		      12.53171
      -3.78882		      13.19811
      -1.86399		      13.59319
       0.09598		      13.70929
       2.05092		      13.54446
       3.96078		      13.10253
       5.78654		      12.39298
       7.49094		      11.43076
       9.03926		      10.23597
      10.40004		       8.83345
      11.54572		       7.25223
      12.45316		       5.52498
      13.10416		       3.68730
      13.48580		       1.77700
      13.59067		      -0.16670
      13.41706		      -2.10393
      12.96897		      -3.99503
      12.25601		      -5.80136
      11.29319		      -7.48605
      10.10061		      -9.01479
       8.70306		     -10.35653
       7.12949		     -11.48409
       5.41239		     -12.37470
       3.58715		     -13.01050
       1.69131		     -13.37888
      -0.23618		     -13.47270
      -2.15582		     -13.29048
      -4.02829		     -12.83639
      -5.81533		     -12.12014
      -7.48048		     -11.15682
      -8.98983		      -9.96654
     -10.31272		      -8.57403
     -11.42235		      -7.00813
     -12.29632		      -5.30118
     -12.91713		      -3.48834
     -13.27243		      -1.60692
     -13.35539		       0.30446
     -13.16472		       2.20660
     -12.70477		       4.06057
     -11.98537		       5.82848
     -11.02166		       7.47425
      -9.83376		       8.96439
      -8.44634		      10.26861
      -6.88814		      11.36051
      -5.19133		      12.21805
      -3.39088		      12.82404
      -1.52381		      13.16647
       0.37153		      13.23873
       2.25629		      13.03978
       4.09188		      12.57412
       5.84081		      11.85169
       7.46737		      10.88769
       8.93847		       9.70225
      10.22422		       8.31998
      11.29857		       6.76951
      12.13987		       5.08285
      12.73124		       3.29474
      13.06098		       1.44197
      13.12273		      -0.43742
      12.91566		      -2.30490
      12.44442		      -4.12225
      11.71909		      -5.85233
      10.75491		      -7.45985
       9.57201		      -8.91209
       8.19494		     -10.17954
       6.65222		     -11.23655
       4.97570		     -12.06180
       3.19992		     -12.63874
       1.36139		     -12.95597
      -0.50213		     -13.00738
      -2.35244		     -12.79235
      -4.15167		     -12.31569
      -5.86306		     -11.58758
      -7.45170		     -10.62332
      -8.88525		      -9.44303
     -10.13460		      -8.07121
     -11.17445		      -6.53627
     -11.98384		      -4.86989
     -12.54655		      -3.10639
     -12.85145		      -1.28205
     -12.89269		       0.56568
     -12.66986		       2.39893
     -12.18792		       4.18017
     -11.45715		       5.87302
     -10.49290		       7.44294
      -9.31530		       8.85798
      -7.94879		      10.08940
      -6.42164		      11.11228
      -4.76539		      11.90600
      -3.01415		      12.45466
      -1.20394		      12.74741
       0.62809		      12.77866
       2.44438		      12.54818
       4.20776		      12.06109
       5.88221		      11.32778
       7.43357		      10.36366
       8.83027		       9.18882
      10.04396		       7.82765
      11.05005		       6.30832
      11.82829		       4.66220
      12.36308		       2.92319
      12.64386		       1.12704
      12.66528		      -0.68936
      12.42731		      -2.48880
      11.93522		      -4.23445
      11.19949		      -5.89064
      10.23557		      -7.42361
       9.06356		      -8.80214
       7.70779		      -9.99827
       6.19631		     -10.98777
       4.56030		     -11.75071
       2.83348		     -12.27182
       1.05135		     -12.54081
      -0.74952		     -12.55256
      -2.53221		     -12.30724
      -4.26025		     -11.81029
      -5.89833		     -11.07225
      -7.41306		     -10.10864
      -8.77360		      -8.93954
      -9.95235		      -7.58921
     -10.92543		      -6.08558
     -11.67326		      -4.45969
     -12.18087		      -2.74503
     -12.43824		      -0.97685
     -12.44050		       0.80857
     -12.18799		       2.57462
     -11.68630		       4.28517
     -10.94608		       5.90529
      -9.98286		       7.40194
      -8.81673		       8.74466
      -7.47188		       9.90620
      -5.97613		      10.86306
      -4.36035		      11.59596
      -2.65781		      12.09025
      -0.90352		      12.33617
       0.86652		      12.32909
       2.61604		      12.06955
       4.30924		      11.56325
       5.91154		      10.82095
       7.39026		       9.85822
       8.71533		       8.69513
       9.85984		       7.35581
      10.80065		       5.86795
      11.51880		       4.26227
      11.99995		       2.57182
      12.23460		       0.83136
      12.21834		      -0.92339
      11.95190		      -2.65648
      11.44113		      -4.33245
      10.69687		      -5.91707
       9.73472		      -7.37803
       8.57474		      -8.68561
       7.24098		      -9.81328
       5.76103		     -10.73822
       4.16543		     -11.44180
       2.48704		     -11.90998
       0.76035		     -12.13353
      -0.97920		     -12.10825
      -2.69597		     -11.83506
      -4.35483		     -11.31995
      -5.92191		     -10.57383
      -7.36527		      -9.61234
      -8.65553		      -8.45553
      -9.76652		      -7.12738
     -10.67576		      -5.65536
     -11.36496		      -4.06983
     -11.82034		      -2.40346
     -12.03295		      -0.69048
     -11.99882		       1.03395
     -11.71903		       2.73450
     -11.19969		       4.37638
     -10.45182		       5.92607
      -9.49109		       7.35197
      -8.33751		       8.62508
      -7.01500		       9.71956
      -5.55092		      10.61329
      -3.97546		      11.28828
      -2.32106		      11.73104
      -0.62174		      11.93288
       1.08766		      11.89004
       2.77210		      11.60379
       4.39712		      11.08036
       5.92956		      10.33084
       7.33816		       9.37095
       8.59428		       8.22066
       9.67243		       6.90384
      10.55082		       5.44771
      11.21176		       3.88230
      11.64208		       2.23985
      11.83331		       0.55411
      11.78192		      -1.14034
      11.48934		      -2.80877
      10.96194		      -4.41706
      10.21089		      -5.93238
       9.25192		      -7.32383
       8.10499		      -8.56313
       6.79388		      -9.62512
       5.34571		     -10.48834
       3.79034		     -11.13542
       2.15980		     -11.55346
       0.48758		     -11.73425
      -1.19200		     -11.67446
      -2.84453		     -11.37569
      -4.43621		     -10.84444
      -5.93455		     -10.09195
      -7.30901		      -9.13398
      -8.53164		      -7.99047
      -9.57764		      -6.68512
     -10.42587		      -5.24492
     -11.05926		      -3.69957
     -11.46519		      -2.08089
     -11.63569		      -0.42214
     -11.56765		       1.24265
     -11.26284		       2.87938
     -10.72786		       4.45458
      -9.97403		       5.93609
      -9.01714		       7.29371
      -7.87710		       8.49984
      -6.57754		       9.53001
      -5.14532		      10.36341
      -3.60999		      10.98328
      -2.00313		      11.37727
      -0.35778		      11.53764
       1.29231		      11.46150
       2.91335		      11.15077
       4.47218		      10.61218
       5.93699		       9.85712
       7.27792		       8.90139
       8.46771		       7.76487
       9.48223		       6.47113
      10.30097		       5.04691
      10.90749		       3.52157
      11.28969		       1.92650
      11.44010		       0.29449
      11.35601		      -1.34099
      11.03949		      -2.94644
      10.49741		      -4.48903
       9.74121		      -5.93728
       8.78672		      -7.26167
       7.65378		      -8.43527
       6.36590		      -9.43430
       4.94967		     -10.23856
       3.43430		     -10.83189
       1.85099		     -11.20248
       0.23225		     -11.34307
      -1.38869		     -11.25117
      -2.97866		     -10.92900
      -4.50514		     -10.38354
      -5.93696		      -9.62630
      -7.24496		      -8.67311
      -8.40254		      -7.54382
      -9.38623		      -6.26181
     -10.17617		      -4.85359
     -10.75649		      -3.34819
     -11.11562		      -1.77658
     -11.24656		      -0.17106
     -11.14698		       1.43544
     -10.81930		       3.01003
     -10.27057		       4.52051
      -9.51238		       5.93604
      -8.56058		       7.22779
      -7.43497		       8.36951
      -6.15888		       9.33804
      -4.75867		      10.11383
      -3.26321		      10.68128
      -1.70327		      11.02912
      -0.11089		      11.15055
       1.48125		      11.04345
       3.04056		      10.71037
       4.53516		      10.15848
       5.93454		       9.39944
       7.21019		       8.44910
       8.33620		       7.32724
       9.28972		       6.05709
      10.05152		       4.66489
      10.60628		       3.17935
      10.94298		       1.63103
      11.05506		       0.05175
      10.94057		      -1.52612
      10.60222		      -3.07025
      10.04729		      -4.54909
       9.28749		      -5.93246
       8.33868		      -7.19216
       7.22060		      -8.30261
       5.95642		      -9.24129
       4.57224		      -9.98926
       3.09661		     -10.53149
       1.55988		     -10.85721
      -0.00639		     -10.96008
      -1.57006		     -10.83834
      -3.09913		     -10.49485
      -4.56233		      -9.93699
      -5.92981		      -9.17651
      -7.17371		      -8.22930
      -8.26876		      -7.11507
      -9.19276		      -5.85687
      -9.92705		      -4.48072
     -10.45691		      -3.01497
     -10.77180		      -1.48978
     -10.86561		       0.06353
     -10.73677		       1.61309
     -10.38826		       3.12719
      -9.82756		       4.57488
      -9.06650		       5.92661
      -8.12096		       7.15485
      -7.01061		       8.23465
      -5.75844		       9.14412
      -4.39031		       9.86491
      -2.93442		      10.38255
      -1.42073		      10.68677
       0.11968		      10.77166
       1.65523		      10.63584
       3.15446		      10.28243
       4.58675		       9.71902
       5.92286		       8.95745
       7.13558		       8.01366
       8.20028		       6.90724
       9.09538		       5.66111
       9.80282		       4.30100
      10.30841		       2.85496
      10.60211		       1.35272
      10.67823		      -0.17486
      10.53557		      -1.69647
      10.17738		      -3.18094
       9.61134		      -4.59795
       8.84937		      -5.91857
       7.90737		      -7.11592
       6.80493		      -8.16567
       5.56487		      -9.04656
       4.21279		      -9.74081
       2.77656		     -10.23449
       1.28574		     -10.51782
      -0.22908		     -10.58532
      -1.73683		     -10.43594
      -3.20665		     -10.07309
      -4.60849		      -9.50454
      -5.91376		      -8.74224
      -7.09588		      -7.80211
      -8.13083		      -6.70369
      -8.99766		      -5.46971
      -9.67887		      -4.12566
     -10.16080		      -2.69923
     -10.43391		      -1.21977
     -10.49292		       0.28235
     -10.33696		       1.77633
      -9.96957		       3.23159
      -9.39860		       4.61838
      -8.63605		       5.90843
      -7.69786		       7.07546
      -6.60350		       8.09576
      -5.37563		       8.94868
      -4.03960		       9.61700
      -2.62295		      10.08734
      -1.15481		      10.35038
       0.33467		      10.40104
       1.81497		      10.23863
       3.25577		       9.86681
       4.62764		       9.29352
       5.90259		       8.53081
       7.05467		       7.59461
       8.06047		       6.50435
       8.89963		       5.28261
       9.55523		       3.95461
      10.01412		       2.54771
      10.26722		       1.09085
      10.30968		      -0.38607
      10.14094		      -1.85276
       9.76481		      -3.27921
       9.18930		      -4.63627
       8.42651		      -5.89625
       7.49236		      -7.03352
       6.40625		      -8.02496
       5.19066		      -8.85052
       3.87068		      -9.49354
       2.47350		      -9.94113
       1.02787		     -10.18446
      -0.43654		     -10.21884
      -1.88972		     -10.04390
      -3.30191		      -9.66356
      -4.64428		      -9.08593
      -5.88942		      -8.32314
      -7.01202		      -7.39110
      -7.98925		      -6.30918
      -8.80135		      -5.09975
      -9.43194		      -3.78778
      -9.86839		      -2.40031
     -10.10207		      -0.96587
     -10.12851		       0.48611
      -9.94750		       1.92585
      -9.56307		       3.32389
      -8.98341		       4.65168
      -8.22069		       5.88212
      -7.29083		       6.99017
      -6.21312		       7.95334
      -5.00988		       8.75213
      -3.70593		       9.37044
      -2.32813		       9.79589
      -0.90483		      10.02007
       0.53478		      10.03871
       1.96117		       9.85175
       3.34516		       9.46333
       4.65848		       8.88173
       5.87434		       8.11917
       6.96799		       7.19153
       7.91724		       6.11809
       8.70287		       4.92104
       9.30905		       3.62510
       9.72364		       2.25695
       9.93846		       0.84474
       9.94943		      -0.58256
       9.75663		      -1.99568
       9.36434		      -3.36572
       8.78090		      -4.66469
       8.01856		      -5.86609
       7.09321		      -6.94549
       6.02406		      -7.88095
       4.83322		      -8.65357
       3.54528		      -9.24776
       2.18677		      -9.65164
       0.78560		      -9.85724
      -0.62946		      -9.86066
      -2.02940		      -9.66215
      -3.38559		      -9.26609
      -4.67032		      -8.68090
      -5.85740		      -7.91886
      -6.92266		      -6.99585
      -7.84449		      -5.93103
      -8.60423		      -4.74642
      -9.18658		      -3.46648
      -9.57990		      -2.11756
      -9.77641		      -0.72739
      -9.77242		       0.67549
      -9.56831		       2.06234
      -9.16859		       3.40478
      -8.58173		       4.67539
      -7.82006		       5.84826
      -6.89945		       6.89952
      -5.83899		       7.80785
      -4.66063		       8.55487
      -3.38867		       9.12552
      -2.04932		       9.50841
      -0.67010		       9.69598
       0.72067		       9.68470
       2.09450		       9.47511
       3.42329		       9.07182
       4.67989		       8.48340
       5.83868		       7.72217
       6.87608		       6.80400
       7.77105		       5.74794
       8.50548		       4.57583
       9.06458		       3.31185
       9.43718		       1.98204
       9.61593		       0.61373
       9.59749		      -0.76500
       9.38255		      -2.12590
       8.97580		      -3.44114
       8.38588		      -4.68384
       7.62516		      -5.82867
       6.70949		      -6.85235
       5.65786		      -7.73409
       4.49202		      -8.45608
       3.23601		      -9.00376
       1.91572		      -9.36621
       0.55826		      -9.53629
      -0.80850		      -9.51081
      -2.15655		      -9.29061
      -3.45833		      -8.88051
      -4.68724		      -8.28919
      -5.81824		      -7.52905
      -6.82832		      -6.61592
      -7.69698		      -5.56875
      -8.40666		      -4.40919
      -8.94308		      -3.16115
      -9.29551		      -1.85033
      -9.45704		      -0.50369
      -9.42465		       0.85116
      -9.19931		       2.18645
      -8.78594		       3.47488
      -8.19331		       4.69012
      -7.43382		       5.80740
      -6.52329		       6.80401
      -5.48061		       7.65973
      -4.32733		       8.35724
      -3.08724		       8.88252
      -1.78588		       9.22508
      -0.44999		       9.37818
       0.89301		       9.33900
       2.21562		       9.10864
       3.49079		       8.69211
       4.69246		       8.09824
       5.79616		       7.33946
       6.77943		       6.43158
       7.62233		       5.39341
       8.30782		       4.24643
       8.82210		       3.01429
       9.15491		       1.72235
       9.29973		       0.39718
       9.25388		      -0.93405
       9.01860		      -2.24407
       8.59901		      -3.50607
       8.00398		      -4.69429
       7.24598		      -5.78452
       6.34079		      -6.75459
       5.30717		      -7.58481
       4.16649		      -8.25840
       2.94228		      -8.76182
       1.65974		      -9.08502
       0.34522		      -9.22168
      -0.97430		      -9.16928
      -2.27180		      -8.92919
      -3.52074		      -8.50662
      -4.69562		      -7.91052
      -5.77250		      -7.15336
      -6.72948		      -6.25090
      -7.54715		      -5.22186
      -8.20899		      -4.08749
      -8.70168		      -2.87120
      -9.01541		      -1.59803
      -9.14403		      -0.29413
      -9.08519		       1.01375
      -8.84040		       2.29882
      -8.41496		       3.53479
      -7.81786		       4.69644
      -7.06160		       5.76009
      -6.16193		       6.70412
      -5.13748		       7.50938
      -4.00944		       8.15959
      -2.80106		       8.64169
      -1.53721		       8.94607
      -0.24387		       9.06678
       1.05243		       9.00162
       2.32515		       8.75223
       3.54825		       8.32401
       4.69678		       7.72599
       5.74732		       6.97070
       6.67851		       6.07385
       7.47149		       5.05403
       8.11021		       3.93231
       8.58185		       2.73183
       8.87702		       1.47728
       8.98993		       0.19446
       8.91857		      -1.09034
       8.66469		      -2.35079
       8.23377		      -3.56112
       7.63492		      -4.69663
       6.88065		      -5.73417
       5.98667		      -6.65267
       4.97149		      -7.43349
       3.85611		      -8.06086
       2.66350		      -8.52217
       1.41823		      -8.80824
       0.14587		      -8.91349
      -1.12749		      -8.83604
      -2.37575		      -8.57777
      -3.57341		      -8.14425
      -4.69600		      -7.54462
      -5.72068		      -6.79144
      -6.62659		      -5.90037
      -7.39538		      -4.88987
      -8.01153		      -3.78082
      -8.46264		      -2.59608
      -8.73975		      -1.36004
      -8.83745		      -0.09809
      -8.75403		       1.16388
      -8.49147		       2.40004
      -8.05543		       3.58512
      -7.45511		       4.69492
      -6.70308		       5.70683
      -5.81495		       6.60029
      -4.80915		       7.35718
      -3.70643		       7.96223
      -2.52955		       8.40328
      -1.30272		       8.67155
      -0.05113		       8.76182
       1.19954		       8.67253
       2.42368		       8.40578
       3.59627		       7.96731
       4.69337		       7.36638
       5.69264		       6.61554
       6.57377		       5.73041
       7.31889		       4.72932
       7.91297		       3.63295
       8.34408		       2.46390
       8.60363		       1.24624
       8.68660		       0.00497
       8.59155		      -1.23446
       8.32071		      -2.44666
       7.87990		      -3.60686
       7.27842		      -4.69137
       6.52884		      -5.67812
       5.64673		      -6.54703
       4.65038		      -7.28051
       3.56035		      -7.86375
       2.39913		      -8.28504
       1.19060		      -8.53601
      -0.04041		      -8.61178
      -1.26866		      -8.51108
      -2.46900		      -8.23625
      -3.61690		      -7.79319
      -4.68894		      -7.19123
      -5.66326		      -6.44295
      -6.52009		      -5.56391
      -7.24205		      -4.57231
      -7.81458		      -3.48864
      -8.22618		      -2.33523
      -8.46868		      -1.13580
      -8.53737		       0.08500
      -8.43113		       1.30214
      -8.15240		       2.49071
      -7.70717		       3.62641
      -7.10480		       4.68606
      -6.35789		       5.64809
      -5.48195		       6.49295
      -4.49513		       7.20352
      -3.41780		       7.76546
      -2.27218		       8.16749
      -1.08182		       8.40164
       0.12882		       8.46337
       1.33492		       8.35169
       2.51180		       8.06916
       3.63539		       7.62184
       4.68277		       7.01913
       5.63261		       6.27363
       6.46562		       5.40083
       7.16491		       4.41881
       7.71639		       3.34783
       8.10898		       2.20998
       8.33490		       1.02866
       8.38978		      -0.17188
       8.27277		      -1.36701
       7.98653		      -2.53226
       7.53720		      -3.64384
       6.93422		      -4.67905
       6.19019		      -5.61682
       5.32056		      -6.43809
       4.34334		      -7.12624
       3.27872		      -7.66737
       2.14862		      -8.05064
       0.97630		      -8.26845
      -0.21418		      -8.31660
      -1.39840		      -8.19436
      -2.55212		      -7.90451
      -3.65178		      -7.45324
      -4.67492		      -6.85006
      -5.60073		      -6.10754
      -6.41039		      -5.24112
      -7.08751		      -4.26873
      -7.61842		      -3.21046
      -7.99249		      -2.08810
      -8.20231		      -0.92474
      -8.24382		       0.25573
      -8.11646		       1.42911
      -7.82308		       2.57139
      -7.36997		       3.65921
      -6.76664		       4.67039
      -6.02569		       5.58434
      -5.16251		       6.38251
      -4.19497		       7.04872
      -3.14304		       7.56954
      -2.02840		       7.93453
      -0.87396		       8.13646
       0.29655		       8.17146
       1.45916		       8.03907
       2.59006		       7.74226
       3.66614		       7.28737
       4.66546		       6.68397
       5.56768		       5.94463
       6.35446		       5.08472
       7.00988		       4.12204
       7.52072		       3.07646
       7.87675		       1.96951
       8.07092		       0.82397
       8.09951		      -0.33664
       7.96219		      -1.48854
       7.66204		      -2.60814
       7.20545		      -3.67258
       6.60203		      -4.66015
       5.86436		      -5.55073
       5.00775		      -6.32624
       4.04994		      -6.97099
       3.01070		      -7.47198
       1.91144		      -7.81916
       0.77476		      -8.00568
      -0.37601		      -8.02797
      -1.51726		      -7.88582
      -2.62566		      -7.58241
      -3.67854		      -7.12421
      -4.65445		      -6.52083
      -5.53351		      -5.78487
      -6.29787		      -4.93159
      -6.93207		      -3.97867
      -7.42331		      -2.94577
      -7.76177		      -1.85416
      -7.94075		      -0.72630
      -7.95684		       0.41466
      -7.80996		       1.54534
      -7.50338		       2.64260
      -7.04363		       3.68403
      -6.44036		       4.64837
      -5.70615		       5.51602
      -4.85624		       6.26934
      -3.90822		       6.89310
      -2.88165		       7.37472
      -1.79768		       7.70457
      -0.67861		       7.87612
       0.45261		       7.88612
       1.57278		       7.73461
       2.65899		       7.42494
       3.68904		       6.96372
       4.64193		       6.36061
       5.49827		       5.62820
       6.24067		       4.78168
       6.85411		       3.83857
       7.32622		       2.81834
       7.64757		       1.74199
       7.81180		       0.63166
       7.81581		      -0.48987
       7.65976		      -1.59960
       7.34709		      -2.67483
       6.88447		      -3.69360
       6.28158		      -4.63513
       5.55101		      -5.48027
       4.70791		      -6.21185
       3.76973		      -6.81508
       2.75582		      -7.27781
       1.68707		      -7.59077
       0.58545		      -7.74779
      -0.52643		      -7.74591
      -1.62579		      -7.58542
      -2.69012		      -7.26983
      -3.69770		      -6.80588
      -4.62798		      -6.20327
      -5.46202		      -5.47459
      -6.18290		      -4.63493
      -6.77604		      -3.70169
      -7.22948		      -2.69410
      -7.53417		      -1.63292
      -7.68410		      -0.53997
      -7.67643		       0.56232
      -7.51158		       1.65136
      -7.19316		       2.70488
      -6.72794		       3.70136
      -6.12568		       4.62048
      -5.39891		       5.44353
      -4.56273		       6.15382
      -3.63443		       6.73697
      -2.63316		       7.18125
      -1.57954		       7.47778
      -0.49522		       7.62071
       0.59753		       7.60736
       1.67634		       7.43824
       2.71912		       7.11707
       3.70458		       6.65066
       4.61263		       6.04879
       5.42480		       5.32399
       6.12461		       4.49131
       6.69790		       3.56796
       7.13312		       2.57300
       7.42159		       1.52690
       7.55763		       0.45119
       7.53869		      -0.63208
       7.36540		      -1.70071
       7.04156		      -2.73283
       6.57402		      -3.70737
       5.97260		      -4.60446
       5.24981		      -5.40585
       4.42065		      -6.09528
       3.50227		      -6.65881
       2.51360		      -7.08509
       1.47502		      -7.36562
       0.40786		      -7.49487
      -0.66598		      -7.47044
      -1.72449		      -7.29307
      -2.74603		      -6.96663
      -3.70973		      -6.49804
      -4.59595		      -5.89711
      -5.38667		      -5.17637
      -6.06583		      -4.35075
      -6.61971		      -3.43734
      -7.03716		      -2.45497
      -7.30986		      -1.42387
      -7.43243		      -0.36523
      -7.40260		       0.69923
      -7.22123		       1.74769
      -6.89227		       2.75873
      -6.42269		       3.71168
      -5.82232		       4.58713
      -5.10366		       5.36727
      -4.28161		       6.03627
      -3.37318		       6.58061
      -2.39710		       6.98934
      -1.37346		       7.25430
      -0.32330		       7.37029
       0.73183		       7.33517
       1.77032		       7.14990
       2.77093		       6.81849
       3.71322		       6.34798
       4.57799		       5.74821
       5.34766		       5.03168
       6.00661		       4.21322
       6.54152		       3.30978
       6.94163		       2.33997
       7.19897		       1.32377
       7.30848		       0.28205
       7.26815		      -0.76381
       7.07905		      -1.79238
       6.74529		      -2.78263
       6.27391		      -3.71435
       5.67480		      -4.56854
       4.96042		      -5.32784
       4.14558		      -5.97684
       3.24712		      -6.50243
       2.28358		      -6.89404
       1.27479		      -7.14385
       0.24148		      -7.24698
      -0.79515		      -7.20155
      -1.81388		      -7.00871
      -2.79386		      -6.67265
      -3.71509		      -6.20047
      -4.55880		      -5.60206
      -5.30782		      -4.88988
      -5.94698		      -4.07867
      -6.46335		      -3.18521
      -6.84656		      -2.22793
      -7.08895		      -1.22653
      -7.18580		      -0.20158
      -7.13535		       0.82588
      -6.93886		       1.83483
      -6.60058		       2.80461
      -6.12766		       3.71544
      -5.53001		       4.54875
      -4.82005		       5.28761
      -4.01249		       5.91703
      -3.12404		       6.42429
      -2.17301		       6.79919
      -1.17897		       7.03428
      -0.16235		       7.12494
       0.85600		       7.06956
       1.85523		       6.86950
       2.81489		       6.52907
       3.71540		       6.05548
       4.53842		       5.45862
       5.26721		       4.75092
       5.88699		       3.94704
       6.38524		       3.06360
       6.75195		       2.11880
       6.97982		       1.13210
       7.06440		       0.12377
       7.00418		      -0.88552
       6.80063		      -1.87509
       6.45813		      -2.82471
       5.98392		      -3.71499
       5.38791		      -4.52780
       4.68250		      -5.24662
       3.88231		      -5.85686
       3.00388		      -6.34621
       2.06531		      -6.70483
       1.08592		      -6.92559
       0.08583		      -7.00418
      -0.91444		      -6.93922
      -1.89443		      -6.73225
      -2.83407		      -6.38774
      -3.71421		      -5.91297
      -4.51691		      -5.31786
      -5.22585		      -4.61478
      -5.82666		      -3.81830
      -6.30721		      -2.94488
      -6.65784		      -2.01253
      -6.87159		      -1.04043
      -6.94428		      -0.04854
      -6.87466		       0.94278
      -6.66436		       1.91324
      -6.31792		       2.84299
      -5.84264		       3.71307
      -5.24847		       4.50574
      -4.54775		       5.20491
      -3.75500		       5.79638
      -2.88659		       6.26823
      -1.96044		       6.61098
      -0.99560		       6.81781
      -0.01189		       6.88470
       0.97053		       6.81050
       1.93153		       6.59696
       2.85147		       6.24865
       3.71157		       5.77293
       4.49431		       5.17973
       5.18379		       4.48140
       5.76604		       3.69239
       6.22929		       2.82901
       6.56425		       1.90905
       6.76427		       0.95144
       6.82545		      -0.02415
       6.74676		      -0.99771
       6.53004		      -1.94931
       6.17993		      -2.85951
       5.70382		      -3.70971
       5.11165		      -4.48262
       4.41574		      -5.16252
       3.63049		      -5.73563
       2.77213		      -6.19038
       1.85835		      -6.51766
       0.90795		      -6.71095
      -0.05956		      -6.76652
      -1.02432		      -6.68343
      -1.96660		      -6.46360
      -2.86712		      -6.11176
      -3.70752		      -5.63532
      -4.47067		      -5.04422
      -5.14108		      -4.35075
      -5.70516		      -3.56928
      -6.15151		      -2.71594
      -6.47120		      -1.80833
      -6.65787		      -0.86510
      -6.70791		       0.09435
      -6.62050		       1.05037
      -6.39765		       1.98338
      -6.04414		       2.87431
      -5.56742		       3.70498
      -4.97743		       4.45848
      -4.28644		       5.11949
      -3.50875		       5.67463
      -2.66044		       6.11269
      -1.75898		       6.42488
      -0.82291		       6.60502
       0.12855		       6.64962
       1.07587		       6.55797
       1.99968		       6.33218
       2.88109		       5.97707
       3.70211		       5.50011
       4.44604		       4.91128
       5.09775		       4.22279
       5.64405		       3.44891
       6.07390		       2.60562
       6.37871		       1.71029
       6.55241		       0.78135
       6.59165		      -0.16214
       6.49586		      -1.10083
       6.26718		      -2.01550
       5.91053		      -2.88746
       5.43340		      -3.69892
       4.84576		      -4.43336
       4.15980		      -5.07586
       3.38974		      -5.61342
       2.55147		      -6.03517
       1.66227		      -6.33267
       0.74042		      -6.50003
      -0.19514		      -6.53402
      -1.12524		      -6.43414
      -2.03084		      -6.20267
      -2.89342		      -5.84454
      -3.69540		      -5.36729
      -4.42045		      -4.78087
      -5.05384		      -4.09748
      -5.58274		      -3.33124
      -5.99649		      -2.49799
      -6.28679		      -1.61490
      -6.44789		      -0.70012
      -6.47670		       0.22756
      -6.37284		       1.14912
      -6.13863		       2.04571
      -5.77908		       2.89899
      -5.30176		       3.69157
      -4.71661		       4.40732
      -4.03580		       5.03168
      -3.27341		       5.55202
      -2.44518		       5.95786
      -1.56818		       6.24105
      -0.66044		       6.39599
       0.25940		       6.41971
       1.17248		       6.31193
       2.06012		       6.07506
       2.90417		       5.71416
       3.68744		       5.23682
       4.39396		       4.65298
       5.00939		       3.97477
       5.52127		       3.21623
       5.91929		       2.39302
       6.19546		       1.52210
       6.34433		       0.62137
       6.36305		      -0.29066
       6.25143		      -1.19532
       6.01197		      -2.07407
       5.64978		      -2.90897
       5.17245		      -3.68299
       4.58996		      -4.38038
       3.91438		      -4.98697
       3.15971		      -5.49048
       2.34151		      -5.88077
       1.47665		      -6.15002
       0.58291		      -6.29291
      -0.32137		      -6.30671
      -1.21764		      -6.19133
      -2.08757		      -5.94935
      -2.91339		      -5.58592
      -3.67825		      -5.10867
      -4.36659		      -4.52755
      -4.96443		      -3.85463
      -5.45967		      -3.10383
      -5.84232		      -2.29065
      -6.10474		      -1.43183
      -6.24173		      -0.54505
      -6.25069		       0.35151
      -6.13163		       1.23946
      -5.88720		       2.10063
      -5.52259		       2.91744
      -5.04546		       3.67322
      -4.46575		       4.35260
      -3.79551		       4.94177
      -3.04860		       5.42882
      -2.24042		       5.80394
      -1.38764		       6.05962
      -0.50778		       6.19080
       0.38110		       6.19500
       1.26078		       6.07233
       2.11326		       5.82551
       2.92112		       5.45978
       3.66790		       4.98282
       4.33840		       4.40456
       4.91900		       3.73702
       5.39796		       2.99400
       5.76563		       2.19083
       6.01465		       1.34406
       6.14011		       0.47110
       6.13964		      -0.41014
       6.01344		      -1.28160
       5.76429		      -2.12545
       5.39749		      -2.92445
       4.92074		      -3.66230
       4.34397		      -4.32401
       3.67915		      -4.89612
       2.94003		      -5.36708
       2.14187		      -5.72738
       1.30109		      -5.96984
       0.43500		      -6.08966
      -0.43865		      -6.08460
      -1.30194		      -5.95494
      -2.13722		      -5.70353
      -2.92742		      -5.33573
      -3.65643		      -4.85924
      -4.30942		      -4.28398
      -4.87314		      -3.62190
      -5.33618		      -2.88669
      -5.68921		      -2.09353
      -5.92519		      -1.25873
      -6.03947		      -0.39947
      -6.02988		       0.46662
      -5.89684		       1.32180
      -5.64324		       2.14857
      -5.27448		       2.93004
      -4.79829		       3.65028
      -4.22458		       4.29465
      -3.56527		       4.85005
      -2.83398		       5.30526
      -2.04580		       5.65112
      -1.21696		       5.88071
      -0.36451		       5.98952
       0.49407		       5.97550
       1.34119		       5.83913
       2.15951		       5.58341
       2.93232		       5.21374
       3.64387		       4.73790
       4.27969		       4.16577
       4.82687		       3.50924
       5.27434		       2.78187
       5.61311		       1.99868
       5.83640		       1.17579
       5.93981		       0.33011
       5.92143		      -0.52100
       5.78182		      -1.36010
       5.52403		      -2.17004
       5.15352		      -2.93426
       4.67806		      -3.63720
       4.10755		      -4.26456
       3.45381		      -4.80359
       2.73038		      -5.24342
       1.95217		      -5.57518
       1.13520		      -5.79225
       0.29627		      -5.89036
      -0.54741		      -5.86770
      -1.37856		      -5.72491
      -2.18017		      -5.46511
      -2.93588		      -5.09381
      -3.63028		      -4.61877
      -4.24925		      -4.04990
      -4.78023		      -3.39899
      -5.21249		      -2.67949
      -5.53733		      -1.90626
      -5.74826		      -1.09519
      -5.84115		      -0.26298
      -5.81428		       0.57331
      -5.66839		       1.39655
      -5.40665		       2.18990
      -5.03460		       2.93716
      -4.56003		       3.62310
      -3.99283		       4.23377
      -3.34476		       4.75678
      -2.62920		       5.18156
      -1.86093		       5.49957
      -1.05576		       5.70445
      -0.23023		       5.79220
       0.59872		       5.76120
       1.41410		       5.61226
       2.19925		       5.34864
       2.93813		       4.97589
       3.61568		       4.50184
       4.21813		       3.93634
       4.73325		       3.29112
       5.15064		       2.57951
       5.46190		       1.81620
       5.66081		       1.01690
       5.74350		       0.19802
       5.70843		      -0.62362
       5.55653		      -1.43121
       5.29108		      -2.20821
       4.91769		      -2.93878
       4.44418		      -3.60802
       3.88041		      -4.20233
       3.23806		      -4.70965
       2.53041		      -5.11972
       1.77205		      -5.42431
       0.97859		      -5.61735
       0.16634		      -5.69504
      -0.64804		      -5.65600
      -1.44787		      -5.50119
      -2.21680		      -5.23396
      -2.93913		      -4.85998
      -3.60013		      -4.38706
      -4.18637		      -3.82505
      -4.68597		      -3.18558
      -5.08882		      -2.48189
      -5.38683		      -1.72847
      -5.57406		      -0.94085
      -5.64684		      -0.13519
      -5.60388		       0.67197
      -5.44623		       1.46411
      -5.17730		       2.22501
      -4.80277		       2.93916
      -4.33048		       3.59201
      -3.77024		       4.17027
      -3.13368		       4.66222
      -2.43395		       5.05792
      -1.68547		       5.34943
      -0.90365		       5.53094
      -0.10456		       5.59890
       0.69543		       5.55209
       1.47991		       5.39167
       2.23286		       5.12108
       2.93890		       4.74605
       3.58366		       4.27442
       4.15401		       3.71600
       4.63840		       3.08235
       5.02705		       2.38658
       5.31214		       1.64303
       5.48800		       0.86700
       5.55120		       0.07444
       5.50063		      -0.71841
       5.33749		      -1.49530
       5.06531		      -2.24035
       4.68982		      -2.93835
       4.21889		      -3.57509
       3.66230		      -4.13761
       3.03159		      -4.61452
       2.33979		      -4.99619
       1.60116		      -5.27494
       0.83089		      -5.44524
       0.04483		      -5.50376
      -0.74092		      -5.44949
      -1.51027		      -5.28370
      -2.24748		      -5.00997
      -2.93751		      -4.63408
      -3.56630		      -4.16388
      -4.12107		      -3.60916
      -4.59059		      -2.98139
      -4.96535		      -2.29355
      -5.23785		      -1.55983
      -5.40266		      -0.79532
      -5.45658		      -0.01572
      -5.39867		       0.76298
      -5.23030		       1.52483
      -4.95508		       2.25426
      -4.57883		       2.93638
      -4.10940		       3.55730
      -3.55655		       4.10440
      -2.93175		       4.56659
      -2.24788		       4.93454
      -1.51906		       5.20086
      -0.76027		       5.36026
       0.01289		       5.40965
       0.78458		       5.34817
       1.53899		       5.17727
       2.26070		       4.90062
       2.93498		       4.52405
       3.54810		       4.05543
       4.08760		       3.50449
       4.54255		       2.88266
       4.90376		       2.20276
       5.16398		       1.47883
       5.31805		       0.72575
       5.36297		      -0.04101
       5.29800		      -0.80573
       5.12464		      -1.55274
       4.84660		      -2.26679
       4.46976		      -2.93330
       4.00197		      -3.53869
       3.45297		      -4.07067
       2.83411		      -4.51845
       2.15819		      -4.87300
       1.43914		      -5.12721
       0.69174		      -5.27602
      -0.06864		      -5.31655
      -0.82643		      -5.24815
      -1.56611		      -5.07238
      -2.27255		      -4.79302
      -2.93135		      -4.41594
      -3.52909		      -3.94902
      -4.05362		      -3.40197
      -4.49431		      -2.78611
      -4.84228		      -2.11417
      -5.09054		      -1.39998
      -5.23417		      -0.65825
      -5.27038		       0.09580
      -5.19862		       0.84670
      -5.02050		       1.57909
      -4.73986		       2.27799
      -4.36259		       2.92914
      -3.89658		       3.51929
      -3.35151		       4.03644
      -2.73866		       4.47013
      -2.07068		       4.81159
      -1.36136		       5.05399
      -0.62527		       5.19251
       0.12248		       5.22447
       0.86653		       5.14941
       1.59168		       4.96901
       2.28309		       4.68713
       2.92667		       4.30972
       3.50930		       3.84464
       4.01916		       3.30157
       4.44590		       2.69173
       4.78094		       2.02773
       5.01755		       1.32325
       5.15103		       0.59278
       5.17882		      -0.14868
       5.10052		      -0.88594
       4.91789		      -1.60390
       4.63484		      -2.28788
       4.25732		      -2.92394
       3.79321		      -3.49913
       3.25215		      -4.00176
       2.64534		      -4.42165
       1.98531		      -4.75033
       1.28567		      -4.98122
       0.56079		      -5.10974
      -0.17443		      -5.13343
      -0.90492		      -5.05195
      -1.61574		      -4.86715
      -2.29236		      -4.58296
      -2.92097		      -4.20538
      -3.48878		      -3.74226
      -3.98425		      -3.20324
      -4.39735		      -2.59947
      -4.71976		      -1.94342
      -4.94501		      -1.24860
      -5.06864		      -0.52930
      -5.08829		       0.19972
      -5.00370		       0.92349
      -4.81678		       1.62722
      -4.53151		       2.29652
      -4.15390		       2.91775
      -3.69181		       3.47825
      -3.15485		       3.96664
      -2.55413		       4.37303
      -1.90204		       4.68924
      -1.21203		       4.90892
      -0.49828		       5.02774
       0.22455		       5.04340
       0.94165		       4.95577
       1.63834		       4.76679
       2.30038		       4.48049
       2.91429		       4.10288
       3.46754		       3.64185
       3.94892		       3.10697
       4.34868		       2.50930
       4.65876		       1.86119
       4.87295		       1.17597
       4.98702		       0.46775
       4.99878		      -0.24893
       4.90816		      -0.95940
       4.71717		      -1.64910
       4.42988		      -2.30395
       4.05233		      -2.91059
       3.59238		      -3.45667
       3.05959		      -3.93111
       2.46499		      -4.32431
       1.82084		      -4.62834
       1.14041		      -4.83710
       0.43770		      -4.94649
      -0.27287		      -4.95441
      -0.97674		      -4.86086
      -1.65951		      -4.66792
      -2.30721		      -4.37969
      -2.90666		      -4.00222
      -3.44564		      -3.54339
      -3.91321		      -3.01272
      -4.29992		      -2.42118
      -4.59796		      -1.78100
      -4.80138		      -1.10534
      -4.90616		      -0.40811
      -4.91030		       0.29638
      -4.81388		       0.99369
      -4.61904		       1.66957
      -4.32991		       2.31019
      -3.95257		       2.90250
      -3.49488		       3.43444
      -2.96634		       3.89522
      -2.37788		       4.27550
      -1.74166		       4.56764
      -1.07076		       4.76578
      -0.37899		       4.86602
       0.31945		       4.86645
       1.01025		       4.76722
       1.67929		       4.57053
       2.31288		       4.28055
       2.89812		       3.90337
       3.42309		       3.44685
       3.87714		       2.92045
       4.25108		       2.33508
       4.53737		       1.70281
       4.73031		       1.03667
       4.82607		       0.35034
       4.82285		      -0.34209
       4.72088		      -1.02643
       4.52239		      -1.68867
       4.23160		      -2.31529
       3.85461		      -2.89352
       3.39928		      -3.41158
       2.87506		      -3.85897
       2.29278		      -4.22663
       1.66446		      -4.50717
       1.00305		      -4.69496
       0.32213		      -4.78632
      -0.36431		      -4.77951
      -1.04222		      -4.67485
      -1.69772		      -4.47461
      -2.31743		      -4.18306
      -2.88870		      -3.80630
      -3.39993		      -3.35219
      -3.84073		      -2.83015
      -4.20218		      -2.25097
      -4.47702		      -1.62660
      -4.65974		      -0.96991
      -4.74676		      -0.29438
      -4.73643		       0.38612
      -4.62913		       1.05764
      -4.42720		       1.70644
      -4.13492		       2.31929
      -3.75843		       2.88368
      -3.30557		       3.38813
      -2.78572		       3.82241
      -2.20965		       4.17772
      -1.58923		       4.44693
      -0.93723		       4.62466
      -0.26707		       4.70740
       0.40751		       4.69361
       1.07268		       4.58372
       1.71485		       4.38015
       2.32089		       4.08719
       2.87845		       3.71100
       3.37619		       3.25941
       3.80401		       2.74177
       4.15326		       2.16881
       4.41691		       1.55233
       4.58970		       0.90502
       4.66823		       0.24021
       4.65104		      -0.42849
       4.53863		      -1.08736
       4.33346		      -1.72293
       4.03987		      -2.32222
       3.66401		      -2.87301
       3.21371		      -3.36411
       2.69830		      -3.78554
       2.12845		      -4.12879
       1.51590		      -4.38696
       0.87328		      -4.55488
       0.21377		      -4.62926
      -0.44907		      -4.60873
      -1.10168		      -4.49386
      -1.73070		      -4.28713
      -2.32329		      -3.99294
      -2.86738		      -3.61745
      -3.35189		      -3.16846
      -3.76701		      -2.65530
      -4.10433		      -2.08856
      -4.35707		      -1.47995
      -4.52019		      -0.84198
      -4.59049		      -0.18777
      -4.56668		       0.46925
      -4.44939		       1.11564
      -4.24116		       1.73816
      -3.94642		       2.32411
      -3.57132		       2.86155
      -3.12367		       3.33955
      -2.61276		       3.74841
      -2.04915		       4.07987
      -1.44446		       4.32725
      -0.81114		       4.48564
      -0.16220		       4.55192
       0.48904		       4.52489
       1.12924		       4.40523
       1.74532		       4.19555
       2.32468		       3.90029
       2.85553		       3.52561
       3.32708		       3.07933
       3.72975		       2.57069
       4.05541		       2.01020
       4.29751		       1.40943
       4.45123		       0.78074
       4.51355		       0.13705
       4.48335		      -0.50844
       4.36138		      -1.14250
       4.15030		      -1.75217
       3.85455		      -2.32501
       3.48033		      -2.84933
       3.03544		      -3.31448
       2.52908		      -3.71103
       1.97172		      -4.03096
       1.37486		      -4.26784
       0.75079		      -4.41695
       0.11231		      -4.47538
      -0.52745		      -4.44207
      -1.15542		      -4.31784
      -1.75874		      -4.10539
      -2.32509		      -3.80921
      -2.84294		      -3.43548
      -3.30176		      -2.99199
      -3.69225		      -2.48792
      -4.00652		      -1.93370
      -4.23824		      -1.34074
      -4.38281		      -0.72127
      -4.43740		      -0.08799
      -4.40104		       0.54609
      -4.27461		       1.16800
      -4.06084		       1.76501
      -3.76425		       2.32494
      -3.39104		       2.83638
      -2.94898		       3.28893
      -2.44721		       3.67342
      -1.89613		       3.98209
      -1.30707		       4.20872
      -0.69218		       4.34881
      -0.06408		       4.39963
       0.56435		       4.36027
       1.18024		       4.23169
       1.77099		       4.01664
       2.32455		       3.71969
       2.82963		       3.34702
       3.27598		       2.90641
       3.65454		       2.40696
       3.95767		       1.85901
       4.17928		       1.27385
       4.31496		       0.66352
       4.36206		       0.04056
       4.31976		      -0.58224
       4.18907		      -1.19215
       3.97280		      -1.77669
       3.67551		      -2.32393
       3.30342		      -2.82272
       2.86427		      -3.26292
       2.36715		      -3.63562
       1.82234		      -3.93328
       1.24106		      -4.14992
       0.63529		      -4.28124
       0.01745		      -4.32469
      -0.59977		      -4.27950
      -1.20374		      -4.14675
      -1.78212		      -3.92929
      -2.32309		      -3.63171
      -2.81564		      -3.26023
      -3.24976		      -2.82256
      -3.61665		      -2.32778
      -3.90890		      -1.78611
      -4.12064		      -1.20871
      -4.24767		      -0.60747
      -4.28752		       0.00527
      -4.23950		       0.61694
      -4.10474		       1.21501
      -3.88614		       1.78727
      -3.58830		       2.32203
      -3.21744		       2.80839
      -2.78128		       3.23649
      -2.28885		       3.59763
      -1.75032		       3.88454
      -1.17680		       4.09145
      -0.58007		       4.21424
       0.02760		       4.25055
       0.63374		       4.19975
       1.22596		       4.06304
       1.79215		       3.84333
       2.32075		       3.54527
       2.80099		       3.17507
       3.22312		       2.74043
       3.57858		       2.25036
       3.86020		       1.71497
       4.06234		       1.14531
       4.18096		       0.55308
       4.21378		      -0.04954
       4.16026		      -0.65020
       4.02163		      -1.23660
       3.80086		      -1.79676
       3.50261		      -2.31925
       3.13309		      -2.79342
       2.70000		      -3.20965
       2.21229		      -3.55949
       1.68005		      -3.83589
       1.11424		      -4.03331
       0.52650		      -4.14782
      -0.07110		      -4.17722
      -0.66631		      -4.12103
      -1.24694		      -3.98053
      -1.80112		      -3.75874
      -2.31755		      -3.46033
      -2.78571		      -3.09152
      -3.19608		      -2.65999
      -3.54037		      -2.17466
      -3.81161		      -1.64556
      -4.00438		      -1.08359
      -4.11484		      -0.50032
      -4.14086		       0.09229
      -4.08204		       0.68207
      -3.93973		       1.25697
      -3.71696		       1.80522
      -3.41842		       2.31564
      -3.05035		       2.77784
      -2.62039		       3.18243
      -2.13745		       3.52121
      -1.61149		       3.78736
      -1.05336		       3.97553
      -0.47453		       4.08199
       0.11310		       4.10470
       0.69750		       4.04331
       1.26670		       3.89922
       1.80906		       3.67551
       2.31352		       3.37688
       2.76982		       3.00957
       3.16868		       2.58121
       3.50203		       2.10065
       3.76314		       1.57784
       3.94677		       1.02354
       4.04930		       0.44914
       4.06874		      -0.13355
       4.00484		      -0.71259
       3.85902		      -1.27613
       3.63440		      -1.81265
       3.33571		      -2.31121
       2.96919		      -2.76166
       2.54243		      -3.15485
       2.06428		      -3.48282
       1.54461		      -3.73895
       0.99412		      -3.91811
       0.42414		      -4.01675
      -0.15363		      -4.03299
      -0.72735		      -3.96661
      -1.28527		      -3.81911
      -1.81600		      -3.59363
      -2.30871		      -3.29491
      -2.75336		      -2.92919
      -3.14094		      -2.50406
      -3.46358		      -2.02832
      -3.71479		      -1.51179
      -3.88954		      -0.96511
      -3.98436		      -0.39952
      -3.99744		       0.17335
      -3.92864		       0.74178
      -3.77950		       1.29413
      -3.55319		       1.81911
      -3.25448		       2.30601
      -2.88959		       2.74493
      -2.46610		       3.12694
      -1.99277		       3.44433
      -1.47938		       3.69068
      -0.93650		       3.86106
      -0.37529		       3.95212
       0.19272		       3.96209
       0.75589		       3.89092
       1.30270		       3.74018
       1.82198		       3.51308
       2.30313		       3.21440
       2.73636		       2.85037
       3.11287		       2.42853
       3.42505		       1.95762
       3.66660		       1.44737
       3.83268		       0.90828
       3.92002		       0.35143
       3.92695		      -0.21174
       3.85345		      -0.76969
       3.70116		      -1.31100
       3.47331		      -1.82461
       3.17469		      -2.30006
       2.81153		      -2.72766
       2.39136		      -3.09872
       1.92288		      -3.40576
       1.41577		      -3.64256
       0.88045		      -3.80440
       0.32795		      -3.88808
      -0.23041		      -3.89201
      -0.78316		      -3.81623
      -1.31902		      -3.66243
      -1.82702		      -3.43386
      -2.29681		      -3.13533
      -2.71883		      -2.77307
      -3.08451		      -2.35459
      -3.38645		      -1.88854
      -3.61857		      -1.38456
      -3.77622		      -0.85301
      -3.85630		      -0.30483
      -3.85728		       0.24873
      -3.77927		       0.79633
      -3.62399		       1.32677
      -3.39474		       1.82920
      -3.09633		       2.29338
      -2.73499		       2.70987
      -2.31820		       3.07022
      -1.85460		       3.36712
      -1.35375		       3.59461
      -0.82596		       3.74813
      -0.28208		       3.82466
       0.26672		       3.82274
       0.80919		       3.74255
       1.33425		       3.58584
       1.83115		       3.35594
       2.28978		       3.05769
       2.70080		       2.69728
       3.05586		       2.28221
       3.34779		       1.82105
       3.57071		       1.32332
       3.72015		       0.79928
       3.79318		       0.25969
       3.78842		      -0.28437
       3.70608		      -0.82175
       3.54798		      -1.34146
       3.31747		      -1.83289
       3.01939		      -2.28601
       2.65995		      -2.69160
       2.24660		      -3.04144
       1.78789		      -3.32845
       1.29329		      -3.54685
       0.77298		      -3.69227
       0.23766		      -3.76185
      -0.30169		      -3.75429
      -0.83401		      -3.66986
      -1.34842		      -3.51041
      -1.83441		      -3.27933
      -2.28207		      -2.98145
      -2.68229		      -2.62298
      -3.02696		      -2.21137
      -3.30910		      -1.75512
      -3.52304		      -1.26364
      -3.66449		      -0.74705
      -3.73068		      -0.21598
      -3.72037		       0.31868
      -3.63389		       0.84598
      -3.47313		       1.35512
      -3.24150		       1.83572
      -2.94385		       2.27797
      -2.58639		       2.67287
      -2.17652		       3.01242
      -1.72272		       3.28975
      -1.23436		       3.49928
