      45.05465		      -3.73346
      39.36766		     -22.72291
      25.83797		     -37.28910
       7.32765		     -44.34705
     -12.20053		     -42.49504
     -28.60889		     -32.32980
     -38.54505		     -16.28109
     -40.20109		       1.98936
     -33.68855		      18.47093
     -20.94517		      29.74781
      -5.20737		      33.77087
       9.81008		      30.27362
      20.81613		      20.74155
      25.70276		       7.95868
      23.97940		      -4.74011
      16.78918		     -14.31331
       6.52146		     -18.73949
      -3.86319		     -17.45067
     -11.61252		     -11.37832
     -14.86532		      -2.62018
     -13.07014		       6.16831
      -7.04817		      12.48942
       1.29643		      14.63825
       9.52594		      12.10079
      15.32420		       5.62692
      17.08531		      -3.02167
      14.29031		     -11.56600
       7.58943		     -17.80722
      -1.41268		     -20.17002
     -10.59570		     -18.05915
     -17.86134		     -11.95268
     -21.62929		      -3.22799
     -21.17198		       6.21574
     -16.71936		      14.42860
      -9.32910		      19.85074
      -0.57707		      21.61850
       7.83698		      19.67629
      14.46304		      14.69029
      18.36572		       7.81121
      19.23223		       0.36571
      17.32223		      -6.43652
      13.30075		     -11.71044
       8.01956		     -14.98305
       2.31543		     -16.16501
      -3.12463		     -15.44370
      -7.81131		     -13.15107
     -11.42698		      -9.65687
     -13.76187		      -5.31801
     -14.65670		      -0.48699
     -13.98626		       4.44386
     -11.69641		       9.00094
      -7.88020		      12.62850
      -2.85756		      14.75024
       2.78479		      14.88901
       8.22831		      12.81397
      12.54445		       8.66685
      14.88525		       3.01687
      14.69728		      -3.19048
      11.89783		      -8.79642
       6.95531		     -12.67480
       0.83674		     -14.00276
      -5.17951		     -12.48409
      -9.78906		      -8.45870
     -11.97694		      -2.85812
     -11.28098		       2.99364
      -7.92942		       7.69176
      -2.80839		      10.09950
       2.74144		       9.64397
       7.25394		       6.47863
       9.51138		       1.46378
       8.86677		      -4.03698
       5.42844		      -8.49768
       0.05412		     -10.62377
      -5.84989		      -9.69773
     -10.67771		      -5.78539
     -13.03456		       0.25437
     -12.10477		       6.96376
      -7.88149		      12.63878
      -1.19669		      15.75382
       6.46005		      15.35146
      13.29143		      11.29860
      17.62575		       4.34280
      18.32644		      -4.04731
      15.07652		     -12.01982
       8.46735		     -17.77323
      -0.12995		     -19.98054
      -8.87874		     -18.10079
     -15.89983		     -12.50420
     -19.70089		      -4.38277
     -19.51025		       4.52891
     -15.43805		      12.35311
      -8.43129		      17.49178
      -0.03904		      18.97349
       7.95118		      16.64620
      13.91662		      11.17719
      16.74767		       3.86842
      16.06379		      -3.66151
      12.25447		      -9.84901
       6.34590		     -13.52290
      -0.26590		     -14.13276
      -6.14576		     -11.82359
     -10.13474		      -7.35050
     -11.57990		      -1.86471
     -10.43327		       3.37085
      -7.20868		       7.26649
      -2.81821		       9.12716
       1.66400		       8.76658
       5.25120		       6.49851
       7.24981		       3.01934
       7.38051		      -0.78114
       5.79673		      -4.03144
       3.00779		      -6.06379
      -0.26604		      -6.53599
      -3.26734		      -5.47074
      -5.36390		      -3.21406
      -6.16675		      -0.33144
      -5.58537		       2.52894
      -3.81673		       4.77381
      -1.27946		       5.97584
       1.48677		       5.94031
       3.93291		       4.72101
       5.60158		       2.58971
       6.20133		      -0.02913
       5.64557		      -2.64277
       4.05472		      -4.77804
       1.72550		      -6.05909
      -0.92481		      -6.26522
      -3.42963		      -5.36254
      -5.34967		      -3.50661
      -6.34469		      -1.01661
      -6.23062		       1.67604
      -5.01348		       4.09797
      -2.89366		       5.81384
      -0.23744		       6.50384
       2.48206		       6.02537
       4.76685		       4.44652
       6.18589		       2.04238
       6.45981		      -0.74833
       5.52113		      -3.40126
       3.53587		      -5.40586
       0.87904		      -6.36742
      -1.93386		      -6.09029
      -4.34752		      -4.62354
      -5.87972		      -2.25725
      -6.22273		       0.53231
      -5.31059		       3.17863
      -3.33625		       5.14250
      -0.71344		       6.02606
       2.00969		       5.65792
       4.26691		       4.13018
       5.59495		       1.77830
       5.73212		      -0.89201
       4.67280		      -3.31495
       2.66541		      -4.98704
       0.15496		      -5.57471
      -2.31685		      -4.98302
      -4.23067		      -3.37074
      -5.20122		      -1.10957
      -5.05656		       1.30237
      -3.86850		       3.35220
      -1.92840		       4.62363
       0.32407		       4.88308
       2.40196		       4.12263
       3.87812		       2.55171
       4.47447		       0.54178
       4.11446		      -1.46170
       2.92908		      -3.03902
       1.21730		      -3.88508
      -0.62773		      -3.86849
      -2.20871		      -3.04955
      -3.20981		      -1.65566
      -3.45939		      -0.02206
      -2.95767		       1.48701
      -1.86554		       2.55833
      -0.45957		       2.99362
       0.93497		       2.74445
       2.01705		       1.91277
       2.57274		       0.71918
       2.51536		      -0.55199
       1.89582		      -1.61751
       0.88315		      -2.25562
      -0.27876		      -2.34945
      -1.32732		      -1.90559
      -2.03792		      -1.04562
      -2.26913		       0.02589
      -1.98798		       1.06870
      -1.27136		       1.85888
      -0.28469		       2.23455
       0.75635		       2.12646
       1.63234		       1.56805
       2.16510		       0.68432
       2.25212		      -0.33736
       1.88422		      -1.28749
       1.14372		      -1.97731
       0.18451		      -2.27556
      -0.80120		      -2.13224
      -1.62219		      -1.58528
      -2.12560		      -0.74953
      -2.22501		       0.20867
      -1.91434		       1.10597
      -1.26531		       1.77792
      -0.41001		       2.10954
       0.48724		       2.05457
       1.26271		       1.64049
       1.78382		       0.95901
       1.97197		       0.14504
       1.81335		      -0.65119
       1.35688		      -1.29271
       0.70044		      -1.67972
      -0.03077		      -1.76444
      -0.70892		      -1.55505
      -1.22629		      -1.10897
      -1.51200		      -0.51791
      -1.54010		       0.11147
      -1.32887		       0.67719
      -0.93247		       1.09825
      -0.42755		       1.32497
       0.10177		       1.34256
       0.57784		       1.16850
       0.93993		       0.84511
       1.15027		       0.42975
       1.19547		      -0.01528
       1.08435		      -0.43152
       0.84329		      -0.77078
       0.51052		      -0.99890
       0.13041		      -1.09725
      -0.25168		      -1.06244
      -0.59357		      -0.90486
      -0.85966		      -0.64656
      -1.02356		      -0.31861
      -1.06997		       0.04202
      -0.99588		       0.39587
      -0.81075		       0.70482
      -0.53555		       0.93590
      -0.20061		       1.06473
       0.15772		       1.07811
       0.50111		       0.97536
       0.79350		       0.76810
       1.00493		       0.47863
       1.11451		       0.13701
       1.11198		      -0.22235
       0.99816		      -0.56437
       0.78405		      -0.85651
       0.48931		      -1.07140
       0.14020		      -1.18865
      -0.23258		      -1.19611
      -0.59610		      -1.09054
      -0.91750		      -0.87797
      -1.16635		      -0.57352
      -1.31709		      -0.20082
      -1.35150		       0.20946
      -1.26076		       0.62180
      -1.04684		       0.99877
      -0.72276		       1.30442
      -0.31177		       1.50762
       0.15463		       1.58483
       0.63933		       1.52192
       1.10231		       1.31501
       1.50307		       0.97044
       1.80252		       0.50457
       1.96450		      -0.05630
       1.95755		      -0.67543
       1.75769		      -1.30506
       1.35263		      -1.88623
       0.74749		      -2.35057
      -0.02897		      -2.62509
      -0.91929		      -2.64088
      -1.83570		      -2.34544
      -2.66440		      -1.71708
      -3.27704		      -0.77837
      -3.54929		       0.39506
      -3.38442		       1.67427
      -2.73757		       2.88784
      -1.63529		       3.84435
      -0.18455		       4.36408
       1.43320		       4.31461
       2.98435		       3.64300
       4.21991		       2.39681
       4.92058		       0.72719
       4.94138		      -1.12892
       4.24565		      -2.88622
       2.91977		      -4.26203
       1.16356		      -5.03048
      -0.74374		      -5.06835
      -2.49566		      -4.38145
      -3.81833		      -3.10463
      -4.52452		      -1.47411
      -4.54930		       0.22245
      -3.95861		       1.70695
      -2.92806		       2.76890
      -1.69698		       3.30621
      -0.50881		       3.33891
       0.44714		       2.99208
       1.07763		       2.45262
       1.39983		       1.91113
       1.52429		       1.50475
       1.61065		       1.27685
       1.80831		       1.16543
       2.19872		       1.02470
       2.75632		       0.67500
       3.34108		      -0.03182
       3.72702		      -1.14990
       3.66185		      -2.59827
       2.94315		      -4.15521
       1.49120		      -5.49347
      -0.60228		      -6.25064
      -3.06542		      -6.11925
      -5.48396		      -4.93452
      -7.38006		      -2.73639
      -8.31575		       0.21212
      -7.99723		       3.45868
      -6.35412		       6.44316
      -3.57301		       8.60999
      -0.07468		       9.52663
       3.56241		       8.98006
       6.71618		       7.02826
       8.84723		       3.99331
       9.60843		       0.39698
       8.91248		      -3.14684
       6.94226		      -6.05801
       4.10231		      -7.90502
       0.92420		      -8.48292
      -2.05076		      -7.83728
      -4.38301		      -6.23123
      -5.81440		      -4.06622
      -6.29885		      -1.77847
      -5.97980		       0.26175
      -5.12430		       1.82322
      -4.03396		       2.84235
      -2.95838		       3.40358
      -2.03446		       3.68059
      -1.26692		       3.85807
      -0.55294		       4.05812
       0.25880		       4.29322
       1.29406		       4.45930
       2.58742		       4.37043
       4.04557		       3.82429
       5.45175		       2.67864
       6.51093		       0.91550
       6.92403		      -1.32654
       6.47038		      -3.76279
       5.07543		      -6.01421
       2.84460		      -7.68749
       0.05329		      -8.46255
      -2.90447		      -8.16442
      -5.59529		      -6.80127
      -7.63282		      -4.55974
      -8.74923		      -1.76058
      -8.83495		       1.21155
      -7.93930		       3.98441
      -6.23637		       6.26021
      -3.96996		       7.84897
      -1.39629		       8.66887
       1.25785		       8.71969
       3.81079		       8.04406
       6.11517		       6.69439
       8.03030		       4.71999
       9.39466		       2.18060
      10.01596		      -0.81876
       9.69085		      -4.08642
       8.25558		      -7.31685
       5.65627		     -10.09638
       2.01721		     -11.95243
      -2.31859		     -12.44284
      -6.79859		     -11.26773
     -10.73006		      -8.37487
     -13.40295		      -4.02602
     -14.24272		       1.20237
     -12.95655		       6.49595
      -9.63334		      10.94861
      -4.76489		      13.74909
       0.82645		      14.36526
       6.14500		      12.67867
      10.23172		       9.03117
      12.37811		       4.16469
      12.29037		      -0.93751
      10.15942		      -5.27371
       6.61439		      -8.05742
       2.56652		      -8.90221
      -1.02042		      -7.90850
      -3.37567		      -5.62608
      -4.11880		      -2.89858
      -3.35477		      -0.62751
      -1.63777		       0.48280
       0.19057		       0.13070
       1.24888		      -1.48525
       0.88451		      -3.70814
      -1.11094		      -5.59866
      -4.40175		      -6.20289
      -8.15812		      -4.84242
     -11.25105		      -1.34763
     -12.54735		       3.83375
     -11.23054		       9.69064
      -7.06239		      14.86086
      -0.51125		      17.95532
       7.29524		      17.91518
      14.79119		      14.31080
      20.32012		       7.50184
      22.52710		      -1.38953
      20.69838		     -10.69418
      14.96173		     -18.55458
       6.29282		     -23.34227
      -3.67932		     -24.03371
     -13.02472		     -20.45173
     -19.93971		     -13.31222
     -23.14619		      -4.06298
     -22.16683		       5.44632
     -17.41061		      13.38286
     -10.05044		      18.33595
      -1.72664		      19.61124
       5.84764		      17.34551
      11.27971		      12.41970
      13.79282		       6.19896
      13.35502		       0.17135
      10.61668		      -4.41975
       6.68217		      -6.85646
       2.78267		      -7.07292
      -0.05968		      -5.60304
      -1.28738		      -3.37290
      -0.91917		      -1.40148
       0.50516		      -0.49511
       2.12370		      -1.01974
       3.03357		      -2.81019
       2.57293		      -5.23636
       0.52475		      -7.40214
      -2.81230		      -8.41716
      -6.70188		      -7.66300
     -10.17145		      -4.97984
     -12.27795		      -0.72344
     -12.36280		       4.31983
     -10.22658		       9.13267
      -6.17842		      12.72335
      -0.95152		      14.36734
       4.48643		      13.76989
       9.17154		      11.11012
      12.36343		       6.96216
      13.68842		       2.12379
      13.17347		      -2.59269
      11.17192		      -6.54561
       8.21381		      -9.37443
       4.83378		     -11.01170
       1.43299		     -11.60431
      -1.78367		     -11.38097
      -4.78078		     -10.51845
      -7.59359		      -9.05729
     -10.20002		      -6.89948
     -12.41742		      -3.89027
     -13.87080		       0.04436
     -14.05594		       4.75600
     -12.48786		       9.78570
      -8.89322		      14.37421
      -3.38473		      17.58644
       3.44646		      18.52937
      10.56584		      16.60896
      16.66880		      11.75217
      20.46147		       4.52186
      20.98242		      -3.92388
      17.87942		     -12.03628
      11.55936		     -18.20591
       3.15813		     -21.14105
      -5.67757		     -20.19713
     -13.15285		     -15.56606
     -17.74611		      -8.26603
     -18.58234		       0.07715
     -15.65804		       7.61081
      -9.85265		      12.70588
      -2.71513		      14.36195
       3.92589		      12.45944
       8.43119		       7.78775
       9.77766		       1.83627
       7.82846		      -3.60265
       3.37101		      -6.91724
      -2.09282		      -7.11955
      -6.75389		      -4.12826
      -8.99583		       1.18862
      -7.85578		       7.22900
      -3.32064		      12.07885
       3.62531		      14.03363
      11.22153		      12.08212
      17.37003		       6.22245
      20.18200		      -2.47874
      18.49123		     -12.10721
      12.19873		     -20.35232
       2.35461		     -25.07748
      -9.05056		     -24.86570
     -19.53796		     -19.40032
     -26.72598		      -9.58121
     -28.90381		       2.65656
     -25.44957		      14.77935
     -16.98877		      24.23992
      -5.25376		      29.06671
       7.31964		      28.31292
      18.15714		      22.25741
      25.13269		      12.31282
      27.03399		       0.66950
      23.79775		     -10.23077
      16.46559		     -18.25833
       6.88242		     -22.05832
      -2.77764		     -21.30503
     -10.53361		     -16.69653
     -15.03772		      -9.70583
     -15.83024		      -2.16461
     -13.35823		       4.20616
      -8.77020		       8.19798
      -3.55520		       9.35276
       0.86994		       7.98933
       3.51499		       5.02866
       4.02526		       1.67969
       2.70223		      -0.92004
       0.34642		      -2.00991
      -2.02053		      -1.38048
      -3.46913		       0.61969
      -3.42241		       3.23255
      -1.79603		       5.54083
       1.01071		       6.74263
       4.25824		       6.37208
       7.09354		       4.40898
       8.78998		       1.25626
       8.93193		      -2.39704
       7.49717		      -5.77826
       4.82379		      -8.23549
       1.48298		      -9.38546
      -1.89531		      -9.16840
      -4.78653		      -7.80487
      -6.87755		      -5.68010
      -8.08872		      -3.20178
      -8.51628		      -0.68177
      -8.32580		       1.72010
      -7.64213		       3.97622
      -6.48069		       6.10995
      -4.74813		       8.08988
      -2.31410		       9.74646
       0.87138		      10.75111
       4.66033		      10.67659
       8.63861		       9.12863
      12.14460		       5.91107
      14.38577		       1.17000
      14.63229		      -4.53786
      12.43787		     -10.28946
       7.82314		     -14.95812
       1.36016		     -17.46410
      -5.88079		     -17.05271
     -12.52481		     -13.52461
     -17.18887		      -7.34921
     -18.81160		       0.38135
     -16.93143		       8.15984
     -11.83617		      14.39138
      -4.53624		      17.76383
       3.44196		      17.56854
      10.39890		      13.88669
      14.85943		       7.58822
      15.92637		       0.13686
      13.49917		      -6.75516
       8.29927		     -11.53894
       1.69214		     -13.20440
      -4.65198		     -11.52402
      -9.17438		      -7.10154
     -10.81621		      -1.21189
      -9.27996		       4.52802
      -5.09729		       8.57430
       0.51445		       9.85137
       5.97030		       8.02642
       9.72917		       3.59330
      10.69329		      -2.25539
       8.49411		      -7.93484
       3.59191		     -11.87477
      -2.83535		     -12.92267
      -9.18500		     -10.64155
     -13.82969		      -5.42773
     -15.52340		       1.57963
     -13.71219		       8.77310
      -8.67368		      14.46560
      -1.45301		      17.29592
       6.38581		      16.55180
      13.12937		      12.33343
      17.31317		       5.52181
      18.05281		      -2.43565
      15.23110		      -9.86538
       9.50210		     -15.24900
       2.11843		     -17.55449
      -5.36967		     -16.44222
     -11.46727		     -12.30422
     -15.05498		      -6.13720
     -15.60512		       0.71113
     -13.25128		       6.85559
      -8.70652		      11.17102
      -3.06115		      13.00724
       2.48353		      12.28021
       6.87904		       9.43039
       9.43211		       5.27148
       9.90649		       0.77537
       8.51330		      -3.15061
       5.80596		      -5.84337
       2.51599		      -6.98604
      -0.62518		      -6.62053
      -3.03642		      -5.08141
      -4.38033		      -2.87856
      -4.58883		      -0.56339
      -3.82797		       1.38876
      -2.42148		       2.65756
      -0.75867		       3.10920
       0.79026		       2.78471
       1.93574		       1.85855
       2.50129		       0.58415
       2.42999		      -0.75923
       1.77291		      -1.90951
       0.66871		      -2.65239
      -0.67970		      -2.84208
      -2.02930		      -2.41604
      -3.12383		      -1.40582
      -3.72606		       0.05739
      -3.65608		       1.74752
      -2.83180		       3.36465
      -1.30314		       4.57612
       0.73180		       5.07587
       2.93906		       4.65327
       4.89519		       3.25611
       6.16442		       1.03007
       6.39367		      -1.68108
       5.40441		      -4.38228
       3.25767		      -6.51753
       0.27116		      -7.58762
      -3.02222		      -7.26965
      -5.97170		      -5.50885
      -7.94400		      -2.55674
      -8.46732		       1.05895
      -7.34969		       4.63163
      -4.74094		       7.42197
      -1.11939		       8.82137
       2.79820		       8.49446
       6.20615		       6.46564
       8.38601		       3.12654
       8.86893		      -0.84049
       7.54544		      -4.60759
       4.69554		      -7.38305
       0.93050		      -8.58749
      -2.94137		      -7.98373
      -6.09446		      -5.72928
      -7.86953		      -2.33929
      -7.91871		       1.43149
      -6.27865		       4.76011
      -3.35538		       6.93991
       0.17405		       7.53548
       3.51939		       6.47296
       5.95660		       4.04629
       6.98732		       0.84021
       6.44241		      -2.41012
       4.50767		      -4.98861
       1.66854		      -6.35713
      -1.41036		      -6.26818
      -4.04099		      -4.80732
      -5.66589		      -2.35915
      -5.97585		       0.49215
      -4.96627		       3.10204
      -2.92290		       4.91114
      -0.34377		       5.56420
       2.18161		       4.97743
       4.10645		       3.34215
       5.04383		       1.06784
       4.84194		      -1.31924
       3.60375		      -3.29671
       1.65025		      -4.45862
      -0.56088		      -4.59596
      -2.54089		      -3.73017
      -3.87549		      -2.09555
      -4.30823		      -0.07792
      -3.78567		       1.87456
      -2.45773		       3.34814
      -0.63617		       4.04721
       1.27731		       3.84922
       2.87715		       2.82144
       3.83593		       1.19904
       3.96674		      -0.66893
       3.25498		      -2.39312
       1.85533		      -3.62195
       0.05638		      -4.10912
      -1.77893		      -3.75853
      -3.28482		      -2.63941
      -4.16278		      -0.96986
      -4.23730		       0.92688
      -3.48772		       2.68498
      -2.05072		       3.96546
      -0.19367		       4.51992
       1.73621		       4.23688
       3.37728		       3.16247
       4.42145		       1.49163
       4.67222		      -0.46866
       4.08161		      -2.35731
       2.75907		      -3.82735
       0.95037		      -4.61169
      -1.00970		      -4.57346
      -2.76178		      -3.73126
      -3.99096		      -2.25409
      -4.48676		      -0.42689
      -4.18209		       1.40648
      -3.16322		       2.91129
      -1.64908		       3.82714
       0.05584		       4.01698
       1.62479		       3.48999
       2.77502		       2.39396
       3.32287		       0.97932
       3.21631		      -0.45704
       2.53863		      -1.63543
       1.48318		      -2.35085
       0.30563		      -2.51177
      -0.73507		      -2.15253
      -1.43352		      -1.41739
      -1.67997		      -0.52098
      -1.47868		       0.30508
      -0.93952		       0.86677
      -0.24548		       1.05093
       0.39521		       0.84765
       0.80083		       0.34748
       0.85970		      -0.28502
       0.55546		      -0.85445
      -0.03109		      -1.18375
      -0.74330		      -1.15786
      -1.38763		      -0.75174
      -1.78067		      -0.03677
      -1.79325		       0.83553
      -1.38165		       1.66812
      -0.59898		       2.26331
       0.41515		       2.46736
       1.46420		       2.20520
       2.33641		       1.49766
       2.84931		       0.45805
       2.88765		      -0.73071
       2.42680		      -1.85304
       1.53720		      -2.70356
       0.36977		      -3.12700
      -0.87425		      -3.04707
      -1.98222		      -2.47911
      -2.76985		      -1.52466
      -3.11388		      -0.35000
      -2.97187		       0.84653
      -2.38601		       1.87136
      -1.47116		       2.56977
      -0.39036		       2.85061
       0.67676		       2.69807
       1.56635		       2.16890
       2.15751		       1.37678
       2.38936		       0.46767
       2.26594		      -0.40853
       1.84871		      -1.12450
       1.23934		      -1.59526
       0.55674		      -1.78794
      -0.08656		      -1.72076
      -0.60410		      -1.45222
      -0.94744		      -1.06368
      -1.10901		      -0.63972
      -1.11579		      -0.25043
      -1.01649		       0.06045
      -0.86554		       0.27963
      -0.70822		       0.42030
      -0.57019		       0.51193
      -0.45398		       0.58694
      -0.34261		       0.66793
      -0.20910		       0.75911
      -0.02885		       0.84397
       0.20870		       0.88988
       0.49239		       0.85825
       0.78813		       0.71746
       1.04459		       0.45492
       1.20458		       0.08495
       1.21934		      -0.35008
       1.06202		      -0.78583
       0.73693		      -1.14821
       0.28184		      -1.36897
      -0.23737		      -1.40092
      -0.73866		      -1.22905
      -1.13994		      -0.87498
      -1.37533		      -0.39346
      -1.40813		       0.13812
      -1.23750		       0.63485
      -0.89759		       1.02063
      -0.44948		       1.24196
       0.03172		       1.27633
       0.47178		       1.13386
       0.81057		       0.85217
       1.01110		       0.48646
       1.06280		       0.09733
       0.97904		      -0.26063
       0.79030		      -0.54699
       0.53537		      -0.73916
       0.25280		      -0.83156
      -0.02509		      -0.83142
      -0.27494		      -0.75306
      -0.48179		      -0.61284
      -0.63633		      -0.42590
      -0.73172		      -0.20572
      -0.76138		       0.03441
      -0.71894		       0.27871
      -0.60035		       0.50698
      -0.40751		       0.69443
      -0.15184		       0.81409
       0.14345		       0.84153
       0.44406		       0.76081
       0.70828		       0.57004
       0.89356		       0.28479
       0.96453		      -0.06180
       0.90050		      -0.42277
       0.70097		      -0.74444
       0.38736		      -0.97541
       0.00070		      -1.07569
      -0.40450		      -1.02409
      -0.76893		      -0.82220
      -1.03798		      -0.49455
      -1.17034		      -0.08470
      -1.14406		       0.35146
      -0.95944		       0.75407
      -0.63845		       1.06781
      -0.22121		       1.24910
       0.23960		       1.27139
       0.68546		       1.12809
       1.05894		       0.83305
       1.31034		       0.41908
       1.40346		      -0.06548
       1.32030		      -0.56172
       1.06411		      -1.00656
       0.66048		      -1.34023
       0.15578		      -1.51423
      -0.38739		      -1.49887
      -0.89778		      -1.28907
      -1.30535		      -0.90701
      -1.55217		      -0.40067
      -1.60231		       0.16238
      -1.44863		       0.70509
      -1.11472		       1.15364
      -0.65103		       1.44999
      -0.12568		       1.56172
       0.38836		       1.48676
       0.82679		       1.25170
       1.14510		       0.90400
       1.32458		       0.50007
       1.37154		       0.09222
       1.31036		      -0.28197
       1.17223		      -0.60478
       0.98321		      -0.87671
       0.75535		      -1.10838
       0.48406		      -1.30870
       0.15301		      -1.47335
      -0.25444		      -1.57758
      -0.74046		      -1.57701
      -1.27956		      -1.41727
      -1.81186		      -1.05109
      -2.24656		      -0.45856
      -2.47667		       0.33524
      -2.40296		       1.25129
      -1.96185		       2.16079
      -1.15008		       2.90364
      -0.03899		       3.31890
       1.22726		       3.28094
       2.45121		       2.73298
       3.41698		       1.70915
       3.93369		       0.33832
       3.87775		      -1.17309
       3.22396		      -2.57718
       2.05715		      -3.63243
       0.56029		      -4.15308
      -1.01919		      -4.04835
      -2.41825		      -3.34240
      -3.41123		      -2.16944
      -3.85493		      -0.74496
      -3.71515		       0.68070
      -3.06852		       1.87546
      -2.07944		       2.67270
      -0.95801		       3.00139
       0.09030		       2.89236
       0.91068		       2.45967
       1.42914		       1.86282
       1.65967		       1.26013
       1.68729		       0.76601
       1.63232		       0.42347
       1.60641		       0.19936
       1.67286		       0.00312
       1.82288		      -0.27635
       1.97493		      -0.72635
       1.99789		      -1.37170
       1.75233		      -2.15322
       1.13842		      -2.93082
       0.13731		      -3.51168
      -1.16649		      -3.69737
      -2.58917		      -3.33806
      -3.87896		      -2.37970
      -4.76815		      -0.89117
      -5.03392		       0.93668
      -4.55290		       2.82147
      -3.33603		       4.44294
      -1.53459		       5.50783
       0.58457		       5.81079
       2.68933		       5.27742
       4.44637		       3.97953
       5.58462		       2.11973
       5.94390		      -0.01031
       5.49873		      -2.08756
       4.35362		      -3.81764
       2.71320		      -4.98399
       0.83590		      -5.47645
      -1.01668		      -5.29547
      -2.62297		      -4.53426
      -3.82892		      -3.34650
      -4.55625		      -1.90955
      -4.79388		      -0.39286
      -4.57873		       1.06178
      -3.97427		       2.34650
      -3.05416		       3.38248
      -1.89498		       4.11025
      -0.57808		       4.48166
       0.80342		       4.45884
       2.13882		       4.02172
       3.30090		       3.18153
       4.15742		       1.99474
       4.59214		       0.57020
       4.53061		      -0.93594
       3.96285		      -2.33960
       2.95503		      -3.45970
       1.64428		      -4.15363
       0.21576		      -4.34751
      -1.13379		      -4.05228
      -2.23693		      -3.35957
      -2.98972		      -2.41741
      -3.36912		      -1.39142
      -3.42791		      -0.42227
      -3.26796		       0.40795
      -2.99930		       1.08989
      -2.69757		       1.67639
      -2.37381		       2.24924
      -1.96760		       2.87301
      -1.36837		       3.55065
      -0.46063		       4.19643
       0.81889		       4.63810
       2.42982		       4.65225
       4.20042		       4.02676
       5.83661		       2.63518
       6.97143		       0.50208
       7.24707		      -2.16188
       6.41119		      -4.96997
       4.40249		      -7.41911
       1.40096		      -8.98981
      -2.17553		      -9.26534
      -5.73372		      -8.04148
      -8.61733		      -5.39776
     -10.24585		      -1.70862
     -10.24791		       2.41363
      -8.55609		       6.23522
      -5.43781		       9.05255
      -1.45107		      10.34449
       2.66766		       9.88896
       6.15942		       7.81455
       8.40640		       4.57309
       9.06463		       0.83797
       8.13332		      -2.64837
       5.94387		      -5.24152
       3.07111		      -6.53629
       0.18885		      -6.44766
      -2.09431		      -5.21234
      -3.37775		      -3.31124
      -3.55480		      -1.33383
      -2.82074		       0.18044
      -1.60229		       0.88239
      -0.42787		       0.69886
       0.22637		      -0.15791
       0.07376		      -1.25899
      -0.89894		      -2.08691
      -2.42349		      -2.18867
      -4.02029		      -1.31273
      -5.12853		       0.50703
      -5.26233		       2.94346
      -4.15161		       5.44745
      -1.83035		       7.38101
       1.35148		       8.17830
       4.79663		       7.49357
       7.79348		       5.29823
       9.68020		       1.90231
       9.99977		      -2.10543
       8.60795		      -5.98380
       5.70851		      -9.00083
       1.80859		     -10.59167
      -2.39327		     -10.47549
      -6.15801		      -8.70547
      -8.85890		      -5.64314
     -10.10125		      -1.86733
      -9.78334		       1.95730
      -8.08953		       5.21863
      -5.42294		       7.47017
      -2.29974		       8.49538
       0.76615		       8.31426
       3.35960		       7.13824
       5.22208		       5.29200
       6.26308		       3.12665
       6.53122		       0.94757
       6.16068		      -1.02727
       5.31348		      -2.67410
       4.13565		      -3.94174
       2.73816		      -4.81619
       1.20304		      -5.28811
      -0.39368		      -5.33666
      -1.95651		      -4.93515
      -3.35663		      -4.07481
      -4.43888		      -2.79528
      -5.05020		      -1.20725
      -5.08135		       0.50544
      -4.50754		       2.10980
      -3.41211		       3.37026
      -1.98196		       4.10539
      -0.47160		       4.23728
       0.85649		       3.81666
       1.79916		       3.01299
       2.26724		       2.06919
       2.30932		       1.23184
       2.09483		       0.67666
       1.85825		       0.45221
       1.81897		       0.46102
       2.10005		       0.48736
       2.67162		       0.26709
       3.33919		      -0.41835
       3.78563		      -1.65105
       3.65937		      -3.31749
       2.68740		      -5.10333
       0.78146		      -6.55015
      -1.89497		      -7.16479
      -4.92311		      -6.55581
      -7.69737		      -4.56116
      -9.55489		      -1.33042
      -9.93717		       2.66584
      -8.54354		       6.70947
      -5.43552		       9.97925
      -1.06036		      11.73525
       3.81813		      11.49889
       8.27070		       9.18314
      11.40300		       5.13736
      12.55846		       0.09123
      11.47415		      -4.99304
       8.35012		      -9.12781
       3.81303		     -11.51802
      -1.21955		     -11.73813
      -5.74306		      -9.82496
      -8.88985		      -6.26352
     -10.11949		      -1.86913
      -9.33014		       2.40542
      -6.86497		       5.69071
      -3.41385		       7.39588
       0.16409		       7.33139
       3.05174		       5.73145
       4.66680		       3.17316
       4.78914		       0.41539
       3.59330		      -1.80016
       1.58116		      -2.93496
      -0.56490		      -2.78064
      -2.16888		      -1.49678
      -2.73916		       0.44680
      -2.09308		       2.40574
      -0.39782		       3.73766
       1.88002		       3.97345
       4.10081		       2.94003
       5.61988		       0.80470
       5.95372		      -1.96751
       4.90271		      -4.73056
       2.60139		      -6.81669
      -0.51392		      -7.69788
      -3.80908		      -7.10992
      -6.60004		      -5.11080
      -8.30730		      -2.06243
      -8.58042		       1.45627
      -7.36534		       4.78061
      -4.90264		       7.30295
      -1.66235		       8.59373
       1.76501		       8.47546
       4.79286		       7.03769
       6.94972		       4.59598
       7.95477		       1.61013
       7.74619		      -1.41537
       6.46359		      -4.02514
       4.39565		      -5.88249
       1.91019		      -6.80514
      -0.61551		      -6.76694
      -2.85062		      -5.87355
      -4.54579		      -4.32370
      -5.54767		      -2.36805
      -5.79794		      -0.27342
      -5.32394		       1.70408
      -4.22696		       3.33848
      -2.67045		       4.44980
      -0.86711		       4.91930
       0.93867		       4.70503
       2.49630		       3.85454
       3.58281		       2.50888
       4.04135		       0.89184
       3.81617		      -0.71943
       2.97382		      -2.04097
       1.70134		      -2.83837
       0.27668		      -2.98052
      -0.98622		      -2.47617
      -1.80735		      -1.48115
      -2.00961		      -0.26998
      -1.56838		       0.82492
      -0.62652		       1.49419
       0.53268		       1.53319
       1.55155		       0.90281
       2.08890		      -0.24858
       1.91355		      -1.61138
       0.97600		      -2.78581
      -0.56271		      -3.38262
      -2.35568		      -3.12893
      -3.94583		      -1.95153
      -4.87626		      -0.01436
      -4.80880		       2.30272
      -3.62079		       4.48227
      -1.45367		       5.98792
       1.30145		       6.39556
       4.08123		       5.50460
       6.27404		       3.40060
       7.36182		       0.45152
       7.04583		      -2.76401
       5.32492		      -5.58127
       2.50624		      -7.39831
      -0.85586		      -7.81393
      -4.07949		      -6.72173
      -6.50576		      -4.33742
      -7.64501		      -1.15251
      -7.28445		       2.17484
      -5.53243		       4.96621
      -2.78936		       6.67203
       0.34658		       6.98905
       3.21610		       5.91951
       5.24522		       3.75999
       6.06745		       1.02448
       5.59474		      -1.67828
       4.02262		      -3.78341
       1.77153		      -4.89189
      -0.61942		      -4.84895
      -2.61935		      -3.76304
      -3.82314		      -1.96443
      -4.03324		       0.08359
      -3.28926		       1.89769
      -1.84211		       3.08428
      -0.08233		       3.42141
       1.55790		       2.89601
       2.70477		       1.69158
       3.12234		       0.13270
       2.75515		      -1.39764
       1.72752		      -2.54714
       0.30340		      -3.06959
      -1.18098		      -2.87101
      -2.39458		      -2.01931
      -3.08149		      -0.71873
      -3.10928		       0.74221
      -2.48793		       2.05560
      -1.35829		       2.95746
       0.04425		       3.27694
       1.44116		       2.96334
       2.56599		       2.08830
       3.21273		       0.82541
       3.26969		      -0.58655
       2.73447		      -1.88898
       1.70981		      -2.84895
       0.38237		      -3.29804
      -1.01077		      -3.15891
      -2.22256		      -2.45689
      -3.03728		      -1.31514
      -3.30692		       0.06546
      -2.97737		       1.43914
      -2.10009		       2.55640
      -0.82670		       3.20764
       0.61407		       3.26229
       1.95454		       2.69630
       2.93609		       1.60210
       3.35890		       0.17714
       3.12393		      -1.30856
       2.25812		      -2.56182
       0.91589		      -3.32380
      -0.64537		      -3.42458
      -2.11309		      -2.82280
      -3.18175		      -1.62068
      -3.61755		      -0.04930
      -3.31109		       1.57466
      -2.30579		       2.91299
      -0.79434		       3.67763
       0.91778		       3.69451
       2.47495		       2.94458
       3.54726		       1.57203
       3.90283		      -0.14347
       3.46011		      -1.84526
       2.30775		      -3.17650
       0.68683		      -3.85824
      -1.06114		      -3.75084
      -2.56907		      -2.88479
      -3.52502		      -1.45337
      -3.74049		       0.23119
      -3.19048		       1.80800
      -2.01645		       2.94820
      -0.49154		       3.42728
       1.04341		       3.17268
       2.25790		       2.27585
       2.90583		       0.96680
       2.87829		      -0.44247
       2.22356		      -1.63166
       1.13029		      -2.34579
      -0.12112		      -2.45131
      -1.22688		      -1.96245
      -1.93140		      -1.03233
      -2.08531		       0.08787
      -1.67688		       1.11144
      -0.83023		       1.78480
       0.22799		       1.94642
       1.22490		       1.56245
       1.90679		       0.73170
       2.09827		      -0.34036
       1.74177		      -1.39134
       0.90907		      -2.16356
      -0.21683		      -2.46293
      -1.38446		      -2.20211
      -2.33070		      -1.41885
      -2.83880		      -0.26624
      -2.78472		       1.02176
      -2.16232		       2.18118
      -1.08277		       2.97378
       0.25033		       3.23550
       1.58409		       2.90816
       2.66772		       2.04836
       3.30149		       0.81324
       3.37346		      -0.57292
       2.87742		      -1.86355
       1.90987		      -2.83656
       0.64766		      -3.33402
      -0.68788		      -3.28764
      -1.87292		      -2.72618
      -2.72078		      -1.76484
      -3.11236		      -0.57979
      -3.01231		       0.62637
      -2.46935		       1.66132
      -1.60173		       2.37523
      -0.57168		       2.68310
       0.44590		       2.57392
       1.29435		       2.10632
       1.86063		       1.39224
       2.09071		       0.57258
       1.99335		      -0.21025
       1.63213		      -0.83785
       1.10814		      -1.23470
       0.53712		      -1.37749
       0.02570		      -1.29371
      -0.34865		      -1.05036
      -0.55020		      -0.73559
      -0.58791		      -0.43736
      -0.50864		      -0.22353
      -0.38228		      -0.12761
      -0.28244		      -0.14303
      -0.26678		      -0.22713
      -0.36169		      -0.31364
      -0.55458		      -0.33104
      -0.79574		      -0.22253
      -1.00949		       0.03711
      -1.11228		       0.43153
      -1.03384		       0.90247
      -0.73653		       1.35947
      -0.22851		       1.69787
       0.43268		       1.82149
       1.14729		       1.66516
       1.79043		       1.21212
       2.23565		       0.50238
       2.38054		      -0.37034
       2.16896		      -1.27283
       1.60515		      -2.05539
       0.75670		      -2.57914
      -0.25478		      -2.74254
      -1.27354		      -2.50160
      -2.13677		      -1.87982
      -2.70344		      -0.96577
      -2.87972		       0.10147
      -2.63579		       1.15618
      -2.01119		       2.03486
      -1.10747		       2.60449
      -0.06979		       2.78499
       0.93898		       2.56183
       1.76672		       1.98645
       2.29772		       1.16496
       2.47088		       0.23739
       2.28719		      -0.64830
       1.80570		      -1.36235
       1.12901		      -1.81448
       0.38174		      -1.96669
      -0.31378		      -1.83534
      -0.85952		      -1.48282
      -1.19734		      -1.00091
      -1.31543		      -0.48977
      -1.24470		      -0.03700
      -1.04658		       0.29875
      -0.79522		       0.49638
      -0.55847		       0.57170
      -0.38184		       0.56808
      -0.27929		       0.54101
      -0.23264		       0.54040
      -0.19970		       0.59516
      -0.12897		       0.70380
       0.02288		       0.83365
       0.27517		       0.92900
       0.61328		       0.92635
       0.98753		       0.77320
       1.32158		       0.44560
       1.52902		      -0.04011
       1.53430		      -0.62483
       1.29332		      -1.21469
       0.80832		      -1.69859
       0.13323		      -1.97143
      -0.63257		      -1.95813
      -1.36141		      -1.63276
      -1.92197		      -1.02797
      -2.20634		      -0.23215
      -2.15327		       0.62562
      -1.76243		       1.40008
      -1.09607		       1.95831
      -0.26759		       2.20629
       0.58079		       2.10748
       1.30628		       1.68934
       1.79351		       1.03633
       1.97611		       0.27132
       1.84725		      -0.47052
       1.45719		      -1.06910
       0.89885		      -1.44200
       0.28530		      -1.55749
      -0.27525		      -1.43545
      -0.70111		      -1.13697
      -0.95055		      -0.74567
      -1.02450		      -0.34609
      -0.95881		      -0.00457
      -0.80898		       0.24288
      -0.63199		       0.39315
      -0.47029		       0.46938
      -0.34233		       0.50767
      -0.24146		       0.54162
      -0.14325		       0.58929
      -0.01822		       0.64648
       0.15399		       0.68815
       0.37362		       0.67726
       0.61635		       0.57852
       0.83704		       0.37245
       0.98067		       0.06577
       0.99760		      -0.30545
       0.85876		      -0.68104
       0.56643		      -0.98934
       0.15745		      -1.16405
      -0.30249		      -1.16082
      -0.73220		      -0.96918
      -1.05263		      -0.61668
      -1.20458		      -0.16383
      -1.16182		       0.30870
      -0.93646		       0.71766
      -0.57536		       0.99497
      -0.14867		       1.10145
       0.26638		       1.03314
       0.60230		       0.81927
       0.81446		       0.51258
       0.88765		       0.17528
       0.83490		      -0.13573
       0.68963		      -0.38033
       0.49380		      -0.54073
       0.28589		      -0.62019
       0.09198		      -0.63613
      -0.07765		      -0.61025
      -0.22599		      -0.55911
      -0.36225		      -0.48826
      -0.49299		      -0.39170
      -0.61471		      -0.25664
      -0.71077		      -0.07197
      -0.75381		       0.16273
      -0.71345		       0.43076
      -0.56684		       0.69707
      -0.30907		       0.91323
       0.04013		       1.02783
       0.43587		       0.99952
       0.81447		       0.80952
       1.10575		       0.46954
       1.24830		       0.02304
       1.20391		      -0.46127
       0.96753		      -0.90235
       0.57003		      -1.22312
       0.07292		      -1.36639
      -0.44369		      -1.30640
      -0.89698		      -1.05355
      -1.21743		      -0.65124
      -1.36123		      -0.16585
      -1.31634		       0.32715
      -1.10159		       0.75777
      -0.75945		       1.07312
      -0.34518		       1.24382
       0.08472		       1.26454
       0.48173		       1.14942
       0.81041		       0.92473
       1.04897		       0.62129
       1.18646		       0.26906
       1.21842		      -0.10503
       1.14346		      -0.47608
       0.96230		      -0.81843
       0.67973		      -1.10331
       0.30874		      -1.29868
      -0.12521		      -1.37254
      -0.58203		      -1.29934
      -1.00874		      -1.06809
      -1.34592		      -0.68936
      -1.53804		      -0.19887
      -1.54529		       0.34458
      -1.35393		       0.86709
      -0.98207		       1.29239
      -0.47872		       1.55650
       0.08414		       1.62082
       0.62509		       1.48007
       1.06912		       1.16296
       1.36197		       0.72526
       1.47932		       0.23688
       1.42845		      -0.23352
       1.24231		      -0.63247
       0.96772		      -0.93029
       0.65143		      -1.12240
       0.32813		      -1.22319
       0.01403		      -1.25481
      -0.29207		      -1.23459
      -0.60071		      -1.16550
      -0.91946		      -1.03310
      -1.24051		      -0.81050
      -1.53287		      -0.47032
      -1.74262		      -0.00027
      -1.80238		       0.58256
      -1.64845		       1.22384
      -1.24147		       1.83409
      -0.58485		       2.30196
       0.26476		       2.51656
       1.19916		       2.39403
       2.07351		       1.90173
       2.73252		       1.07352
       3.04218		       0.01127
       2.92007		      -1.12904
       2.35667		      -2.16455
       1.42213		      -2.92048
       0.25616		      -3.26519
      -0.95725		      -3.13719
      -2.02494		      -2.55795
      -2.78173		      -1.62732
      -3.12132		      -0.50282
      -3.01418		       0.63261
      -2.50876		       1.60660
      -1.71648		       2.28920
      -0.78470		       2.61350
       0.13541		       2.58117
       0.91851		       2.25280
       1.48543		       1.72668
       1.81044		       1.11205
       1.91506		       0.50407
       1.85154		      -0.03365
       1.68151		      -0.47515
       1.45611		      -0.82675
       1.20308		      -1.11304
       0.92375		      -1.35924
       0.59998		      -1.57561
       0.20818		      -1.74884
      -0.26427		      -1.84263
      -0.80572		      -1.80745
      -1.37402		      -1.59628
      -1.89971		      -1.18178
      -2.29782		      -0.56995
      -2.48559		       0.19371
      -2.40130		       1.02736
      -2.01976		       1.82478
      -1.36071		       2.47317
      -0.48828		       2.87288
       0.49805		       2.95461
       1.47851		       2.69089
       2.33098		       2.10000
       2.94796		       1.24252
       3.25009		       0.21214
       3.19458		      -0.87685
       2.77857		      -1.90304
       2.03821		      -2.75053
       1.04464		      -3.31991
      -0.10206		      -3.53762
      -1.28086		      -3.36370
      -2.35966		      -2.79822
      -3.20785		      -1.88533
      -3.71110		      -0.71387
      -3.78776		       0.58753
      -3.40425		       1.86203
      -2.58636		       2.94306
      -1.42292		       3.67820
      -0.05901		       3.95462
       1.32194		       3.72139
       2.52568		       3.00318
       3.37960		       1.90110
       3.76407		       0.57879
       3.63541		      -0.76464
       3.03507		      -1.93026
       2.08167		      -2.75616
       0.94711		      -3.14726
      -0.17874		      -3.09116
      -1.12667		      -2.65598
      -1.78137		      -1.97044
      -2.10098		      -1.19084
      -2.11854		      -0.46317
      -1.92489		       0.11033
      -1.63780		       0.49139
      -1.36543		       0.70765
      -1.17433		       0.83590
      -1.07069		       0.97117
      -1.00042		       1.19058
      -0.86844		       1.52196
      -0.57224		       1.92700
      -0.04053		       2.30427
       0.73400		       2.51272
       1.67773		       2.41019
       2.64108		       1.89723
       3.42586		       0.95439
       3.82932		      -0.33769
       3.69468		      -1.80223
       2.95544		      -3.19498
       1.66188		      -4.25227
      -0.01809		      -4.74770
      -1.82514		      -4.54420
      -3.45689		      -3.62883
      -4.62798		      -2.12177
      -5.12819		      -0.25660
      -4.86550		       1.66393
      -3.88448		       3.32684
      -2.35601		       4.46945
      -0.54127		       4.92810
       1.26143		       4.66491
       2.77465		       3.76764
       3.79194		       2.42416
       4.20971		       0.87881
       4.03541		      -0.61867
       3.37244		      -1.85971
       2.38748		      -2.70940
       1.26942		      -3.11942
       0.19013		      -3.12090
      -0.72419		      -2.80190
      -1.40631		      -2.27689
      -1.84521		      -1.65696
      -2.07074		      -1.02780
      -2.13223		      -0.43974
      -2.07764		       0.09012
      -1.93916		       0.56639
      -1.72817		       1.00005
      -1.43936		       1.39445
      -1.06114		       1.73724
      -0.58807		       1.99982
      -0.03069		       2.14392
       0.58000		       2.13210
       1.19459		       1.93893
       1.75257		       1.55905
       2.19226		       1.01042
       2.46038		       0.33249
       2.51906		      -0.41923
       2.34910		      -1.18003
       1.95041		      -1.88206
       1.34085		      -2.45869
       0.55554		      -2.84726
      -0.35265		      -2.99192
      -1.31188		      -2.84810
      -2.23095		      -2.38997
      -3.00275		      -1.62039
      -3.51345		      -0.58133
      -3.65842		       0.63916
      -3.36320		       1.90736
      -2.60558		       3.05496
      -1.43290		       3.90151
       0.03142		       4.28579
       1.59669		       4.10033
       3.03024		       3.32111
       4.09639		       2.02439
       4.60186		       0.38433
       4.43796		      -1.35081
       3.60917		      -2.90092
       2.24005		      -4.00711
       0.55690		      -4.48403
      -1.15360		      -4.25955
      -2.60056		      -3.39177
      -3.54780		      -2.05836
      -3.86192		      -0.51953
      -3.53812		       0.93743
      -2.69737		       2.05950
      -1.55516		       2.68081
      -0.36939		       2.75445
       0.62028		       2.35579
       1.24664		       1.65660
       1.44960		       0.87680
       1.28295		       0.22622
       0.89199		      -0.14883
       0.46817		      -0.20060
       0.19296		       0.01235
       0.18569		       0.34636
       0.46922		       0.61688
       0.96246		       0.65405
       1.50191		       0.35455
       1.88653		      -0.28407
       1.93437		      -1.15599
       1.53592		      -2.06908
       0.69016		      -2.79100
      -0.48653		      -3.10778
      -1.78132		      -2.88009
      -2.93110		      -2.08289
      -3.68261		      -0.81817
      -3.85183		       0.70260
      -3.36819		       2.20230
      -2.29306		       3.39771
      -0.80810		       4.06056
       0.82308		       4.06594
       2.31085		       3.41691
       3.39942		       2.24068
       3.91713		       0.75818
       3.80635		      -0.76476
       3.12734		      -2.07260
       2.03730		      -2.96907
       0.75108		      -3.34947
      -0.50614		      -3.21088
      -1.54272		      -2.64025
      -2.23207		      -1.78555
      -2.52616		      -0.81866
      -2.45083		       0.10077
      -2.08667		       0.85243
      -1.54254		       1.36897
      -0.92885		       1.63562
      -0.33724		       1.67890
       0.17037		       1.54956
       0.56276		       1.30550
       0.83326		       0.99905
       0.99030		       0.67063
       1.04858		       0.34845
       1.02374		       0.05187
       0.93092		      -0.20450
       0.78625		      -0.40860
       0.60886		      -0.55165
       0.42112		      -0.63099
       0.24588		      -0.65330
       0.10105		      -0.63549
      -0.00654		      -0.60181
      -0.08510		      -0.57687
      -0.15733		      -0.57637
      -0.25393		      -0.59863
      -0.40237		      -0.62055
      -0.61369		      -0.60058
      -0.87177		      -0.48950
      -1.12955		      -0.24688
      -1.31488		       0.14100
      -1.34629		       0.64742
      -1.15574		       1.20094
      -0.71257		       1.69386
      -0.04171		       2.00318
       0.77016		       2.02011
       1.58438		       1.68129
       2.23554		       0.99308
       2.56770		       0.04148
       2.47316		      -1.01690
       1.92419		      -1.98274
       0.98848		      -2.65555
      -0.17701		      -2.87976
      -1.35424		      -2.58403
      -2.30914		      -1.80360
      -2.84341		      -0.67887
      -2.84104		       0.57088
      -2.29770		       1.69358
      -1.32533		       2.46002
      -0.12959		       2.71602
       1.03516		       2.41852
       1.92309		       1.64625
       2.35307		       0.58214
       2.24999		      -0.52898
       1.66134		      -1.43740
       0.74474		      -1.94671
      -0.27066		      -1.95904
      -1.13954		      -1.49658
      -1.65914		      -0.69394
      -1.71709		       0.23624
      -1.31674		       1.05631
      -0.57411		       1.56176
       0.31260		       1.63064
       1.11300		       1.25189
       1.62168		       0.52631
       1.70828		      -0.35996
       1.34852		      -1.18233
       0.62873		      -1.73337
      -0.27663		      -1.87323
      -1.14847		      -1.56287
      -1.77671		      -0.87216
      -2.01063		       0.03837
      -1.79402		       0.95727
      -1.17689		       1.67328
      -0.30163		       2.02503
       0.63237		       1.93781
       1.41653		       1.43870
       1.88156		       0.64746
       1.93510		      -0.25398
       1.58010		      -1.06525
       0.91046		      -1.61385
       0.08585		      -1.79300
      -0.70725		      -1.58266
      -1.29876		      -1.04973
      -1.57212		      -0.32846
      -1.48723		       0.41316
      -1.08484		       1.01265
      -0.47249		       1.34857
       0.20337		       1.36447
       0.79200		       1.07687
       1.17133		       0.56651
       1.27209		      -0.04358
       1.08865		      -0.61755
       0.67525		      -1.03628
       0.12987		      -1.22084
      -0.42942		      -1.14530
      -0.89008		      -0.83742
      -1.16672		      -0.36829
      -1.21519		       0.16536
      -1.03685		       0.66189
      -0.67380		       1.03385
      -0.19726		       1.22200
       0.30768		       1.20250
       0.75749		       0.98704
       1.08318		       0.61728
       1.23914		       0.15552
       1.20736		      -0.32623
       0.99751		      -0.75684
       0.64361		      -1.07532
       0.19838		      -1.23790
      -0.27395		      -1.22298
      -0.70587		      -1.03348
      -1.03521		      -0.69677
      -1.21372		      -0.26169
      -1.21443		       0.20745
      -1.03689		       0.63960
      -0.70878		       0.96782
      -0.28306		       1.14055
       0.16975		       1.13153
       0.57330		       0.94588
       0.85950		       0.62074
       0.98203		       0.21939
       0.92653		      -0.18043
       0.71447		      -0.50217
       0.39962		      -0.68689
       0.05687		      -0.70657
      -0.23429		      -0.57120
      -0.40823		      -0.32715
      -0.42932		      -0.04694
      -0.30150		       0.18794
      -0.06873		       0.30735
       0.19462		       0.27099
       0.40160		       0.08063
       0.47473		      -0.21767
       0.36731		      -0.54239
       0.07832		      -0.79508
      -0.34305		      -0.88453
      -0.80522		      -0.75110
      -1.19316		      -0.38510
      -1.39474		       0.16570
      -1.32847		       0.80186
      -0.96609		       1.39107
      -0.34425		       1.79611
       0.43818		       1.90606
       1.23728		       1.66359
       1.89268		       1.08170
       2.26149		       0.24578
       2.25020		      -0.70047
       1.83714		      -1.58251
       1.08024		      -2.23032
       0.10784		      -2.51390
      -0.90582		      -2.37129
      -1.77541		      -1.82249
      -2.34216		      -0.96637
      -2.50610		       0.03920
      -2.24598		       1.00965
      -1.62250		       1.77132
      -0.76418		       2.19644
       0.16073		       2.22760
       0.98003		       1.88678
       1.55312		       1.26723
       1.79841		       0.51035
       1.70683		      -0.22683
       1.33895		      -0.80607
       0.80683		      -1.13641
       0.24530		      -1.19067
      -0.22025		      -1.00640
      -0.50224		      -0.67196
      -0.56872		      -0.30137
      -0.44699		      -0.00432
      -0.21266		       0.14125
       0.03280		       0.10764
       0.19018		      -0.07736
       0.18941		      -0.33946
       0.00849		      -0.57846
      -0.31989		      -0.69542
      -0.71571		      -0.61954
      -1.07097		      -0.32823
      -1.27649		       0.14456
      -1.24947		       0.71370
      -0.95549		       1.26082
      -0.41948		       1.66068
       0.27680		       1.80975
       1.01034		       1.65050
       1.64203		       1.18599
       2.04569		       0.48120
       2.13460		      -0.34882
       1.87978		      -1.16151
       1.31609		      -1.81492
       0.53530		      -2.19546
      -0.33226		      -2.23922
      -1.14318		      -1.94292
      -1.76802		      -1.36242
      -2.11440		      -0.59990
      -2.14157		       0.21720
      -1.86428		       0.96054
      -1.34580		       1.52359
      -0.68253		       1.83817
       0.01601		       1.88223
       0.64730		       1.67823
       1.13216		       1.28359
       1.42455		       0.77606
       1.51372		       0.23769
       1.41974		      -0.25922
       1.18417		      -0.66181
       0.85884		      -0.94070
       0.49529		      -1.08888
       0.13705		      -1.11676
      -0.18442		      -1.04532
      -0.45017		      -0.89957
      -0.65151		      -0.70349
      -0.78658		      -0.47743
      -0.85701		      -0.23768
      -0.86571		       0.00245
      -0.81612		       0.23107
      -0.71266		       0.43657
      -0.56174		       0.60742
      -0.37266		       0.73290
      -0.15772		       0.80445
       0.06845		       0.81699
       0.29037		       0.76963
       0.49319		       0.66561
       0.66388		       0.51140
       0.79158		       0.31560
       0.86726		       0.08808
       0.88296		      -0.16004
       0.83141		      -0.41566
       0.70655		      -0.66226
       0.50545		      -0.87881
       0.23135		      -1.03976
      -0.10283		      -1.11704
      -0.47180		      -1.08430
      -0.83732		      -0.92300
      -1.15089		      -0.62915
      -1.35995		      -0.21893
      -1.41713		       0.26875
      -1.29077		       0.77417
      -0.97455		       1.22388
      -0.49351		       1.54226
       0.09555		       1.66574
       0.71025		       1.55669
       1.25523		       1.21388
       1.63881		       0.67669
       1.79082		       0.02130
       1.67756		      -0.65090
       1.31045		      -1.23103
       0.74603		      -1.62309
       0.07679		      -1.76263
      -0.58569		      -1.62977
      -1.13198		      -1.25346
      -1.47582		      -0.70572
      -1.57049		      -0.08710
      -1.41690		       0.49375
      -1.06152		       0.94181
      -0.58484		       1.19389
      -0.08297		       1.22946
       0.35324		       1.07169
       0.65684		       0.77888
       0.79683		       0.42854
       0.78120		       0.09822
       0.65061		      -0.15229
       0.46467		      -0.29301
       0.28465		      -0.32751
       0.15714		      -0.28774
       0.10275		      -0.22175
       0.11275		      -0.17782
       0.15405		      -0.18938
       0.18105		      -0.26483
       0.15093		      -0.38485
       0.03799		      -0.50796
      -0.15681		      -0.58269
      -0.40380		      -0.56297
      -0.65077		      -0.42265
      -0.83570		      -0.16503
      -0.90281		       0.17516
      -0.81775		       0.53803
      -0.57783		       0.85162
      -0.21475		       1.04848
       0.21114		       1.08166
       0.62347		       0.93601
       0.94639		       0.63221
       1.12094		       0.22236
       1.11729		      -0.22131
       0.94010		      -0.62210
       0.62600		      -0.91460
       0.23419		      -1.05721
      -0.16713		      -1.03843
      -0.51511		      -0.87603
      -0.76378		      -0.61000
      -0.89040		      -0.29150
      -0.89567		       0.02891
      -0.79868		       0.31077
      -0.62858		       0.52887
      -0.41587		       0.67347
      -0.18590		       0.74625
       0.04398		       0.75437
       0.26323		       0.70471
       0.46406		       0.60079
       0.63670		       0.44307
       0.76608		       0.23263
       0.83189		      -0.02348
       0.81229		      -0.30742
       0.69078		      -0.58863
       0.46385		      -0.82617
       0.14706		      -0.97557
      -0.22303		      -0.99884
      -0.59247		      -0.87500
      -0.89887		      -0.60828
      -1.08402		      -0.23111
      -1.10724		       0.19939
      -0.95595		       0.61136
      -0.65050		       0.93242
      -0.24163		       1.10511
       0.19914		       1.09953
       0.59431		       0.92011
       0.87675		       0.60470
       1.00367		       0.21589
       0.96493		      -0.17308
       0.78348		      -0.49463
       0.50821		      -0.70105
       0.20095		      -0.77340
      -0.07877		      -0.72290
      -0.28729		      -0.58486
      -0.40531		      -0.40699
      -0.43935		      -0.23550
      -0.41605		      -0.10291
      -0.37141		      -0.02059
      -0.33807		       0.02175
      -0.33445		       0.05013
      -0.35880		       0.09553
      -0.38994		       0.18177
      -0.39429		       0.31558
      -0.33724		       0.48187
      -0.19550		       0.64569
       0.03309		       0.76048
       0.32527		       0.78054
       0.63503		       0.67423
       0.90266		       0.43445
       1.06809		       0.08338
       1.08517		      -0.32982
       0.93323		      -0.73799
       0.62314		      -1.06946
       0.19629		      -1.26282
      -0.28307		      -1.27952
      -0.74028		      -1.11145
      -1.10447		      -0.78190
      -1.32139		      -0.34025
      -1.36193		       0.14813
      -1.22528		       0.61417
      -0.93634		       0.99660
      -0.53895		       1.25060
      -0.08692		       1.35210
       0.36478		       1.29779
       0.76705		       1.10195
       1.08083		       0.79158
       1.27865		       0.40148
       1.34440		      -0.02956
       1.27258		      -0.46112
       1.06787		      -0.85267
       0.74555		      -1.16499
       0.33239		      -1.36256
      -0.13310		      -1.41733
      -0.60203		      -1.31357
      -1.01914		      -1.05283
      -1.32959		      -0.65728
      -1.48754		      -0.16992
      -1.46507		       0.34928
      -1.25905		       0.83147
      -0.89401		       1.20989
      -0.41972		       1.43176
       0.09649		       1.46816
       0.58146		       1.31965
       0.96945		       1.01604
       1.21385		       0.61008
       1.29481		       0.16651
       1.22081		      -0.25104
       1.02403		      -0.59213
       0.75085		      -0.82761
       0.44994		      -0.95211
       0.16121		      -0.98042
      -0.09155		      -0.93915
      -0.30260		      -0.85623
      -0.48036		      -0.75149
      -0.63940		      -0.63091
      -0.79058		      -0.48639
      -0.93282		      -0.30102
      -1.04906		      -0.05831
      -1.10802		       0.24746
      -1.07167		       0.60302
      -0.90660		       0.97282
      -0.59629		       1.30214
      -0.15078		       1.52661
       0.38918		       1.58593
       0.95526		       1.43888
       1.46171		       1.07562
       1.82087		       0.52433
       1.96054		      -0.15003
       1.83939		      -0.85479
       1.45709		      -1.48500
       0.85657		      -1.94194
       0.11800		      -2.15096
      -0.65438		      -2.07500
      -1.34985		      -1.72117
      -1.86971		      -1.13919
      -2.14314		      -0.41242
      -2.13755		       0.35661
      -1.86194		       1.06306
      -1.36313		       1.61590
      -0.71626		       1.95064
      -0.01159		       2.03659
       0.65961		       1.87835
       1.21785		       1.51182
       1.60500		       0.99607
       1.78959		       0.40305
       1.76781		      -0.19324
       1.56064		      -0.72627
       1.20810		      -1.14432
       0.76193		      -1.41480
       0.27771		      -1.52556
      -0.19229		      -1.48339
      -0.60491		      -1.31030
      -0.92970		      -1.03830
      -1.15030		      -0.70361
      -1.26339		      -0.34126
      -1.27576		       0.01908
      -1.20024		       0.35541
      -1.05132		       0.65339
      -0.84179		       0.90438
      -0.58107		       1.10212
      -0.27587		       1.23914
       0.06699		       1.30433
       0.43645		       1.28255
       0.81308		       1.15718
       1.16656		       0.91518
       1.45629		       0.55375
       1.63569		       0.08673
       1.66020		      -0.45120
       1.49740		      -1.00459
