      56.13838		      -5.83642
      53.91363		     -16.62245
      49.35697		     -26.67263
      42.69011		     -35.50156
      34.23941		     -42.68767
      24.41795		     -47.89538
      13.70288		     -50.89241
       2.60948		     -51.56113
      -8.33663		     -49.90340
     -18.62748		     -46.03876
     -27.79929		     -40.19606
     -35.45611		     -32.69920
     -41.28921		     -23.94779
     -45.09118		     -14.39407
     -46.76409		      -4.51746
     -46.32128		       5.20189
     -43.88298		      14.30866
     -39.66596		      22.39601
     -33.96821		      29.12556
     -27.14953		      34.24302
     -19.60939		      37.58848
     -11.76330		      39.10093
      -4.01931		      38.81712
       3.24412		      36.86487
       9.69762		      33.45140
      15.07662		      28.84779
      19.19267		      23.37034
      21.93974		      17.36034
      23.29537		      11.16330
      23.31691		       5.10905
      22.13315		      -0.50616
      19.93224		      -5.43470
      16.94665		      -9.48876
      13.43627		     -12.54743
       9.67087		     -14.55924
       5.91287		     -15.54041
       2.40156		     -15.56900
      -0.66034		     -14.77558
      -3.11706		     -13.33125
      -4.86669		     -11.43369
      -5.86422		      -9.29248
      -6.12089		      -7.11442
      -5.69991		      -5.08989
      -4.70914		      -3.38103
      -3.29123		      -2.11238
      -1.61211		      -1.36444
       0.15159		      -1.17044
       1.82507		      -1.51636
       3.24728		      -2.34401
       4.28145		      -3.55686
       4.82352		      -5.02814
       4.80827		      -6.61057
       4.21261		      -8.14708
       3.05618		      -9.48174
       1.39920		     -10.47034
      -0.66216		     -10.98984
      -3.00244		     -10.94636
      -5.47519		     -10.28101
      -7.92230		      -8.97363
     -10.18383		      -7.04403
     -12.10762		      -4.55085
     -13.55834		      -1.58826
     -14.42528		       1.71939
     -14.62870		       5.22441
     -14.12422		       8.76389
     -12.90528		      12.16839
     -11.00352		      15.27096
      -8.48712		      17.91574
      -5.45723		      19.96599
      -2.04288		      21.31091
       1.60551		      21.87120
       5.32359		      21.60283
       8.94101		      20.49925
      12.28967		      18.59160
      15.21163		      15.94732
      17.56655		      12.66700
      19.23815		       8.87983
      20.13959		       4.73771
      20.21743		       0.40853
      19.45410		      -3.93128
      17.86874		      -8.10445
      15.51645		     -11.94064
      12.48599		     -15.28382
       8.89595		     -17.99893
       4.88978		     -19.97778
       0.62953		     -21.14363
      -3.71100		     -21.45450
      -7.95378		     -20.90497
     -11.92427		     -19.52637
     -15.45894		     -17.38543
     -18.41247		     -14.58132
     -20.66414		     -11.24132
     -22.12315		      -7.51514
     -22.73274		      -3.56832
     -22.47276		       0.42524
     -21.36061		       4.29109
     -19.45054		       7.86212
     -16.83121		      10.98622
     -13.62166		      13.53324
      -9.96583		      15.40093
      -6.02591		      16.51968
      -1.97473		      16.85565
       2.01230		      16.41215
       5.76552		      15.22932
       9.12899		      13.38191
      11.96787		      10.97531
      14.17466		       8.14014
      15.67416		       5.02546
      16.42673		       1.79107
      16.42973		      -1.40069
      15.71701		      -4.39331
      14.35656		      -7.04411
      12.44631		      -9.23145
      10.10844		     -10.86081
       7.48239		     -11.86931
       4.71701		     -12.22855
       1.96232		     -11.94546
      -0.63868		     -11.06119
      -2.95777		      -9.64817
      -4.88824		      -7.80535
      -6.35035		      -5.65210
      -7.29509		      -3.32090
      -7.70617		      -0.94953
      -7.60001		       1.32711
      -7.02379		       3.38471
      -6.05174		       5.11666
      -4.77982		       6.43992
      -3.31919		       7.29936
      -1.78887		       7.67045
      -0.30802		       7.55991
       1.01169		       7.00457
       2.07311		       6.06828
       2.79962		       4.83727
       3.13980		       3.41413
       3.07043		       1.91091
       2.59765		       0.44164
       1.75628		      -0.88513
       0.60726		      -1.97333
      -0.76655		      -2.74559
      -2.26591		      -3.14811
      -3.78181		      -3.15403
      -5.20269		      -2.76503
      -6.42175		      -2.01110
      -7.34397		      -0.94847
      -7.89242		       0.34412
      -8.01333		       1.77060
      -7.67977		       3.22382
      -6.89364		       4.59255
      -5.68581		       5.76871
      -4.11449		       6.65444
      -2.26186		       7.16852
      -0.22930		       7.25180
       1.86873		       6.87123
       3.91145		       6.02235
       5.77908		       4.72999
       7.36000		       3.04719
       8.55751		       1.05242
       9.29568		      -1.15476
       9.52398		      -3.45932
       9.22045		      -5.73732
       8.39310		      -7.86298
       7.07972		      -9.71597
       5.34580		     -11.18834
       3.28093		     -12.19071
       0.99388		     -12.65751
      -1.39357		     -12.55081
      -3.75331		     -11.86252
      -5.95811		     -10.61508
      -7.88859		      -8.86025
      -9.43983		      -6.67645
     -10.52705		      -4.16450
     -11.09021		      -1.44229
     -11.09714		       1.36157
     -10.54517		       4.11455
      -9.46110		       6.68716
      -7.89960		       8.95972
      -5.94002		      10.82847
      -3.68206		      12.21081
      -1.24026		      13.04926
       1.26220		      13.31417
       3.70002		      13.00471
       5.95239		      12.14855
       7.90922		      10.79983
       9.47672		       9.03592
      10.58200		       6.95296
      11.17652		       4.66050
      11.23815		       2.27557
      10.77186		      -0.08353
       9.80889		      -2.30337
       8.40463		      -4.28110
       6.63526		      -5.92951
       4.59335		      -7.18108
       2.38273		      -7.99100
       0.11285		      -8.33878
      -2.10696		      -8.22865
      -4.17314		      -7.68851
      -5.99310		      -6.76782
      -7.48967		      -5.53424
      -8.60464		      -4.06945
      -9.30126		      -2.46438
      -9.56542		      -0.81397
      -9.40572		       0.78806
      -8.85223		       2.25426
      -7.95420		       3.50806
      -6.77677		       4.48760
      -5.39691		       5.14873
      -3.89884		       5.46689
      -2.36923		       5.43792
      -0.89229		       5.07770
       0.45477		       4.42068
       1.60578		       3.51743
       2.50903		       2.43132
       3.12964		       1.23460
       3.45105		       0.00402
       3.47539		      -1.18372
       3.22275		      -2.25633
       2.72948		      -3.15010
       2.04563		      -3.81339
       1.23154		      -4.20943
       0.35401		      -4.31819
      -0.51788		      -4.13728
      -1.31704		      -3.68184
      -1.98240		      -2.98337
      -2.46259		      -2.08767
      -2.71896		      -1.05197
      -2.72787		       0.05856
      -2.48201		       1.17476
      -1.99082		       2.22759
      -1.27983		       3.15222
      -0.38916		       3.89183
       0.62889		       4.40094
       1.71302		       4.64807
       2.79647		       4.61753
       3.81106		       4.31035
       4.69123		       3.74420
       5.37790		       2.95235
       5.82203		       1.98172
       5.98763		       0.89019
       5.85392		      -0.25676
       5.41675		      -1.38990
       4.68899		      -2.44019
       3.70000		      -3.34283
       2.49417		      -4.04106
       1.12852		      -4.48945
      -0.33031		      -4.65662
      -1.80972		      -4.52711
      -3.23508		      -4.10245
      -4.53389		      -3.40114
      -5.63977		      -2.45778
      -6.49612		      -1.32122
      -7.05933		      -0.05194
      -7.30121		       1.28127
      -7.21060		       2.60512
      -6.79406		       3.84586
      -6.07558		       4.93341
      -5.09530		       5.80533
      -3.90738		       6.41033
      -2.57704		       6.71125
      -1.17703		       6.68723
       0.21639		       6.33502
       1.52763		       5.66929
       2.68596		       4.72202
       3.62941		       3.54084
       4.30828		       2.18657
       4.68790		       0.72996
       4.75062		      -0.75212
       4.49688		      -2.18086
       3.94524		      -3.47985
       3.13142		      -4.57927
       2.10637		      -5.41984
       0.93351		      -5.95617
      -0.31482		      -6.15936
      -1.56137		      -6.01873
      -2.72837		      -5.54260
      -3.74190		      -4.75795
      -4.53624		      -3.70909
      -5.05763		      -2.45535
      -5.26757		      -1.06787
      -5.14516		       0.37424
      -4.68861		       1.78826
      -3.91557		       3.09250
      -2.86247		       4.21092
      -1.58273		       5.07743
      -0.14401		       5.63979
       1.37541		       5.86267
       2.89088		       5.72992
       4.31604		       5.24567
       5.56774		       4.43438
       6.57073		       3.33965
       7.26209		       2.02209
       7.59494		       0.55599
       7.54140		      -0.97467
       7.09444		      -2.48090
       6.26859		      -3.87369
       5.09950		      -5.06912
       3.64223		      -5.99317
       1.96847		      -6.58611
       0.16271		      -6.80610
      -1.68226		      -6.63175
      -3.47050		      -6.06367
      -5.10817		      -5.12467
      -6.50885		      -3.85871
      -7.59841		      -2.32866
      -8.31920		      -0.61291
      -8.63347		       1.19889
      -8.52546		       3.01090
      -8.00246		       4.72638
      -7.09439		       6.25323
      -5.85218		       7.50922
      -4.34483		       8.42665
      -2.65555		       8.95629
      -0.87689		       9.07016
       0.89448		       8.76312
       2.56338		       8.05315
       4.04159		       6.98024
       5.25284		       5.60398
       6.13715		       4.00009
       6.65417		       2.25588
       6.78532		       0.46515
       6.53457		      -1.27729
       5.92798		      -2.88120
       5.01179		      -4.26607
       3.84936		      -5.36569
       2.51714		      -6.13187
       1.09976		      -6.53689
      -0.31521		      -6.57485
      -1.64262		      -6.26150
      -2.80502		      -5.63287
      -3.73719		      -4.74259
      -4.39002		      -3.65815
      -4.73321		      -2.45646
      -4.75681		      -1.21873
      -4.47138		      -0.02533
      -3.90692		       1.04934
      -3.11052		       1.94143
      -2.14298		       2.60146
      -1.07458		       2.99716
       0.01969		       3.11516
       1.06505		       2.96136
       1.99189		       2.56008
       2.74015		       1.95201
       3.26312		       1.19108
       3.53019		       0.34058
       3.52859		      -0.53135
       3.26382		      -1.35636
       2.75894		      -2.07056
       2.05265		      -2.61874
       1.19645		      -2.95796
       0.25090		      -3.06019
      -0.71854		      -2.91399
      -1.64600		      -2.52498
      -2.46953		      -1.91515
      -3.13514		      -1.12115
      -3.60016		      -0.19156
      -3.83584		       0.81654
      -3.82884		       1.84148
      -3.58175		       2.82116
      -3.11247		       3.69708
      -2.45263		       4.41809
      -1.64507		       4.94347
      -0.74072		       5.24531
       0.20503		       5.30982
       1.13607		       5.13784
       1.99926		       4.74416
       2.74780		       4.15605
       3.34396		       3.41098
       3.76114		       2.55373
       3.98505		       1.63314
       4.01399		       0.69872
       3.85822		      -0.20258
       3.53857		      -1.02928
       3.08432		      -1.74774
       2.53066		      -2.33382
       1.91579		      -2.77378
       1.27806		      -3.06434
       0.65320		      -3.21202
       0.07197		      -3.23170
      -0.44171		      -3.14473
      -0.87188		      -2.97660
      -1.21111		      -2.75448
      -1.46018		      -2.50475
      -1.62720		      -2.25082
      -1.72618		      -2.01127
      -1.77510		      -1.79863
      -1.79379		      -1.61864
      -1.80181		      -1.47029
      -1.81630		      -1.34639
      -1.85033		      -1.23478
      -1.91156		      -1.11986
      -2.00147		      -0.98456
      -2.11521		      -0.81229
      -2.24208		      -0.58889
      -2.36643		      -0.30437
      -2.46921		       0.04577
      -2.52969		       0.45970
      -2.52741		       0.92893
      -2.44417		       1.43863
      -2.26578		       1.96847
      -1.98359		       2.49393
      -1.59550		       2.98800
      -1.10648		       3.42312
      -0.52859		       3.77313
       0.11965		       4.01526
       0.81436		       4.13169
       1.52777		       4.11092
       2.23001		       3.94854
       2.89109		       3.64755
       3.48273		       3.21807
       3.98016		       2.67658
       4.36355		       2.04476
       4.61902		       1.34790
       4.73920		       0.61322
       4.72328		      -0.13191
       4.57655		      -0.86163
       4.30951		      -1.55302
       3.93669		      -2.18714
       3.47518		      -2.74973
       2.94316		      -3.23135
       2.35847		      -3.62714
       1.73739		      -3.93608
       1.09372		      -4.16008
       0.43831		      -4.30269
      -0.22099		      -4.36789
      -0.87897		      -4.35891
      -1.53229		      -4.27725
      -2.17834		      -4.12208
      -2.81405		      -3.89002
      -3.43455		      -3.57544
      -4.03201		      -3.17122
      -4.59472		      -2.66987
      -5.10658		      -2.06512
      -5.54712		      -1.35350
      -5.89208		      -0.53620
      -6.11449		       0.37944
      -6.18646		       1.37859
      -6.08118		       2.43820
      -5.77541		       3.52679
      -5.25196		       4.60500
      -4.50212		       5.62690
      -3.52779		       6.54196
      -2.34304		       7.29769
      -0.97507		       7.84280
       0.53580		       8.13058
       2.13696		       8.12244
       3.76530		       7.79118
       5.34995		       7.12385
       6.81572		       6.12393
       8.08714		       4.81263
       9.09290		       3.22908
       9.77028		       1.42948
      10.06940		      -0.51494
       9.95692		      -2.52108
       9.41895		      -4.49795
       8.46288		      -6.35144
       7.11808		      -7.98954
       5.43519		      -9.32757
       3.48420		     -10.29332
       1.35119		     -10.83152
      -0.86596		     -10.90756
      -3.06269		     -10.50998
      -5.13348		      -9.65170
      -6.97769		      -8.36986
      -8.50530		      -6.72407
      -9.64210		      -4.79349
     -10.33398		      -2.67254
     -10.55011		      -0.46570
     -10.28475		       1.71829
      -9.55759		       3.77256
      -8.41257		       5.59818
      -6.91519		       7.10966
      -5.14867		       8.23972
      -3.20893		       8.94290
      -1.19892		       9.19785
       0.77741		       9.00811
       2.62118		       8.40139
       4.24416		       7.42741
       5.57369		       6.15440
       6.55647		       4.66451
       7.16112		       3.04855
       7.37930		       1.40024
       7.22536		      -0.18960
       6.73455		      -1.63841
       5.95998		      -2.87663
       4.96854		      -3.85153
       3.83603		      -4.52969
       2.64193		      -4.89826
       1.46403		      -4.96478
       0.37346		      -4.75566
      -0.56975		      -4.31348
      -1.32009		      -3.69327
      -1.84899		      -2.95813
      -2.14590		      -2.17440
      -2.21811		      -1.40685
      -2.08935		      -0.71410
      -1.79725		      -0.14468
      -1.38988		       0.26607
      -0.92176		       0.49806
      -0.44937		       0.54731
      -0.02682		       0.42566
       0.29833		       0.15932
       0.48854		      -0.21362
       0.51902		      -0.64648
       0.37945		      -1.08781
       0.07456		      -1.48549
      -0.37635		      -1.79088
      -0.94099		      -1.96250
      -1.57656		      -1.96932
      -2.23299		      -1.79306
      -2.85662		      -1.42972
      -3.39421		      -0.88992
      -3.79675		      -0.19832
      -4.02306		       0.60805
      -4.04278		       1.48226
      -3.83857		       2.37060
      -3.40746		       3.21624
      -2.76116		       3.96297
      -1.92544		       4.55894
      -0.93857		       4.96007
       0.15109		       5.13293
       1.28802		       5.05687
       2.41300		       4.72534
       3.46670		       4.14629
       4.39321		       3.34169
       5.14329		       2.34611
       5.67722		       1.20466
       5.96689		      -0.02973
       5.99721		      -1.29942
       5.76670		      -2.54531
       5.28726		      -3.71016
       4.58312		      -4.74160
       3.68918		      -5.59480
       2.64880		      -6.23459
       1.51113		      -6.63694
       0.32839		      -6.78972
      -0.84706		      -6.69279
      -1.96531		      -6.35740
      -2.98136		      -5.80503
      -3.85704		      -5.06570
      -4.56249		      -4.17599
      -5.07704		      -3.17684
      -5.38958		      -2.11126
      -5.49833		      -1.02215
      -5.41021		       0.04966
      -5.13974		       1.06713
      -4.70771		       1.99829
      -4.13962		       2.81720
      -3.46410		       3.50444
      -2.71133		       4.04724
      -1.91155		       4.43920
      -1.09383		       4.67985
      -0.28503		       4.77384
       0.49100		       4.73011
       1.21392		       4.56095
       1.86713		       4.28104
       2.43786		       3.90658
       2.91699		       3.45453
       3.29883		       2.94194
       3.58074		       2.38543
       3.76271		       1.80082
       3.84705		       1.20287
       3.83792		       0.60511
       3.74107		       0.01975
       3.56350		      -0.54236
       3.31322		      -1.07173
       2.99906		      -1.56025
       2.63047		      -2.00120
       2.21731		      -2.38925
       1.76967		      -2.72046
       1.29768		      -2.99231
       0.81126		      -3.20362
       0.31993		      -3.35455
      -0.16747		      -3.44646
      -0.64297		      -3.48176
      -1.09967		      -3.46364
      -1.53182		      -3.39590
      -1.93492		      -3.28255
      -2.30567		      -3.12757
      -2.64180		      -2.93456
      -2.94189		      -2.70654
      -3.20503		      -2.44574
      -3.43045		      -2.15354
      -3.61715		      -1.83056
      -3.76350		      -1.47677
      -3.86693		      -1.09190
      -3.92367		      -0.67580
      -3.92867		      -0.22901
      -3.87568		       0.24669
      -3.75749		       0.74767
      -3.56638		       1.26800
      -3.29471		       1.79899
      -2.93574		       2.32896
      -2.48442		       2.84328
      -1.93838		       3.32454
      -1.29873		       3.75307
      -0.57090		       4.10773
       0.23483		       4.36689
       1.10292		       4.50963
       2.01255		       4.51710
       2.93793		       4.37388
       3.84897		       4.06935
       4.71225		       3.59893
       5.49245		       2.96498
       6.15388		       2.17758
       6.66235		       1.25472
       6.98702		       0.22221
       7.10231		      -0.88701
       6.98961		      -2.03389
       6.63878		      -3.17481
       6.04923		      -4.26345
       5.23067		      -5.25296
       4.20318		      -6.09820
       2.99687		      -6.75814
       1.65093		      -7.19810
       0.21211		      -7.39169
      -1.26715		      -7.32254
      -2.73109		      -6.98542
      -4.12315		      -6.38688
      -5.38867		      -5.54527
      -6.47751		      -4.49018
      -7.34651		      -3.26120
      -7.96167		      -1.90621
      -8.29981		      -0.47918
      -8.34975		       0.96238
      -8.11286		       2.36013
      -7.60294		       3.65775
      -6.84553		       4.80360
      -5.87652		       5.75319
      -4.74031		       6.47123
      -3.48755		       6.93324
      -2.17252		       7.12654
      -0.85046		       7.05061
       0.42516		       6.71685
       1.60521		       6.14768
       2.64714		       5.37516
       3.51682		       4.43900
       4.18991		       3.38444
       4.65261		       2.25969
       4.90183		       1.11345
       4.94479		      -0.00755
       4.79808		      -1.06081
       4.48617		      -2.00997
       4.03969		      -2.82630
       3.49328		      -3.48972
       2.88350		      -3.98922
       2.24658		      -4.32281
       1.61641		      -4.49694
       1.02274		      -4.52541
       0.48976		      -4.42801
       0.03507		      -4.22879
      -0.33090		      -3.95421
      -0.60494		      -3.63130
      -0.79067		      -3.28582
      -0.89773		      -2.94065
      -0.94066		      -2.61452
      -0.93740		      -2.32097
      -0.90779		      -2.06784
      -0.87185		      -1.85714
      -0.84827		      -1.68526
      -0.85289		      -1.54374
      -0.89760		      -1.42017
      -0.98938		      -1.29950
      -1.12986		      -1.16544
      -1.31519		      -1.00193
      -1.53625		      -0.79459
      -1.77937		      -0.53205
      -2.02723		      -0.20702
      -2.26008		       0.18282
      -2.45712		       0.63441
      -2.59796		       1.13916
      -2.66408		       1.68319
      -2.64017		       2.24793
      -2.51529		       2.81108
      -2.28379		       3.34777
      -1.94589		       3.83193
      -1.50795		       4.23779
      -0.98232		       4.54136
      -0.38687		       4.72185
       0.25578		       4.76300
       0.91940		       4.65406
       1.57540		       4.39059
       2.19436		       3.97488
       2.74746		       3.41605
       3.20804		       2.72972
       3.55299		       1.93742
       3.76395		       1.06565
       3.82828		       0.14468
       3.73973		      -0.79282
       3.49884		      -1.71328
       3.11287		      -2.58378
       2.59551		      -3.37350
       1.96620		      -4.05515
       1.24921		      -4.60608
       0.47246		      -5.00927
      -0.33380		      -5.25396
      -1.13839		      -5.33595
      -1.91067		      -5.25762
      -2.62187		      -5.02763
      -3.24637		      -4.66029
      -3.76274		      -4.17473
      -4.15454		      -3.59380
      -4.41093		      -2.94295
      -4.52687		      -2.24889
      -4.50311		      -1.53841
      -4.34590		      -0.83709
      -4.06638		      -0.16830
      -3.67986		       0.44771
      -3.20489		       0.99455
      -2.66216		       1.46008
      -2.07353		       1.83664
      -1.46089		       2.12101
      -0.84521		       2.31413
      -0.24569		       2.42061
       0.32097		       2.44813
       0.84104		       2.40672
       1.30409		       2.30788
       1.70311		       2.16384
       2.03434		       1.98677
       2.29707		       1.78807
       2.49316		       1.57781
       2.62655		       1.36431
       2.70263		       1.15387
       2.72764		       0.95072
       2.70806		       0.75700
       2.65008		       0.57309
       2.55917		       0.39785
       2.43972		       0.22913
       2.29484		       0.06420
       2.12636		      -0.09975
       1.93485		      -0.26508
       1.71986		      -0.43332
       1.48021		      -0.60483
       1.21440		      -0.77852
       0.92101		      -0.95180
       0.59916		      -1.12057
       0.24896		      -1.27937
      -0.12818		      -1.42165
      -0.52920		      -1.54012
      -0.94921		      -1.62723
      -1.38145		      -1.67565
      -1.81729		      -1.67875
      -2.24646		      -1.63118
      -2.65730		      -1.52925
      -3.03721		      -1.37140
      -3.37312		      -1.15843
      -3.65207		      -0.89376
      -3.86179		      -0.58342
      -3.99134		      -0.23604
      -4.03168		       0.13741
      -3.97622		       0.52392
      -3.82128		       0.90891
      -3.56645		       1.27677
      -3.21485		       1.61151
      -2.77321		       1.89745
      -2.25180		       2.11990
      -1.66431		       2.26591
      -1.02739		       2.32491
      -0.36026		       2.28933
       0.31603		       2.15508
       0.97923		       1.92198
       1.60683		       1.59393
       2.17685		       1.17903
       2.66879		       0.68946
       3.06453		       0.14115
       3.34914		      -0.44666
       3.51165		      -1.05208
       3.54560		      -1.65140
       3.44957		      -2.22003
       3.22734		      -2.73350
       2.88793		      -3.16858
       2.44542		      -3.50436
       1.91842		      -3.72327
       1.32945		      -3.81208
       0.70399		      -3.76265
       0.06941		      -3.57251
      -0.54624		      -3.24525
      -1.11557		      -2.79058
      -1.61315		      -2.22411
      -2.01679		      -1.56680
      -2.30873		      -0.84422
      -2.47660		      -0.08541
      -2.51418		       0.67837
      -2.42182		       1.41511
      -2.20660		       2.09358
      -1.88203		       2.68491
      -1.46752		       3.16406
      -0.98738		       3.51116
      -0.46965		       3.71259
       0.05541		       3.76179
       0.55694		       3.65967
       1.00521		       3.41464
       1.37327		       3.04222
       1.63859		       2.56427
       1.78433		       2.00780
       1.80050		       1.40353
       1.68453		       0.78412
       1.44161		       0.18242
       1.08445		      -0.37051
       0.63262		      -0.84713
       0.11151		      -1.22507
      -0.44918		      -1.48842
      -1.01709		      -1.62865
      -1.55920		      -1.64513
      -2.04379		      -1.54513
      -2.44238		      -1.34330
      -2.73152		      -1.06072
      -2.89425		      -0.72354
      -2.92121		      -0.36126
      -2.81128		      -0.00474
      -2.57164		       0.31578
      -2.21744		       0.57278
      -1.77082		       0.74330
      -1.25956		       0.81055
      -0.71531		       0.76512
      -0.17157		       0.60570
       0.33846		       0.33932
       0.78403		      -0.01904
       1.13889		      -0.44734
       1.38299		      -0.91779
       1.50386		      -1.39872
       1.49743		      -1.85658
       1.36836		      -2.25816
       1.12977		      -2.57290
       0.80236		      -2.77492
       0.41311		      -2.84485
      -0.00653		      -2.77129
      -0.42277		      -2.55172
      -0.80174		      -2.19280
      -1.11180		      -1.71018
      -1.32574		      -1.12760
      -1.42274		      -0.47558
      -1.38980		       0.21053
      -1.22284		       0.89262
      -0.92707		       1.53230
      -0.51685		       2.09324
      -0.01486		       2.54358
       0.54920		       2.85790
       1.14051		       3.01890
       1.72122		       3.01858
       2.25294		       2.85870
       2.69915		       2.55080
       3.02759		       2.11546
       3.21239		       1.58103
       3.23575		       0.98185
       3.08923		       0.35614
       2.77431		      -0.25646
       2.30249		      -0.81730
       1.69463		      -1.29122
       0.97978		      -1.64867
       0.19346		      -1.86755
      -0.62441		      -1.93460
      -1.43190		      -1.84613
      -2.18749		      -1.60827
      -2.85257		      -1.23648
      -3.39364		      -0.75458
      -3.78422		      -0.19324
      -4.00632		       0.41194
      -4.05136		       1.02266
      -3.92055		       1.60018
      -3.62468		       2.10774
      -3.18328		       2.51267
      -2.62340		       2.78832
      -1.97784		       2.91556
      -1.28324		       2.88380
      -0.57784		       2.69152
       0.10068		       2.34620
       0.71729		       1.86381
       1.24150		       1.26777
       1.64894		       0.58752
       1.92247		      -0.14322
       2.05295		      -0.88831
       2.03940		      -1.61123
       1.88882		      -2.27694
       1.61552		      -2.85376
       1.24005		      -3.31480
       0.78796		      -3.63926
       0.28817		      -3.81326
      -0.22859		      -3.83028
      -0.73142		      -3.69126
      -1.19091		      -3.40428
      -1.58045		      -2.98394
      -1.87752		      -2.45049
      -2.06458		      -1.82862
      -2.12981		      -1.14634
      -2.06740		      -0.43352
      -1.87769		       0.27935
      -1.56700		       0.96247
      -1.14720		       1.58794
      -0.63510		       2.13077
      -0.05169		       2.56979
       0.57871		       2.88837
       1.22949		       3.07493
       1.87269		       3.12332
       2.48009		       3.03296
       3.02421		       2.80883
       3.47935		       2.46133
       3.82252		       2.00595
       4.03435		       1.46271
       4.09995		       0.85561
       4.00956		       0.21178
       3.75918		      -0.43945
       3.35100		      -1.06757
       2.79362		      -1.64210
       2.10208		      -2.13380
       1.29767		      -2.51598
       0.40738		      -2.76580
      -0.53679		      -2.86545
      -1.49892		      -2.80331
      -2.44048		      -2.57484
      -3.32182		      -2.18324
      -4.10393		      -1.63981
      -4.75024		      -0.96390
      -5.22849		      -0.18250
      -5.51248		       0.67061
      -5.58371		       1.55616
      -5.43269		       2.43104
      -5.05989		       3.25024
      -4.47626		       3.96912
      -3.70319		       4.54573
      -2.77191		       4.94318
      -1.72237		       5.13183
      -0.60154		       5.09129
       0.53875		       4.81192
       1.64437		       4.29591
       2.66160		       3.55767
       3.54009		       2.62364
       4.23561		       1.53131
       4.71266		       0.32764
       4.94661		      -0.93311
       4.92534		      -2.19211
       4.65024		      -3.38900
       4.13633		      -4.46516
       3.41179		      -5.36690
       2.51654		      -6.04859
       1.50019		      -6.47530
       0.41937		      -6.62490
      -0.66541		      -6.48952
      -1.69324		      -6.07615
      -2.60628		      -5.40640
      -3.35315		      -4.51544
      -3.89199		      -3.45004
      -4.19296		      -2.26601
      -4.24003		      -1.02503
      -4.03198		       0.20894
      -3.58253		       1.37325
      -2.91947		       2.41028
      -2.08306		       3.27070
      -1.12353		       3.91629
      -0.09806		       4.32212
       0.93269		       4.47780
       1.90833		       4.38795
       2.77236		       4.07166
       3.47563		       3.56109
       3.97927		       2.89924
       4.25699		       2.13709
       4.29657		       1.33021
       4.10049		       0.53520
       3.68554		      -0.19399
       3.08163		      -0.80947
       2.32970		      -1.27241
       1.47900		      -1.55543
       0.58385		      -1.64419
      -0.29988		      -1.53815
      -1.11839		      -1.25037
      -1.82332		      -0.80645
      -2.37473		      -0.24268
      -2.74361		       0.39655
      -2.91346		       1.06179
      -2.88119		       1.70192
      -2.65704		       2.26756
      -2.26369		       2.71438
      -1.73450		       3.00601
      -1.11117		       3.11638
      -0.44078		       3.03144
       0.22735		       2.74993
       0.84502		       2.28348
       1.36831		       1.65568
       1.76041		       0.90054
       1.99395		       0.06020
       2.05266		      -0.81780
       1.93231		      -1.68364
       1.64079		      -2.48832
       1.19741		      -3.18679
       0.63148		      -3.74064
      -0.01971		      -4.12043
      -0.71348		      -4.30734
      -1.40456		      -4.29409
      -2.04803		      -4.08520
      -2.60220		      -3.69637
      -3.03120		      -3.15329
      -3.30711		      -2.48975
      -3.41159		      -1.74535
      -3.33679		      -0.96293
      -3.08564		      -0.18578
      -2.67136		       0.54494
      -2.11645		       1.19266
      -1.45099		       1.72749
      -0.71061		       2.12768
       0.06581		       2.38065
       0.83866		       2.48331
       1.56995		       2.44174
       2.22554		       2.27042
       2.77699		       1.99075
       3.20301		       1.62943
       3.49036		       1.21638
       3.63420		       0.78265
       3.63788		       0.35835
       3.51228		      -0.02924
       3.27460		      -0.35734
       2.94692		      -0.60884
       2.55442		      -0.77313
       2.12363		      -0.84641
       1.68059		      -0.83150
       1.24919		      -0.73725
       0.84982		      -0.57757
       0.49824		      -0.37013
       0.20495		      -0.13491
      -0.02517		       0.10732
      -0.19264		       0.33654
      -0.30294		       0.53486
      -0.36568		       0.68767
      -0.39351		       0.78453
      -0.40094		       0.81970
      -0.40301		       0.79234
      -0.41405		       0.70636
      -0.44651		       0.56992
      -0.51004		       0.39473
      -0.61076		       0.19503
      -0.75078		      -0.01345
      -0.92815		      -0.21466
      -1.13693		      -0.39331
      -1.36768		      -0.53599
      -1.60807		      -0.63194
      -1.84376		      -0.67376
      -2.05932		      -0.65784
      -2.23924		      -0.58454
      -2.36891		      -0.45808
      -2.43559		      -0.28626
      -2.42913		      -0.07994
      -2.34265		       0.14764
      -2.17296		       0.38165
      -1.92081		       0.60656
      -1.59087		       0.80697
      -1.19160		       0.96849
      -0.73483		       1.07851
      -0.23527		       1.12685
       0.29015		       1.10628
       0.82301		       1.01293
       1.34419		       0.84648
       1.83469		       0.61020
       2.27639		       0.31083
       2.65281		      -0.04161
       2.94977		      -0.43433
       3.15598		      -0.85215
       3.26347		      -1.27819
       3.26797		      -1.69450
       3.16906		      -2.08279
       2.97028		      -2.42516
       2.67904		      -2.70483
       2.30634		      -2.90692
       1.86651		      -3.01904
       1.37659		      -3.03192
       0.85584		      -2.93992
       0.32490		      -2.74141
      -0.19492		      -2.43898
      -0.68255		      -2.03954
      -1.11802		      -1.55421
      -1.48338		      -0.99806
      -1.76348		      -0.38964
      -1.94674		       0.24966
      -2.02578		       0.89641
      -1.99785		       1.52605
      -1.86509		       2.11395
      -1.63460		       2.63646
      -1.31821		       3.07204
      -0.93205		       3.40229
      -0.49588		       3.61288
      -0.03220		       3.69436
       0.43477		       3.64270
       0.88034		       3.45969
       1.28051		       3.15290
       1.61333		       2.73551
       1.85999		       2.22576
       2.00595		       1.64610
       2.04175		       1.02221
       1.96364		       0.38167
       1.77390		      -0.24733
       1.48078		      -0.83748
       1.09819		      -1.36372
       0.64503		      -1.80457
       0.14422		      -2.14322
      -0.37852		      -2.36843
      -0.89602		      -2.47511
      -1.38115		      -2.46451
      -1.80834		      -2.34413
      -2.15498		      -2.12723
      -2.40269		      -1.83199
      -2.53838		      -1.48045
      -2.55496		      -1.09716
      -2.45176		      -0.70771
      -2.23452		      -0.33724
      -1.91506		      -0.00891
      -1.51059		       0.25742
      -1.04268		       0.44638
      -0.53597		       0.54793
      -0.01678		       0.55793
       0.48847		       0.47830
       0.95477		       0.31686
       1.35993		       0.08670
       1.68583		      -0.19462
       1.91941		      -0.50628
       2.05331		      -0.82552
       2.08621		      -1.12909
       2.02273		      -1.39473
       1.87305		      -1.60258
       1.65210		      -1.73641
       1.37854		      -1.78463
       1.07351		      -1.74098
       0.75927		      -1.60491
       0.45771		      -1.38157
       0.18903		      -1.08150
      -0.02954		      -0.71992
      -0.18476		      -0.31578
      -0.26818		       0.10940
      -0.27655		       0.53290
      -0.21195		       0.93213
      -0.08159		       1.28600
       0.10280		       1.57620
       0.32572		       1.78821
       0.56902		       1.91215
       0.81305		       1.94327
       1.03800		       1.88218
       1.22514		       1.73468
       1.35802		       1.51137
       1.42350		       1.22686
       1.41260		       0.89890
       1.32100		       0.54722
       1.14935		       0.19230
       0.90320		      -0.14582
       0.59265		      -0.44873
       0.23175		      -0.70071
      -0.16233		      -0.88957
      -0.57033		      -1.00733
      -0.97202		      -1.05052
      -1.34731		      -1.02034
      -1.67746		      -0.92242
      -1.94605		      -0.76639
      -2.13987		      -0.56521
      -2.24961		      -0.33433
      -2.27032		      -0.09069
      -2.20155		       0.14829
      -2.04735		       0.36575
      -1.81588		       0.54639
      -1.51897		       0.67728
      -1.17131		       0.74863
      -0.78967		       0.75424
      -0.39193		       0.69177
       0.00388		       0.56288
       0.38051		       0.37297
       0.72236		       0.13088
       1.01623		      -0.15171
       1.25189		      -0.46094
       1.42248		      -0.78158
       1.52472		      -1.09787
       1.55891		      -1.39433
       1.52874		      -1.65662
       1.44093		      -1.87221
       1.30473		      -2.03099
       1.13129		      -2.12570
       0.93297		      -2.15226
       0.72261		      -2.10981
       0.51284		      -2.00069
       0.31541		      -1.83021
       0.14055		      -1.60625
      -0.00341		      -1.33880
      -0.11048		      -1.03939
      -0.17716		      -0.72043
      -0.20249		      -0.39461
      -0.18800		      -0.07426
      -0.13748		       0.22923
      -0.05663		       0.50589
       0.04736		       0.74757
       0.16625		       0.94820
       0.29135		       1.10399
       0.41396		       1.21338
       0.52589		       1.27701
       0.61994		       1.29746
       0.69018		       1.27898
       0.73232		       1.22712
       0.74378		       1.14829
       0.72385		       1.04934
       0.67353		       0.93714
       0.59548		       0.81816
       0.49373		       0.69813
       0.37339		       0.58180
       0.24029		       0.47270
       0.10061		       0.37309
      -0.03949		       0.28394
      -0.17426		       0.20498
      -0.29861		       0.13494
      -0.40843		       0.07170
      -0.50071		       0.01261
      -0.57366		      -0.04523
      -0.62673		      -0.10465
      -0.66051		      -0.16818
      -0.67659		      -0.23772
      -0.67738		      -0.31443
      -0.66583		      -0.39855
      -0.64515		      -0.48938
      -0.61859		      -0.58527
      -0.58909		      -0.68375
      -0.55914		      -0.78168
      -0.53053		      -0.87547
      -0.50430		      -0.96130
      -0.48064		      -1.03543
      -0.45896		      -1.09442
      -0.43795		      -1.13541
      -0.41575		      -1.15630
      -0.39013		      -1.15591
      -0.35873		      -1.13404
      -0.31930		      -1.09151
      -0.26994		      -1.03012
      -0.20928		      -0.95248
      -0.13665		      -0.86186
      -0.05221		      -0.76200
       0.04300		      -0.65680
       0.14711		      -0.55012
       0.25749		      -0.44554
       0.37089		      -0.34611
       0.48364		      -0.25423
       0.59189		      -0.17152
       0.69181		      -0.09874
       0.77990		      -0.03590
       0.85316		       0.01774
       0.90928		       0.06351
       0.94680		       0.10310
       0.96515		       0.13843
       0.96470		       0.17136
       0.94663		       0.20350
       0.91287		       0.23604
       0.86590		       0.26961
       0.80853		       0.30414
       0.74369		       0.33890
       0.67419		       0.37250
       0.60248		       0.40300
       0.53050		       0.42806
       0.45953		       0.44517
       0.39014		       0.45184
       0.32213		       0.44585
       0.25467		       0.42548
       0.18635		       0.38973
       0.11540		       0.33843
       0.03993		       0.27238
      -0.04189		       0.19334
      -0.13155		       0.10399
      -0.22996		       0.00783
      -0.33728		      -0.09101
      -0.45276		      -0.18804
      -0.57469		      -0.27862
      -0.70038		      -0.35832
      -0.82620		      -0.42318
      -0.94779		      -0.46997
      -1.06021		      -0.49644
      -1.15824		      -0.50150
      -1.23665		      -0.48528
      -1.29051		      -0.44921
      -1.31554		      -0.39593
      -1.30835		      -0.32915
      -1.26670		      -0.25349
      -1.18969		      -0.17420
      -1.07786		      -0.09685
      -0.93324		      -0.02705
      -0.75930		       0.02990
      -0.56083		       0.06931
      -0.34377		       0.08735
      -0.11492		       0.08128
       0.11829		       0.04962
       0.34816		      -0.00779
       0.56703		      -0.08973
       0.76761		      -0.19366
       0.94324		      -0.31584
       1.08820		      -0.45150
       1.19792		      -0.59502
       1.26911		      -0.74020
       1.29988		      -0.88052
       1.28983		      -1.00938
       1.23999		      -1.12042
       1.15283		      -1.20771
       1.03208		      -1.26606
       0.88267		      -1.29113
       0.71050		      -1.27971
       0.52228		      -1.22976
       0.32528		      -1.14061
       0.12711		      -1.01295
      -0.06456		      -0.84892
      -0.24222		      -0.65206
      -0.39880		      -0.42728
      -0.52797		      -0.18078
      -0.62434		       0.08012
      -0.68372		       0.34715
      -0.70336		       0.61129
      -0.68213		       0.86311
      -0.62064		       1.09307
      -0.52132		       1.29183
      -0.38847		       1.45072
      -0.22816		       1.56209
      -0.04809		       1.61969
       0.14267		       1.61911
       0.33398		       1.55804
       0.51507		       1.43659
       0.67503		       1.25739
       0.80335		       1.02575
       0.89048		       0.74950
       0.92840		       0.43886
       0.91115		       0.10608
       0.83530		      -0.23506
       0.70033		      -0.56978
       0.50884		      -0.88302
       0.26661		      -1.16017
      -0.01744		      -1.38787
      -0.33160		      -1.55470
      -0.66179		      -1.65197
      -0.99216		      -1.67420
      -1.30594		      -1.61962
      -1.58622		      -1.49040
      -1.81692		      -1.29268
      -1.98367		      -1.03642
      -2.07477		      -0.73493
      -2.08187		      -0.40431
      -2.00063		      -0.06259
      -1.83113		       0.27117
      -1.57802		       0.57797
      -1.25046		       0.83991
      -0.86175		       1.04128
      -0.42878		       1.16947
       0.02887		       1.21580
       0.48987		       1.17611
       0.93228		       1.05105
       1.33478		       0.84620
       1.67781		       0.57182
       1.94471		       0.24233
       2.12264		      -0.12448
       2.20338		      -0.50836
       2.18377		      -0.88782
       2.06594		      -1.24130
       1.85718		      -1.54845
       1.56956		      -1.79129
       1.21920		      -1.95528
       0.82537		      -2.03016
       0.40938		      -2.01056
      -0.00668		      -1.89629
      -0.40118		      -1.69236
      -0.75416		      -1.40866
      -1.04850		      -1.05937
      -1.27080		      -0.66210
      -1.41208		      -0.23687
      -1.46824		       0.19511
      -1.44010		       0.61261
      -1.33327		       0.99562
      -1.15767		       1.32647
      -0.92675		       1.59072
      -0.65665		       1.77796
      -0.36507		       1.88219
      -0.07019		       1.90206
       0.21047		       1.84074
       0.46103		       1.70552
       0.66823		       1.50723
       0.82202		       1.25939
       0.91609		       0.97730
       0.94800		       0.67702
       0.91917		       0.37439
       0.83454		       0.08406
       0.70208		      -0.18125
       0.53204		      -0.41143
       0.33622		      -0.59938
       0.12708		      -0.74116
      -0.08313		      -0.83598
      -0.28310		      -0.88595
      -0.46312		      -0.89565
      -0.61562		      -0.87150
      -0.73543		      -0.82117
      -0.81993		      -0.75285
      -0.86893		      -0.67458
      -0.88444		      -0.59363
      -0.87025		      -0.51607
      -0.83145		      -0.44636
      -0.77382		      -0.38721
      -0.70330		      -0.33958
      -0.62548		      -0.30281
      -0.54509		      -0.27491
      -0.46574		      -0.25297
      -0.38968		      -0.23359
      -0.31782		      -0.21338
      -0.24976		      -0.18936
      -0.18409		      -0.15941
      -0.11870		      -0.12248
      -0.05117		      -0.07878
       0.02079		      -0.02981
       0.09893		       0.02179
       0.18410		       0.07248
       0.27602		       0.11815
       0.37311		       0.15455
       0.47247		       0.17773
       0.57007		       0.18448
       0.66091		       0.17274
       0.73948		       0.14185
       0.80014		       0.09276
       0.83764		       0.02807
       0.84757		      -0.04809
       0.82686		      -0.13026
       0.77407		      -0.21209
       0.68966		      -0.28672
       0.57612		      -0.34737
       0.43787		      -0.38787
       0.28109		      -0.40315
       0.11335		      -0.38972
      -0.05685		      -0.34601
      -0.22065		      -0.27257
      -0.36940		      -0.17212
      -0.49530		      -0.04944
      -0.59191		       0.08890
      -0.65465		       0.23496
      -0.68111		       0.37999
      -0.67124		       0.51496
      -0.62738		       0.63128
      -0.55407		       0.72135
      -0.45774		       0.77916
      -0.34625		       0.80068
      -0.22832		       0.78424
      -0.11289		       0.73057
      -0.00847		       0.64284
       0.07749		       0.52642
       0.13910		       0.38847
       0.17249		       0.23750
       0.17606		       0.08268
       0.15059		      -0.06673
       0.09912		      -0.20209
       0.02677		      -0.31596
      -0.05977		      -0.40265
      -0.15266		      -0.45854
      -0.24362		      -0.48239
      -0.32451		      -0.47529
      -0.38799		      -0.44062
      -0.42809		      -0.38368
      -0.44066		      -0.31129
      -0.42372		      -0.23121
      -0.37758		      -0.15154
      -0.30487		      -0.08002
      -0.21030		      -0.02352
      -0.10031		       0.01262
       0.01737		       0.02490
       0.13438		       0.01202
       0.24229		      -0.02507
       0.33330		      -0.08322
       0.40081		      -0.15732
       0.43992		      -0.24071
       0.44780		      -0.32569
       0.42396		      -0.40411
       0.37024		      -0.46803
       0.29070		      -0.51030
       0.19136		      -0.52516
       0.07972		      -0.50871
      -0.03575		      -0.45923
      -0.14625		      -0.37734
      -0.24328		      -0.26600
      -0.31927		      -0.13036
      -0.36813		       0.02258
      -0.38567		       0.18447
      -0.36992		       0.34611
      -0.32128		       0.49814
      -0.24249		       0.63163
      -0.13841		       0.73871
      -0.01574		       0.81307
       0.11753		       0.85043
       0.25260		       0.84873
       0.38052		       0.80834
       0.49278		       0.73192
       0.58185		       0.62431
       0.64173		       0.49212
       0.66829		       0.34326
       0.65952		       0.18648
       0.61566		       0.03072
       0.53908		      -0.11546
       0.43414		      -0.24437
       0.30682		      -0.34968
       0.16430		      -0.42675
       0.01449		      -0.47289
      -0.13454		      -0.48739
      -0.27502		      -0.47150
      -0.40002		      -0.42823
      -0.50377		      -0.36210
      -0.58204		      -0.27867
      -0.63224		      -0.18420
      -0.65355		      -0.08515
      -0.64680		       0.01223
      -0.61434		       0.10233
      -0.55975		       0.18047
      -0.48754		       0.24313
      -0.40275		       0.28813
      -0.31059		       0.31460
      -0.21611		       0.32295
      -0.12383		       0.31469
      -0.03758		       0.29221
       0.03976		       0.25852
       0.10626		       0.21695
       0.16097		       0.17085
       0.20383		       0.12335
       0.23553		       0.07716
       0.25731		       0.03439
       0.27075		      -0.00351
       0.27752		      -0.03578
       0.27925		      -0.06227
       0.27728		      -0.08333
       0.27260		      -0.09967
       0.26579		      -0.11220
       0.25698		      -0.12183
       0.24595		      -0.12930
       0.23224		      -0.13509
       0.21524		      -0.13933
       0.19438		      -0.14174
       0.16928		      -0.14167
       0.13990		      -0.13822
       0.10660		      -0.13029
       0.07025		      -0.11679
       0.03219		      -0.09677
      -0.00580		      -0.06961
      -0.04161		      -0.03517
      -0.07297		       0.00613
      -0.09763		       0.05324
      -0.11352		       0.10448
      -0.11904		       0.15757
      -0.11313		       0.20981
      -0.09551		       0.25820
      -0.06670		       0.29968
      -0.02807		       0.33134
       0.01817		       0.35071
       0.06916		       0.35591
       0.12150		       0.34589
       0.17149		       0.32056
       0.21541		       0.28083
       0.24978		       0.22862
       0.27164		       0.16680
       0.27878		       0.09899
       0.26995		       0.02936
       0.24500		      -0.03765
       0.20490		      -0.09760
       0.15176		      -0.14641
       0.08870		      -0.18062
       0.01964		      -0.19766
      -0.05091		      -0.19607
      -0.11817		      -0.17562
      -0.17743		      -0.13734
      -0.22434		      -0.08349
      -0.25529		      -0.01747
      -0.26761		       0.05647
      -0.25982		       0.13342
      -0.23174		       0.20819
      -0.18452		       0.27563
      -0.12064		       0.33100
      -0.04369		       0.37027
       0.04177		       0.39041
       0.13057		       0.38960
       0.21720		       0.36737
       0.29621		       0.32466
       0.36255		       0.26372
       0.41187		       0.18802
       0.44088		       0.10202
       0.44748		       0.01087
       0.43096		      -0.07990
       0.39201		      -0.16473
       0.33272		      -0.23841
       0.25641		      -0.29636
       0.16745		      -0.33496
       0.07096		      -0.35174
      -0.02746		      -0.34554
      -0.12211		      -0.31658
      -0.20750		      -0.26641
      -0.27870		      -0.19783
      -0.33160		      -0.11472
      -0.36314		      -0.02175
      -0.37151		       0.07584
      -0.35615		       0.17261
      -0.31784		       0.26318
      -0.25859		       0.34256
      -0.18149		       0.40645
      -0.09054		       0.45139
       0.00957		       0.47500
       0.11380		       0.47604
       0.21696		       0.45448
       0.31402		       0.41142
       0.40036		       0.34908
       0.47198		       0.27057
       0.52568		       0.17979
       0.55921		       0.08116
       0.57130		      -0.02059
       0.56172		      -0.12062
       0.53127		      -0.21427
       0.48164		      -0.29718
       0.41539		      -0.36556
       0.33575		      -0.41626
       0.24649		      -0.44694
       0.15175		      -0.45610
       0.05584		      -0.44318
      -0.03692		      -0.40849
      -0.12235		      -0.35325
      -0.19662		      -0.27952
      -0.25633		      -0.19008
      -0.29871		      -0.08838
      -0.32166		       0.02161
      -0.32386		       0.13556
      -0.30484		       0.24888
      -0.26501		       0.35691
      -0.20567		       0.45512
      -0.12899		       0.53922
      -0.03794		       0.60539
       0.06375		       0.65042
       0.17176		       0.67187
       0.28129		       0.66821
       0.38726		       0.63890
       0.48449		       0.58452
       0.56796		       0.50675
       0.63301		       0.40838
       0.67562		       0.29324
       0.69257		       0.16607
       0.68171		       0.03238
       0.64209		      -0.10180
       0.57410		      -0.23018
       0.47952		      -0.34650
       0.36150		      -0.44482
       0.22453		      -0.51988
       0.07424		      -0.56737
      -0.08280		      -0.58417
      -0.23933		      -0.56864
      -0.38782		      -0.52070
      -0.52075		      -0.44196
      -0.63104		      -0.33568
      -0.71246		      -0.20666
      -0.75992		      -0.06107
      -0.76985		       0.09382
      -0.74041		       0.25002
      -0.67164		       0.39917
      -0.56556		       0.53302
      -0.42609		       0.64385
      -0.25894		       0.72492
      -0.07134		       0.77084
       0.12830		       0.77791
       0.33075		       0.74434
       0.52650		       0.67045
       0.70617		       0.55865
       0.86104		       0.41340
       0.98350		       0.24099
       1.06748		       0.04926
       1.10873		      -0.15279
       1.10511		      -0.35543
       1.05666		      -0.54871
       0.96568		      -0.72298
       0.83656		      -0.86938
       0.67556		      -0.98027
       0.49054		      -1.04966
       0.29050		      -1.07353
       0.08516		      -1.04999
      -0.11556		      -0.97940
      -0.30205		      -0.86434
      -0.46544		      -0.70949
      -0.59810		      -0.52136
      -0.69395		      -0.30800
      -0.74877		      -0.07853
      -0.76038		       0.15726
      -0.72867		       0.38939
      -0.65562		       0.60817
      -0.54510		       0.80466
      -0.40270		       0.97106
      -0.23538		       1.10101
      -0.05112		       1.18989
       0.14150		       1.23494
       0.33371		       1.23533
       0.51694		       1.19213
       0.68323		       1.10819
       0.82559		       0.98794
       0.93823		       0.83716
       1.01681		       0.66259
       1.05857		       0.47170
       1.06236		       0.27226
       1.02866		       0.07201
       0.95946		      -0.12164
       0.85814		      -0.30190
       0.72921		      -0.46288
       0.57814		      -0.59975
       0.41104		      -0.70887
       0.23441		      -0.78788
       0.05485		      -0.83569
      -0.12119		      -0.85249
      -0.28767		      -0.83961
      -0.43915		      -0.79940
      -0.57097		      -0.73509
      -0.67937		      -0.65060
      -0.76161		      -0.55033
      -0.81596		      -0.43894
      -0.84176		      -0.32120
      -0.83933		      -0.20174
      -0.80992		      -0.08491
      -0.75561		       0.02537
      -0.67915		       0.12576
      -0.58386		       0.21356
      -0.47341		       0.28678
      -0.35171		       0.34418
      -0.22271		       0.38524
      -0.09026		       0.41013
       0.04204		       0.41963
       0.17093		       0.41504
       0.29362		       0.39810
       0.40783		       0.37078
       0.51185		       0.33522
       0.60448		       0.29359
       0.68506		       0.24792
       0.75340		       0.20001
       0.80966		       0.15139
       0.85427		       0.10318
       0.88782		       0.05614
       0.91096		       0.01059
       0.92423		      -0.03345
       0.92802		      -0.07626
       0.92250		      -0.11832
       0.90752		      -0.16015
       0.88267		      -0.20222
       0.84726		      -0.24481
       0.80040		      -0.28789
       0.74112		      -0.33101
       0.66847		      -0.37324
       0.58169		      -0.41315
       0.48039		      -0.44880
       0.36464		      -0.47781
       0.23519		      -0.49744
       0.09356		      -0.50482
      -0.05789		      -0.49703
      -0.21594		      -0.47140
      -0.37651		      -0.42570
      -0.53478		      -0.35837
      -0.68533		      -0.26873
      -0.82235		      -0.15716
      -0.93990		      -0.02523
      -1.03220		       0.12423
      -1.09393		       0.28715
      -1.12061		       0.45827
      -1.10882		       0.63132
      -1.05652		       0.79926
      -0.96325		       0.95453
      -0.83027		       1.08943
      -0.66061		       1.19649
      -0.45908		       1.26886
      -0.23209		       1.30072
       0.01252		       1.28759
       0.26579		       1.22666
       0.51803		       1.11705
       0.75919		       0.95992
       0.97938		       0.75851
       1.16929		       0.51815
       1.32062		       0.24603
       1.42655		      -0.04900
       1.48201		      -0.35680
       1.48402		      -0.66636
       1.43179		      -0.96621
       1.32685		      -1.24500
       1.17295		      -1.49190
       0.97597		      -1.69715
       0.74361		      -1.85243
       0.48512		      -1.95127
       0.21086		      -1.98930
      -0.06814		      -1.96443
      -0.34065		      -1.87699
      -0.59571		      -1.72961
      -0.82313		      -1.52720
      -1.01384		      -1.27667
      -1.16031		      -0.98663
      -1.25681		      -0.66709
      -1.29959		      -0.32898
      -1.28705		       0.01622
      -1.21972		       0.35699
      -1.10018		       0.68212
      -0.93296		       0.98116
      -0.72433		       1.24477
      -0.48196		       1.46501
      -0.21469		       1.63558
       0.06789		       1.75196
       0.35573		       1.81155
       0.63874		       1.81368
       0.90708		       1.75956
       1.15153		       1.65217
       1.36377		       1.49615
       1.53661		       1.29755
       1.66421		       1.06367
       1.74225		       0.80270
       1.76805		       0.52352
       1.74057		       0.23541
       1.66052		      -0.05230
       1.53023		      -0.33048
       1.35360		      -0.59046
       1.13601		      -0.82434
       0.88409		      -1.02517
       0.60554		      -1.18722
       0.30890		      -1.30608
       0.00326		      -1.37884
      -0.30197		      -1.40416
      -0.59743		      -1.38232
      -0.87406		      -1.31517
      -1.12343		      -1.20609
      -1.33797		      -1.05985
      -1.51128		      -0.88245
      -1.63830		      -0.68089
      -1.71551		      -0.46290
      -1.74103		      -0.23668
      -1.71468		      -0.01057
      -1.63799		       0.20725
      -1.51409		       0.40908
      -1.34759		       0.58800
      -1.14442		       0.73809
      -0.91152		       0.85465
      -0.65663		       0.93437
      -0.38793		       0.97541
      -0.11376		       0.97742
       0.15773		       0.94150
       0.41881		       0.87010
       0.66250		       0.76688
       0.88275		       0.63644
       1.07457		       0.48418
       1.23420		       0.31593
       1.35907		       0.13778
       1.44784		      -0.04421
       1.50030		      -0.22426
       1.51727		      -0.39703
       1.50042		      -0.55776
       1.45212		      -0.70244
       1.37527		      -0.82776
       1.27312		      -0.93122
       1.14912		      -1.01100
       1.00678		      -1.06595
       0.84961		      -1.09550
       0.68105		      -1.09952
       0.50446		      -1.07827
       0.32311		      -1.03229
       0.14024		      -0.96235
      -0.04089		      -0.86944
      -0.21700		      -0.75475
      -0.38467		      -0.61971
      -0.54042		      -0.46608
      -0.68065		      -0.29600
      -0.80174		      -0.11209
      -0.90013		       0.08246
      -0.97247		       0.28383
      -1.01579		       0.48757
      -1.02768		       0.68858
      -1.00654		       0.88119
      -0.95173		       1.05934
      -0.86377		       1.21668
      -0.74449		       1.34693
      -0.59711		       1.44407
      -0.42622		       1.50271
      -0.23771		       1.51845
      -0.03865		       1.48813
       0.16302		       1.41017
       0.35876		       1.28478
       0.53985		       1.11410
       0.69781		       0.90231
       0.82486		       0.65550
       0.91437		       0.38158
       0.96125		       0.08994
       0.96233		      -0.20884
       0.91660		      -0.50355
       0.82537		      -0.78278
       0.69230		      -1.03554
       0.52328		      -1.25180
       0.32620		      -1.42303
       0.11059		      -1.54264
      -0.11286		      -1.60638
      -0.33282		      -1.61261
      -0.53798		      -1.56236
      -0.71761		      -1.45936
      -0.86220		      -1.30983
      -0.96398		      -1.12215
      -1.01738		      -0.90641
      -1.01937		      -0.67386
      -0.96963		      -0.43630
      -0.87059		      -0.20541
      -0.72732		       0.00791
      -0.54721		       0.19412
      -0.33960		       0.34556
      -0.11519		       0.45687
       0.11452		       0.52525
       0.33795		       0.55056
       0.54404		       0.53526
       0.72294		       0.48421
       0.86651		       0.40429
       0.96878		       0.30393
       1.02627		       0.19253
       1.03812		       0.07982
       1.00607		      -0.02474
       0.93430		      -0.11261
       0.82910		      -0.17671
       0.69841		      -0.21184
       0.55129		      -0.21501
       0.39731		      -0.18561
       0.24590		      -0.12537
       0.10580		      -0.03828
      -0.01554		       0.06980
      -0.11235		       0.19145
      -0.18092		       0.31834
      -0.21972		       0.44167
      -0.22948		       0.55287
      -0.21302		       0.64414
      -0.17502		       0.70893
      -0.12160		       0.74244
      -0.05984		       0.74187
       0.00273		       0.70659
       0.05871		       0.63818
       0.10139		       0.54030
       0.12521		       0.41840
       0.12615		       0.27933
       0.10206		       0.13093
       0.05278		      -0.01861
      -0.01986		      -0.16117
      -0.11217		      -0.28936
      -0.21882		      -0.39690
      -0.33328		      -0.47907
      -0.44822		      -0.53295
      -0.55607		      -0.55760
      -0.64950		      -0.55406
      -0.72195		      -0.52521
      -0.76808		      -0.47557
      -0.78414		      -0.41087
      -0.76819		      -0.33768
      -0.72028		      -0.26288
      -0.64238		      -0.19318
      -0.53832		      -0.13462
      -0.41347		      -0.09217
      -0.27438		      -0.06936
      -0.12841		      -0.06805
       0.01684		      -0.08833
       0.15397		      -0.12848
       0.27628		      -0.18517
       0.37818		      -0.25365
       0.45550		      -0.32813
       0.50578		      -0.40221
       0.52836		      -0.46929
       0.52437		      -0.52306
       0.49661		      -0.55797
       0.44932		      -0.56957
       0.38782		      -0.55487
       0.31817		      -0.51252
       0.24669		      -0.44290
       0.17950		      -0.34815
       0.12218		      -0.23198
       0.07929		      -0.09945
       0.05415		       0.04334
       0.04862		       0.18965
       0.06297		       0.33254
       0.09595		       0.46524
       0.14484		       0.58165
       0.20574		       0.67662
       0.27380		       0.74624
       0.34361		       0.78810
       0.40957		       0.80131
       0.46627		       0.78653
       0.50886		       0.74586
       0.53336		       0.68263
       0.53691		       0.60114
       0.51793		       0.50634
       0.47618		       0.40347
       0.41276		       0.29775
       0.32996		       0.19399
       0.23111		       0.09636
       0.12029		       0.00816
       0.00205		      -0.06830
      -0.11891		      -0.13180
      -0.23804		      -0.18214
      -0.35122		      -0.22003
      -0.45501		      -0.24696
      -0.54678		      -0.26491
      -0.62485		      -0.27616
      -0.68848		      -0.28297
      -0.73777		      -0.28738
      -0.77362		      -0.29097
      -0.79743		      -0.29470
      -0.81095		      -0.29882
      -0.81600		      -0.30285
      -0.81424		      -0.30565
      -0.80693		      -0.30550
      -0.79476		      -0.30033
      -0.77775		      -0.28795
      -0.75520		      -0.26626
      -0.72571		      -0.23360
      -0.68731		      -0.18890
      -0.63761		      -0.13197
      -0.57407		      -0.06361
      -0.49427		       0.01432
      -0.39619		       0.09889
      -0.27853		       0.18618
      -0.14093		       0.27151
       0.01575		       0.34964
       0.18934		       0.41512
       0.37629		       0.46262
       0.57168		       0.48735
       0.76938		       0.48539
       0.96230		       0.45403
       1.14264		       0.39208
       1.30234		       0.30000
       1.43347		       0.18007
       1.52872		       0.03636
       1.58178		      -0.12542
       1.58783		      -0.29810
       1.54382		      -0.47341
       1.44877		      -0.64238
       1.30394		      -0.79578
       1.11282		      -0.92466
       0.88109		      -1.02083
       0.61641		      -1.07734
       0.32809		      -1.08890
       0.02670		      -1.05220
      -0.27645		      -0.96620
      -0.56981		      -0.83219
      -0.84217		      -0.65383
      -1.08317		      -0.43696
      -1.28385		      -0.18941
      -1.43700		       0.07940
      -1.53756		       0.35892
      -1.58280		       0.63792
      -1.57246		       0.90512
      -1.50864		       1.14963
      -1.39574		       1.36157
      -1.24012		       1.53245
      -1.04980		       1.65558
      -0.83396		       1.72638
      -0.60250		       1.74249
      -0.36555		       1.70387
      -0.13292		       1.61270
       0.08628		       1.47323
       0.28410		       1.29148
       0.45405		       1.07490
       0.59129		       0.83198
       0.69278		       0.57179
       0.75730		       0.30354
       0.78537		       0.03620
       0.77906		      -0.22193
       0.74178		      -0.46347
       0.67798		      -0.68225
       0.59282		      -0.87345
       0.49185		      -1.03364
       0.38069		      -1.16081
       0.26470		      -1.25427
       0.14882		      -1.31449
