      43.33003		      -3.23065
      38.04862		     -20.63886
      25.73110		     -33.93686
       8.98786		     -40.41485
      -8.62805		     -38.85078
     -23.40774		     -29.77505
     -32.30598		     -15.34338
     -33.60876		       1.15206
     -27.29982		      16.02200
     -15.04575		      26.00211
       0.19416		      28.97276
      14.84233		      24.41598
      25.50746		      13.50985
      29.73739		      -1.15654
      26.55241		     -16.17872
      16.64276		     -28.10543
       2.19148		     -34.20549
     -13.63147		     -33.06184
     -27.38493		     -24.86314
     -36.11833		     -11.33409
     -38.00888		       4.67243
     -32.73542		      19.82276
     -21.51216		      31.03993
      -6.78390		      36.16486
       8.34033		      34.39698
      20.78181		      26.42318
      28.15708		      14.21641
      29.26715		       0.55951
      24.30897		     -11.59062
      14.77274		     -19.75204
       3.06002		     -22.43602
      -8.08158		     -19.42533
     -16.17440		     -11.76121
     -19.53908		      -1.45500
     -17.62264		       8.99936
     -11.06332		      17.19462
      -1.49117		      21.33157
       8.87815		      20.57999
      17.75545		      15.20809
      23.27744		       6.46491
      24.38405		      -3.74406
      20.99811		     -13.30419
      13.98030		     -20.35578
       4.88412		     -23.67180
      -4.42162		     -22.87236
     -12.17031		     -18.44039
     -17.06036		     -11.55022
     -18.48800		      -3.76136
     -16.60955		       3.34418
     -12.23426		       8.49616
      -6.58658		      10.97119
      -1.00264		      10.68582
       3.36525		       8.14139
       5.77161		       4.24791
       5.98627		       0.07968
       4.27725		      -3.37535
       1.28695		      -5.41520
      -2.15723		      -5.73392
      -5.24597		      -4.42899
      -7.35657		      -1.91860
      -8.15303		       1.19875
      -7.60515		       4.30040
      -5.93557		       6.87179
      -3.52060		       8.58725
      -0.77823		       9.32892
       1.92516		       9.15202
       4.32857		       8.21760
       6.28441		       6.71981
       7.72997		       4.83179
       8.64129		       2.68439
       8.99230		       0.37838
       8.73709		      -1.98123
       7.82337		      -4.24846
       6.23229		      -6.21740
       4.02873		      -7.63495
       1.40064		      -8.24780
      -1.33264		      -7.87353
      -3.75505		      -6.47486
      -5.42994		      -4.21214
      -6.00257		      -1.45199
      -5.30318		       1.27934
      -3.42071		       3.39452
      -0.72189		       4.37665
       2.19763		       3.91286
       4.62637		       1.99523
       5.89302		      -1.04127
       5.53039		      -4.56047
       3.40728		      -7.74415
      -0.20757		      -9.76667
      -4.67103		      -9.98715
      -9.08176		      -8.11428
     -12.46612		      -4.30212
     -13.99448		       0.85085
     -13.17884		       6.40543
     -10.00436		      11.27003
      -4.96050		      14.43469
       1.04072		      15.19875
       6.84573		      13.33954
      11.30259		       9.18083
      13.51324		       3.54155
      13.03780		      -2.42809
      10.00308		      -7.48944
       5.08778		     -10.58467
      -0.61531		     -11.07257
      -5.83239		      -8.87686
      -9.38645		      -4.51191
     -10.45847		       1.02217
      -8.77337		       6.45406
      -4.66787		      10.51881
       0.97634		      12.23763
       6.92071		      11.13740
      11.83876		       7.36069
      14.60661		       1.64087
      14.55096		      -4.85299
      11.59946		     -10.76777
       6.29997		     -14.85917
      -0.29568		     -16.26149
      -6.85792		     -14.67477
     -12.06573		     -10.42857
     -14.88997		      -4.40865
     -14.81183		       2.13650
     -11.92902		       7.86634
      -6.92748		      11.63620
      -0.92613		      12.73968
       4.76995		      11.05300
       8.95308		       7.05128
      10.77089		       1.69507
       9.90303		      -3.78624
       6.61945		      -8.16516
       1.71000		     -10.48126
      -3.69714		     -10.24322
      -8.38629		      -7.52524
     -11.31859		      -2.93918
     -11.85219		       2.50874
      -9.87173		       7.64291
      -5.80127		      11.37430
      -0.50101		      12.93132
       4.92692		      12.01639
       9.37901		       8.85674
      11.98426		       4.14132
      12.28113		      -1.13881
      10.30160		      -5.90938
       6.54718		      -9.24214
       1.86591		     -10.54487
      -2.73979		      -9.67284
      -6.33060		      -6.94092
      -8.22574		      -3.03750
      -8.13533		       1.13744
      -6.20398		       4.67224
      -2.96022		       6.83733
       0.81355		       7.23153
       4.25905		       5.85190
       6.62807		       3.07575
       7.43622		      -0.43735
       6.55335		      -3.89880
       4.21442		      -6.56402
       0.95254		      -7.88776
      -2.52769		      -7.62932
      -5.50649		      -5.88819
      -7.40027		      -3.06612
      -7.87612		       0.23234
      -6.90751		       3.33619
      -4.76266		       5.65070
      -1.93204		       6.77569
       0.98618		       6.57624
       3.41593		       5.19382
       4.92028		       2.99913
       5.28198		       0.50053
       4.53298		      -1.77016
       2.93022		      -3.36885
       0.88651		      -4.02453
      -1.12616		      -3.68268
      -2.67858		      -2.50073
      -3.47009		      -0.79991
      -3.38147		       1.01330
      -2.48643		       2.53755
      -1.02239		       3.45930
       0.67032		       3.61121
       2.22589		       2.99608
       3.32976		       1.77410
       3.77919		       0.21892
       3.51628		      -1.34613
       2.62910		      -2.61690
       1.32318		      -3.36805
      -0.12840		      -3.49212
      -1.44455		      -3.01175
      -2.39242		      -2.06492
      -2.82947		      -0.86836
      -2.72404		       0.33167
      -2.15222		       1.31034
      -1.27357		       1.90668
      -0.29237		       2.04973
       0.58664		       1.76461
       1.19891		       1.15912
       1.44926		       0.39503
       1.32495		      -0.34886
       0.89124		      -0.91407
       0.27185		      -1.19269
      -0.38064		      -1.14520
      -0.91794		      -0.80333
      -1.22585		      -0.25852
      -1.24521		       0.36074
      -0.98039		       0.91741
      -0.49459		       1.29429
       0.10639		       1.41666
       0.69789		       1.26511
       1.16263		       0.87653
       1.41401		       0.33380
       1.41200		      -0.25330
       1.16895		      -0.77160
       0.74438		      -1.12761
       0.23050		      -1.26552
      -0.26830		      -1.17661
      -0.65756		      -0.89863
      -0.87188		      -0.50556
      -0.88720		      -0.09010
      -0.72378		       0.25694
      -0.43976		       0.46629
      -0.11664		       0.50440
       0.15984		       0.37956
       0.31927		       0.13850
       0.32229		      -0.14533
       0.16909		      -0.38938
      -0.10116		      -0.52141
      -0.41968		      -0.49638
      -0.70423		      -0.30703
      -0.87826		       0.01409
      -0.88886		       0.40179
      -0.71931		       0.77290
      -0.39360		       1.04509
       0.02849		       1.15572
       0.46440		       1.07640
       0.82711		       0.81984
       1.04482		       0.43746
       1.07715		       0.00812
       0.92453		      -0.37943
       0.62832		      -0.64665
       0.26153		      -0.74313
      -0.08775		      -0.65822
      -0.33659		      -0.42377
      -0.42660		      -0.10701
      -0.33780		       0.20481
      -0.09393		       0.42465
       0.24234		       0.48619
       0.58329		       0.36002
       0.83610		       0.06159
       0.92451		      -0.35108
       0.80709		      -0.78945
       0.48801		      -1.15383
       0.01772		      -1.35583
      -0.51699		      -1.33877
      -1.01123		      -1.09134
      -1.36490		      -0.65152
      -1.50487		      -0.09935
      -1.40171		       0.45969
      -1.07683		       0.91733
      -0.59861		       1.18623
      -0.06787		       1.21922
       0.40393		       1.02007
       0.71920		       0.64291
       0.81583		       0.18055
       0.68117		      -0.25600
       0.35510		      -0.56218
      -0.07859		      -0.66338
      -0.51071		      -0.53195
      -0.83097		      -0.19383
      -0.95283		       0.27663
      -0.83319		       0.77269
      -0.48273		       1.17869
       0.03565		       1.39559
       0.61995		       1.36318
       1.15087		       1.07388
       1.51766		       0.57515
       1.64224		      -0.04024
       1.49636		      -0.65376
       1.10796		      -1.14646
       0.55539		      -1.42444
      -0.04931		      -1.43888
      -0.58442		      -1.19641
      -0.94454		      -0.75742
      -1.06309		      -0.22281
      -0.92621		       0.28790
      -0.57538		       0.66246
      -0.09801		       0.81991
       0.39175		       0.72783
       0.77775		       0.40909
       0.96699		      -0.06343
       0.90957		      -0.58267
       0.60937		      -1.03046
       0.12318		      -1.30287
      -0.45131		      -1.33244
      -0.99621		      -1.10250
      -1.39826		      -0.65089
      -1.57263		      -0.06208
      -1.48064		       0.55031
      -1.13794		       1.06705
      -0.61127		       1.38796
      -0.00486		       1.45249
       0.56103		       1.25221
       0.97464		       0.83256
       1.15560		       0.28360
       1.07139		      -0.27829
       0.74411		      -0.73409
       0.24625		      -0.98641
      -0.31378		      -0.97951
      -0.81342		      -0.71102
      -1.14078		      -0.23311
      -1.21758		       0.35738
      -1.01567		       0.93786
      -0.56376		       1.38442
       0.05713		       1.59688
       0.72880		       1.51980
       1.31879		       1.15481
       1.70685		       0.56202
       1.80959		      -0.15042
       1.59864		      -0.84670
       1.10823		      -1.38998
       0.43042		      -1.67022
      -0.30158		      -1.62764
      -0.93911		      -1.26689
      -1.34805		      -0.65869
      -1.43717		       0.07197
      -1.17892		       0.76943
      -0.61819		       1.27830
       0.13357		       1.47602
       0.91838		       1.30024
       1.56248		       0.76506
       1.91207		      -0.03779
       1.86683		      -0.95398
       1.40410		      -1.79567
       0.58796		      -2.37924
      -0.43939		      -2.56420
      -1.48332		      -2.28529
      -2.33496		      -1.57023
      -2.81455		      -0.53891
      -2.81093		       0.61724
      -2.30850		       1.67214
      -1.39531		       2.41132
      -0.24924		       2.67817
       0.89571		       2.41010
       1.79698		       1.65640
       2.25524		       0.57285
       2.15948		      -0.60693
       1.51531		      -1.61840
       0.44927		      -2.22209
      -0.81268		      -2.25693
      -1.98950		      -1.67923
      -2.80340		      -0.57809
      -3.04044		       0.83720
      -2.60016		       2.27649
      -1.52302		       3.42744
       0.01134		       4.02180
       1.71599		       3.89514
       3.25323		       3.02696
       4.30441		       1.55141
       4.63867		      -0.26472
       4.16559		      -2.07346
       2.95964		      -3.51663
       1.25028		      -4.30157
      -0.62171		      -4.26572
      -2.27330		      -3.41537
      -3.35975		      -1.92960
      -3.64962		      -0.12715
      -3.07789		       1.59792
      -1.76495		       2.85870
       0.00367		       3.35917
       1.83373		       2.96094
       3.30397		       1.71822
       4.05610		      -0.12747
       3.87412		      -2.19305
       2.73555		      -4.03131
       0.82290		      -5.22449
      -1.50841		      -5.47434
      -3.79978		      -4.66932
      -5.58313		      -2.91403
      -6.47910		      -0.51368
      -6.27910		       2.08446
      -4.99318		       4.38084
      -2.85308		       5.92672
      -0.26853		       6.41871
       2.25476		       5.76471
       4.21894		       4.10677
       5.23811		       1.79504
       5.12076		      -0.68252
       3.91272		      -2.80055
       1.89083		      -4.10640
      -0.49213		      -4.31662
      -2.70041		      -3.37951
      -4.22743		      -1.48982
      -4.70342		       0.94821
      -3.97626		       3.40242
      -2.14777		       5.32262
       0.44255		       6.25600
       3.28389		       5.94407
       5.79730		       4.38059
       7.45469		       1.81770
       7.88889		      -1.28147
       6.97198		      -4.33466
       4.84491		      -6.75811
       1.89208		      -8.08588
      -1.33474		      -8.06599
      -4.22744		      -6.71337
      -6.24517		      -4.30820
      -7.02482		      -1.33966
      -6.45544		       1.59367
      -4.70104		       3.90629
      -2.16686		       5.14612
       0.58428		       5.08753
       2.94836		       3.77799
       4.40527		       1.52837
       4.62694		      -1.15111
       3.54607		      -3.65629
       1.37119		      -5.41411
      -1.45504		      -6.00141
      -4.34579		      -5.23334
      -6.68973		      -3.20288
      -7.97585		      -0.26366
      -7.89801		       3.04046
      -6.41758		       6.08434
      -3.77196		       8.28696
      -0.42725		       9.22733
       3.01494		       8.72776
       5.93714		       6.88767
       7.82794		       4.06165
       8.38145		       0.78679
       7.55453		      -2.32554
       5.57096		      -4.71119
       2.87243		      -5.96352
       0.02705		      -5.91056
      -2.38562		      -4.64425
      -3.88980		      -2.49681
      -4.20592		       0.03004
      -3.30262		       2.36800
      -1.39870		       3.99635
       1.08401		       4.54457
       3.60677		       3.86362
       5.62119		       2.05284
       6.67643		      -0.56186
       6.50570		      -3.49295
       5.07600		      -6.18602
       2.59268		      -8.12545
      -0.54095		      -8.93083
      -3.80018		      -8.42641
      -6.63646		      -6.67142
      -8.57746		      -3.94664
      -9.31137		      -0.70091
      -8.74051		       2.53166
      -6.99558		       5.22832
      -4.40872		       6.97046
      -1.45130		       7.51642
       1.35212		       6.84170
       3.51808		       5.14038
       4.69036		       2.78775
       4.70312		       0.27128
       3.61017		      -1.89823
       1.67536		      -3.27981
      -0.67448		      -3.58372
      -2.92623		      -2.72698
      -4.57416		      -0.85272
      -5.21438		       1.69064
      -4.62368		       4.40810
      -2.80806		       6.74536
      -0.01124		       8.19043
       3.32031		       8.37162
       6.61138		       7.13415
       9.25964		       4.57997
      10.74744		       1.06161
      10.74331		      -2.87159
       9.17361		      -6.56731
       6.24865		      -9.38859
       2.43566		     -10.83541
      -1.61926		     -10.64606
      -5.20805		      -8.85718
      -7.69543		      -5.80819
      -8.64586		      -2.08617
      -7.91672		       1.58129
      -5.69698		       4.46644
      -2.48056		       5.98815
       1.02354		       5.83544
       4.02940		       4.04120
       5.83416		       0.98816
       5.96797		      -2.65737
       4.30189		      -6.07371
       1.08927		      -8.45013
      -3.07114		      -9.15788
      -7.34618		      -7.89043
     -10.83305		      -4.74172
     -12.74527		      -0.20349
     -12.58151		       4.92100
     -10.24076		       9.67187
      -6.05752		      13.12579
      -0.74693		      14.58769
       4.73154		      13.74062
       9.36544		      10.72045
      12.29650		       6.09763
      13.00035		       0.76749
      11.39982		      -4.23002
       7.88633		      -7.92419
       3.24305		      -9.61641
      -1.51567		      -9.02867
      -5.35586		      -6.36520
      -7.44227		      -2.27284
      -7.31693		       2.29285
      -4.99974		       6.26823
      -0.98851		       8.70726
       3.84229		       8.98426
       8.42353		       6.93043
      11.71603		       2.87490
      12.93049		      -2.41927
      11.69604		      -7.91077
       8.14177		     -12.49507
       2.87374		     -15.23330
      -3.14754		     -15.54705
      -8.80348		     -13.33804
     -13.04606		      -9.00796
     -15.11093		      -3.37477
     -14.67066		       2.49643
     -11.89655		       7.51201
      -7.41724		      10.77198
      -2.18384		      11.74966
       2.72936		      10.39218
       6.34636		       7.12216
       7.98724		       2.74180
       7.40173		      -1.73928
       4.81251		      -5.31563
       0.86075		      -7.19308
      -3.53287		      -6.94888
      -7.36179		      -4.61325
      -9.74123		      -0.65730
     -10.08769		       4.10823
      -8.23437		       8.70114
      -4.46097		      12.16759
       0.56653		      13.77277
       5.93178		      13.14461
      10.65123		      10.34319
      13.86706		       5.84365
      15.01182		       0.43818
      13.91309		      -4.92193
      10.81929		      -9.31183
       6.34345		     -12.00961
       1.33779		     -12.62970
      -3.27497		     -11.18857
      -6.68017		      -8.09156
      -8.32511		      -4.04519
      -8.01930		       0.08666
      -5.96299		       3.45398
      -2.69986		       5.38614
       0.99576		       5.51994
       4.27469		       3.86661
       6.38128		       0.80550
       6.80220		      -2.99343
       5.36731		      -6.70285
       2.28366		      -9.50135
      -1.90374		     -10.73529
      -6.41652		     -10.04828
     -10.39312		      -7.45343
     -13.05571		      -3.33436
     -13.86165		       1.62562
     -12.61046		       6.57266
      -9.48502		      10.64556
      -5.01874		      13.14131
       0.00580		      13.65107
       4.70733		      12.13939
       8.27657		       8.95090
      10.13357		       4.74221
      10.04051		       0.35185
       8.14690		      -3.36650
       4.95751		      -5.71451
       1.22871		      -6.28902
      -2.18651		      -5.06283
      -4.51403		      -2.38916
      -5.21866		       1.07166
      -4.11602		       4.48918
      -1.41264		       7.03575
       2.33473		       8.05998
       6.33283		       7.22489
       9.71552		       4.58148
      11.72380		       0.56215
      11.86446		      -4.10542
      10.01427		      -8.54619
       6.44755		     -11.91680
       1.78117		     -13.57837
      -3.15157		     -13.22660
      -7.47159		     -10.95200
     -10.43314		      -7.21776
     -11.57371		      -2.76027
     -10.80316		       1.56601
      -8.41394		       4.96622
      -5.01114		       6.86734
      -1.37816		       7.03079
       1.69233		       5.59229
       3.56556		       3.02181
       3.89449		       0.01358
       2.68524		      -2.66884
       0.28557		      -4.35822
      -2.69906		      -4.62447
      -5.54229		      -3.36101
      -7.55549		      -0.79970
      -8.23376		       2.54664
      -7.35847		       5.99970
      -5.03589		       8.86233
      -1.66591		      10.56413
       2.14958		      10.77489
       5.73685		       9.46322
       8.48957		       6.89033
       9.98721		       3.54349
      10.06874		       0.02635
       8.84853		      -3.06827
       6.67462		      -5.27531
       4.04185		      -6.34017
       1.48128		      -6.25214
      -0.54926		      -5.22512
      -1.75049		      -3.63388
      -2.02698		      -1.92281
      -1.48656		      -0.50869
      -0.39806		       0.30157
       0.87967		       0.36267
       1.97969		      -0.29565
       2.60183		      -1.49183
       2.56579		      -2.94361
       1.83435		      -4.33292
       0.50606		      -5.36966
      -1.21685		      -5.84186
      -3.07516		      -5.64439
      -4.80244		      -4.78428
      -6.16789		      -3.36606
      -7.00589		      -1.56389
      -7.23007		       0.41146
      -6.83347		       2.34407
      -5.87907		       4.03813
      -4.48504		       5.33575
      -2.80850		       6.12816
      -1.02944		       6.36238
       0.66536		       6.04494
       2.09960		       5.24303
       3.12660		       4.08161
       3.64978		       2.73404
       3.64161		       1.40413
       3.15636		       0.29879
       2.33146		      -0.40615
       1.37330		      -0.60173
       0.52620		      -0.27532
       0.02781		       0.47465
       0.05816		       1.44533
       0.69338		       2.36016
       1.87551		       2.92065
       3.40834		       2.87033
       4.98400		       2.05789
       6.23825		       0.48425
       6.82525		      -1.67915
       6.49647		      -4.10885
       5.16608		      -6.38405
       2.94601		      -8.06871
       0.13996		      -8.80457
      -2.80615		      -8.39470
      -5.38916		      -6.85750
      -7.15256		      -4.43664
      -7.78670		      -1.56159
      -7.20225		       1.23564
      -5.55854		       3.43088
      -3.23776		       4.62198
      -0.76823		       4.62065
       1.28836		       3.50015
       2.46150		       1.58588
       2.48032		      -0.61136
       1.34051		      -2.50644
      -0.68710		      -3.57153
      -3.11032		      -3.45899
      -5.32161		      -2.08706
      -6.73352		       0.33246
      -6.91373		       3.33245
      -5.68870		       6.28792
      -3.19146		       8.55194
       0.15871		       9.60000
       3.74158		       9.15027
       6.86836		       7.23176
       8.93195		       4.18409
       9.54131		       0.58764
       8.60924		      -2.86106
       6.37316		      -5.50122
       3.34348		      -6.85286
       0.19049		      -6.72219
      -2.40496		      -5.24307
      -3.90331		      -2.84500
      -4.02645		      -0.15430
      -2.81853		       2.14901
      -0.63379		       3.48631
       1.94610		       3.51218
       4.24627		       2.19291
       5.65378		      -0.18614
       5.75846		      -3.08584
       4.44721		      -5.83635
       1.93054		      -7.78949
      -1.30444		      -8.46585
      -4.60361		      -7.66306
      -7.29257		      -5.50087
      -8.82707		      -2.39318
      -8.91282		       1.04590
      -7.56782		       4.14016
      -5.11371		       6.30156
      -2.09895		       7.15863
       0.82777		       6.63389
       3.06443		       4.95363
       4.18911		       2.58896
       4.04977		       0.14254
       2.79083		      -1.79200
       0.81160		      -2.76545
      -1.33263		      -2.57231
      -3.06293		      -1.29202
      -3.91156		       0.73610
      -3.62827		       2.99710
      -2.23429		       4.92326
      -0.01276		       6.02635
       2.56086		       6.00885
       4.93089		       4.82898
       6.58944		       2.70570
       7.19049		       0.06398
       6.62417		      -2.56560
       5.03522		      -4.66863
       2.78297		      -5.86156
       0.35363		      -5.97303
      -1.75353		      -5.07431
      -3.13904		      -3.45318
      -3.58934		      -1.53929
      -3.11688		       0.20040
      -1.94669		       1.37077
      -0.45429		       1.73685
       0.92906		       1.27162
       1.82039		       0.15342
       1.97394		      -1.28455
       1.33452		      -2.63915
       0.04435		      -3.53567
      -1.59688		      -3.71594
      -3.20746		      -3.09609
      -4.41581		      -1.78138
      -4.94701		      -0.03616
      -4.68370		       1.78230
      -3.68790		       3.30931
      -2.18017		       4.25669
      -0.48265		       4.47555
       1.05925		       3.98402
       2.15714		       2.95467
       2.64296		       1.66644
       2.50104		       0.43386
       1.86274		      -0.46875
       0.96640		      -0.86978
       0.09394		      -0.73531
      -0.50000		      -0.16945
      -0.64891		       0.61861
      -0.31113		       1.37138
       0.42538		       1.84895
       1.36990		       1.88784
       2.27971		       1.43876
       2.92148		       0.57506
       3.12788		      -0.52882
       2.83607		      -1.64266
       2.09932		      -2.53739
       1.07028		      -3.03946
      -0.03904		      -3.06959
      -1.00978		      -2.65719
      -1.66803		      -1.92800
      -1.92335		      -1.06911
      -1.78527		      -0.28096
      -1.35478		       0.27153
      -0.79400		       0.49673
      -0.28242		       0.39410
       0.02887		       0.04880
       0.05372		      -0.39465
      -0.21044		      -0.77227
      -0.68559		      -0.94352
      -1.23612		      -0.82653
      -1.70537		      -0.41728
      -1.95592		       0.21133
      -1.90374		       0.92955
      -1.53790		       1.58423
      -0.92154		       2.03683
      -0.17467		       2.19653
       0.55631		       2.04043
       1.13423		       1.61647
       1.46318		       1.02904
       1.50902		       0.41161
       1.30405		      -0.10647
       0.93537		      -0.43052
       0.52043		      -0.52108
       0.17654		      -0.39996
      -0.00804		      -0.14097
       0.00562		       0.15164
       0.20011		       0.37125
       0.50890		       0.43598
       0.83544		       0.30850
       1.07879		       0.00386
       1.15922		      -0.41605
       1.03745		      -0.85920
       0.72319		      -1.22696
       0.27134		      -1.43802
      -0.23256		      -1.44725
      -0.69348		      -1.25477
      -1.02935		      -0.90390
      -1.18906		      -0.46892
      -1.16213		      -0.03624
      -0.97816		       0.31605
      -0.69687		       0.53525
      -0.39175		       0.60380
      -0.13176		       0.53999
       0.03436		       0.38995
       0.08752		       0.21379
       0.03973		       0.06951
      -0.07219		      -0.00104
      -0.19839		       0.01902
      -0.28994		       0.11991
      -0.31112		       0.27016
      -0.24734		       0.42662
      -0.10693		       0.54638
       0.08298		       0.59746
       0.28489		       0.56564
       0.46099		       0.45608
       0.58217		       0.28988
       0.63370		       0.09707
       0.61642		      -0.09174
       0.54372		      -0.25260
       0.43567		      -0.37246
       0.31238		      -0.44962
       0.18857		      -0.49076
       0.07101		      -0.50583
      -0.04073		      -0.50289
      -0.15085		      -0.48444
      -0.26253		      -0.44675
      -0.37368		      -0.38205
      -0.47491		      -0.28308
      -0.55056		      -0.14812
      -0.58271		       0.01522
      -0.55702		       0.18901
      -0.46869		       0.34759
      -0.32629		       0.46329
      -0.15221		       0.51390
       0.02113		       0.48974
       0.15857		       0.39818
       0.23131		       0.26387
       0.22549		       0.12415
       0.14756		       0.02037
       0.02483		      -0.01292
      -0.09969		       0.04185
      -0.17717		       0.17852
      -0.16548		       0.36609
      -0.04133		       0.55397
       0.19133		       0.68291
       0.49899		       0.69929
       0.82354		       0.56928
       1.09381		       0.28953
       1.24140		      -0.10881
       1.21714		      -0.56404
       1.00423		      -0.99551
       0.62463		      -1.32058
       0.13683		      -1.47313
      -0.37511		      -1.41934
      -0.81897		      -1.16683
      -1.11450		      -0.76472
      -1.21174		      -0.29406
      -1.10298		       0.14933
      -0.82551		       0.47612
      -0.45405		       0.62385
      -0.08435		       0.57173
       0.18846		       0.34625
       0.29208		       0.01604
       0.19447		      -0.32322
      -0.08753		      -0.57043
      -0.49062		      -0.64261
      -0.91818		      -0.49490
      -1.26145		      -0.13228
      -1.42397		       0.38969
      -1.34381		       0.97558
      -1.00861		       1.51003
      -0.45974		       1.88248
       0.21527		       2.01128
       0.90057		       1.86178
       1.47630		       1.45423
       1.84373		       0.85985
       1.94594		       0.18582
       1.77939		      -0.44751
       1.39384		      -0.93193
       0.88079		      -1.19396
       0.35305		      -1.20950
      -0.07987		      -1.00756
      -0.33528		      -0.66245
      -0.37448		      -0.27627
      -0.20996		       0.04420
       0.09865		       0.21123
       0.45878		       0.17508
       0.76603		      -0.06568
       0.92726		      -0.46453
       0.88081		      -0.93769
       0.60944		      -1.38253
       0.14359		      -1.69947
      -0.44550		      -1.81266
      -1.06093		      -1.68514
      -1.60001		      -1.32541
      -1.97458		      -0.78462
      -2.12752		      -0.14520
      -2.04223		       0.49608
      -1.74369		       1.04696
      -1.29127		       1.43656
      -0.76546		       1.62689
      -0.25143		       1.61725
       0.17696		       1.44118
       0.46956		       1.15711
       0.60690		       0.83527
       0.60067		       0.54355
       0.48840		       0.33523
       0.32398		       0.24061
       0.16624		       0.26362
       0.06775		       0.38341
       0.06594		       0.56006
       0.17758		       0.74287
       0.39709		       0.87952
       0.69841		       0.92468
       1.03966		       0.84685
       1.36959		       0.63294
       1.63488		       0.29011
       1.78752		      -0.15480
       1.79145		      -0.65825
       1.62797		      -1.16487
       1.29941		      -1.61417
       0.83048		      -1.94829
       0.26677		      -2.12028
      -0.32973		      -2.10186
      -0.88828		      -1.88943
      -1.33933		      -1.50706
      -1.62576		      -1.00529
      -1.71347		      -0.45530
      -1.59927		       0.06150
      -1.31413		       0.46701
      -0.92029		       0.70110
      -0.50195		       0.73448
      -0.15056		       0.57695
       0.05310		       0.27856
       0.05647		      -0.07733
      -0.15117		      -0.38876
      -0.53260		      -0.55535
      -1.00613		      -0.50022
      -1.45898		      -0.18906
      -1.76869		       0.35797
      -1.82875		       1.06502
      -1.57331		       1.81117
      -0.99540		       2.45175
      -0.15422		       2.84678
       0.83110		       2.89092
       1.80114		       2.53850
       2.58594		       1.81795
       3.03937		       0.83156
       3.07089		      -0.26054
       2.66776		      -1.26971
       1.90213		      -2.01613
       0.92054		      -2.36664
      -0.08308		      -2.26477
      -0.90606		      -1.74617
      -1.37965		      -0.93498
      -1.40653		      -0.02113
      -0.98499		       0.77786
      -0.21347		       1.26300
       0.72634		       1.29820
       1.60543		       0.84321
       2.19550		      -0.03265
       2.31929		      -1.16003
       1.89232		      -2.30137
       0.94644		      -3.19920
      -0.37070		      -3.63122
      -1.82148		      -3.46037
      -3.12487		      -2.66886
      -4.01455		      -1.36788
      -4.29647		       0.22013
      -3.89330		       1.80398
      -2.86549		       3.08288
      -1.40340		       3.80991
       0.20885		       3.84626
       1.65104		       3.19400
       2.63436		       1.99955
       2.96414		       0.52590
       2.58418		      -0.90128
       1.59228		      -1.96281
       0.22250		      -2.41577
      -1.20270		      -2.14861
      -2.34120		      -1.20905
      -2.90618		       0.20217
      -2.73102		       1.77141
      -1.80961		       3.13809
      -0.30252		       3.97294
       1.49344		       4.05144
       3.20629		       3.30620
       4.46814		       1.84625
       4.99550		      -0.06196
       4.65298		      -2.04843
       3.48604		      -3.71745
       1.71481		      -4.73260
      -0.31046		      -4.89045
      -2.18308		      -4.16640
      -3.52718		      -2.72212
      -4.07938		      -0.87234
      -3.74682		       0.98243
      -2.62841		       2.44259
      -0.99402		       3.19693
       0.77400		       3.09127
       2.26476		       2.16306
       3.12948		       0.63379
       3.15907		      -1.13932
       2.33115		      -2.74194
       0.81591		      -3.79435
      -1.06066		      -4.03580
      -2.88819		      -3.38291
      -4.26223		      -1.94877
      -4.87336		      -0.01875
      -4.57532		       2.01191
      -3.41698		       3.72454
      -1.63122		       4.76857
       0.41671		       4.93745
       2.30966		       4.21241
       3.66966		       2.76458
       4.23956		       0.91515
       3.93691		      -0.93683
       2.86863		      -2.40280
       1.30374		      -3.18931
      -0.38919		      -3.16000
      -1.82527		      -2.36176
      -2.68839		      -1.00982
      -2.79904		       0.56407
      -2.15043		       1.98790
      -0.90528		       2.93267
       0.64468		       3.18389
       2.14666		       2.68564
       3.26620		       1.54838
       3.75997		       0.01964
       3.52612		      -1.57437
       2.62155		      -2.90255
       1.24378		      -3.70083
      -0.31735		      -3.82654
      -1.74612		      -3.28381
      -2.76990		      -2.21571
      -3.21532		      -0.86644
      -3.03977		       0.47657
      -2.33270		       1.54668
      -1.28800		       2.15374
      -0.15539		       2.21955
       0.81712		       1.78657
       1.43623		       0.99977
       1.60064		       0.06738
       1.31523		      -0.78893
       0.68107		      -1.38286
      -0.13474		      -1.60022
      -0.94081		      -1.41679
      -1.56444		      -0.89483
      -1.88620		      -0.16126
      -1.85934		       0.62574
      -1.51124		       1.31307
      -0.92882		       1.78348
      -0.23319		       1.97458
       0.44941		       1.88346
       1.01312		       1.55800
       1.38941		       1.07892
       1.55286		       0.53827
       1.51676		       0.02017
       1.32153		      -0.41238
       1.02061		      -0.72255
       0.66792		      -0.89769
       0.30992		      -0.94276
      -0.01700		      -0.87277
      -0.28496		      -0.70729
      -0.47131		      -0.46847
      -0.55660		      -0.18256
      -0.52562		       0.11717
      -0.37199		       0.38866
      -0.10486		       0.58307
       0.24509		       0.65162
       0.62360		       0.55673
       0.95724		       0.28475
       1.16500		      -0.14358
       1.17559		      -0.66902
       0.94667		      -1.19895
       0.48086		      -1.62237
      -0.16645		      -1.83257
      -0.89111		      -1.75289
      -1.55696		      -1.35918
      -2.02287		      -0.69275
      -2.17463		       0.14080
      -1.95421		       0.98824
      -1.37912		       1.67870
      -0.54571		       2.06081
       0.38558		       2.03890
       1.22131		       1.59936
       1.77646		       0.82004
       1.91691		      -0.14087
       1.59331		      -1.07524
       0.85761		      -1.76907
      -0.14266		      -2.05053
      -1.19234		      -1.83123
      -2.05356		      -1.13066
      -2.51815		      -0.07730
      -2.45589		       1.11494
      -1.84722		       2.19070
      -0.79242		       2.90841
       0.50584		       3.09460
       1.78359		       2.68496
       2.77175		       1.74240
       3.25537		       0.44723
       3.12248		      -0.93897
       2.39146		      -2.12867
       1.21020		      -2.87079
      -0.17337		      -3.00652
      -1.46357		      -2.50598
      -2.38072		      -1.47720
      -2.72264		      -0.14490
      -2.41011		       1.19668
      -1.50617		       2.24699
      -0.20446		       2.76465
       1.21096		       2.62092
       2.42615		       1.82931
       3.16490		       0.54461
       3.24902		      -0.96867
       2.63790		      -2.39198
       1.43887		      -3.42045
      -0.11424		      -3.82828
      -1.70977		      -3.51763
      -3.02388		      -2.54032
      -3.78904		      -1.08788
      -3.85091		       0.54834
      -3.20127		       2.03830
      -1.98005		       3.08281
      -0.44599		       3.47657
       1.07789		       3.15151
       2.27239		       2.19106
       2.88952		       0.81254
       2.80484		      -0.67882
       2.04383		      -1.95428
       0.77661		      -2.73109
      -0.71762		      -2.83233
      -2.10926		      -2.22457
      -3.08757		      -1.02554
      -3.42617		       0.51991
      -3.03099		       2.09049
      -1.96077		       3.35523
      -0.41575		       4.04246
       1.30319		       3.99668
       2.85636		       3.21134
       3.93536		       1.83090
       4.32682		       0.12148
       3.95661		      -1.58371
       2.90530		      -2.95304
       1.39149		      -3.72481
      -0.27345		      -3.76128
      -1.75001		      -3.07701
      -2.74106		      -1.83553
      -3.05374		      -0.31505
      -2.63960		       1.14990
      -1.60476		       2.23864
      -0.18766		       2.71186
       1.29099		       2.46227
       2.49567		       1.53776
       3.14696		       0.13196
       3.08094		      -1.45576
       2.28466		      -2.88281
       0.89994		      -3.83532
      -0.80526		      -4.09431
      -2.49219		      -3.58234
      -3.82171		      -2.38052
      -4.52507		      -0.71234
      -4.46005		       1.10248
      -3.64064		       2.71437
      -2.23386		       3.81665
      -0.52451		       4.20911
       1.14490		       3.83911
       2.44605		       2.81140
       3.13354		       1.36474
       3.09557		      -0.17977
       2.37616		      -1.48741
       1.16398		      -2.28105
      -0.24943		      -2.39954
      -1.53304		      -1.83099
      -2.38763		      -0.71384
      -2.60975		       0.69406
      -2.13461		       2.07169
      -1.04900		       3.10408
       0.42828		       3.54949
       1.99389		       3.29037
       3.32483		       2.35726
       4.14673		       0.92093
       4.29075		      -0.74503
       3.72732		      -2.32278
       2.56983		      -3.51705
       1.04809		      -4.11579
      -0.54202		      -4.03198
      -1.90157		      -3.31802
      -2.79050		      -2.15043
      -3.07523		      -0.78893
      -2.75236		       0.48070
      -1.94422		       1.40726
      -0.86793		       1.82529
       0.21424		       1.68623
       1.05215		       1.06368
       1.46023		       0.13266
       1.35405		      -0.87165
       0.76409		      -1.70615
      -0.17527		      -2.17138
      -1.25807		      -2.15164
      -2.25253		      -1.63573
      -2.94988		      -0.71501
      -3.20602		       0.43969
      -2.96760		       1.61620
      -2.27815		       2.60538
      -1.26409		       3.24214
      -0.10512		       3.43500
       1.00405		       3.17870
       1.89205		       2.54887
       2.44148		       1.68110
       2.60625		       0.74003
       2.41348		      -0.11430
       1.95097		      -0.75594
       1.34432		      -1.11289
       0.72925		      -1.17446
       0.22534		      -0.98613
      -0.08421		      -0.63455
      -0.16339		      -0.22675
      -0.02425		       0.13156
       0.28079		       0.35449
       0.67262		       0.38851
       1.06147		       0.21778
       1.36219		      -0.13727
       1.50661		      -0.62647
       1.45171		      -1.17945
       1.18350		      -1.71643
       0.71723		      -2.15853
       0.09479		      -2.43702
      -0.62016		      -2.50111
      -1.34875		      -2.32417
      -2.00519		      -1.90818
      -2.50660		      -1.28580
      -2.78401		      -0.51925
      -2.79339		       0.30487
      -2.52507		       1.08542
      -2.00930		       1.72052
      -1.31607		       2.12411
      -0.54758		       2.24233
       0.17642		       2.06649
       0.73897		       1.63919
       1.04837		       1.05099
       1.05845		       0.42701
       0.78187		      -0.09537
       0.29245		      -0.39383
      -0.28514		      -0.38822
      -0.79787		      -0.06138
      -1.09507		       0.53170
      -1.06167		       1.26947
      -0.64671		       1.98470
       0.11977		       2.49705
       1.12603		       2.65151
       2.19595		       2.35435
       3.12170		       1.59856
       3.70591		       0.47226
       3.80451		      -0.85304
       3.36088		      -2.15308
       2.42322		      -3.19479
       1.14019		      -3.78480
      -0.26533		      -3.81186
      -1.53980		      -3.27372
      -2.45125		      -2.28159
      -2.83898		      -1.04034
      -2.64968		       0.19244
      -1.95156		       1.16027
      -0.92248		       1.66311
       0.18628		       1.60214
       1.10343		       1.00371
       1.59699		       0.01643
       1.52662		      -1.11866
       0.87722		      -2.11919
      -0.23419		      -2.72299
      -1.58056		      -2.74681
      -2.87164		      -2.12919
      -3.81597		      -0.94761
      -4.18450		       0.59449
      -3.86198		       2.20846
      -2.87459		       3.58071
      -1.38721		       4.43940
       0.32943		       4.61322
       1.95509		       4.06904
       3.18757		       2.92006
       3.80701		       1.40236
       3.72260		      -0.17536
       2.99158		      -1.49793
       1.80596		      -2.31131
       0.45005		      -2.47693
      -0.76213		      -2.00061
      -1.55573		      -1.02993
      -1.75506		       0.17955
      -1.32156		       1.32158
      -0.36137		       2.10736
       0.89899		       2.32958
       2.16329		       1.90796
       3.13138		       0.90676
       3.56532		      -0.47985
       3.34142		      -1.97066
       2.47673		      -3.25912
       1.12449		      -4.07993
      -0.46009		      -4.26583
      -1.97585		      -3.78219
      -3.14068		      -2.73223
      -3.75125		      -1.33214
      -3.72426		       0.13781
      -3.11063		       1.39490
      -2.08004		       2.21450
      -0.88011		       2.47610
       0.22028		       2.18526
       0.99043		       1.46703
       1.28675		       0.53342
       1.08077		      -0.36725
       0.46057		      -1.00714
      -0.39374		      -1.22904
      -1.25409		      -0.97885
      -1.89755		      -0.31387
      -2.15624		       0.61419
      -1.95290		       1.59651
      -1.31485		       2.41582
      -0.36403		       2.89476
       0.71365		       2.93332
       1.71168		       2.52727
       2.44887		       1.76446
       2.80710		       0.80073
       2.75306		      -0.17779
       2.33967		      -0.99702
       1.68820		      -1.53181
       0.95622		      -1.72932
       0.29956		      -1.61444
      -0.16241		      -1.27701
      -0.37054		      -0.84517
      -0.33375		      -0.45184
      -0.12024		      -0.20275
       0.16466		      -0.15354
       0.40778		      -0.30074
       0.51703		      -0.58781
       0.44283		      -0.92374
       0.18738		      -1.20876
      -0.19973		      -1.36031
      -0.63742		      -1.33271
      -1.03596		      -1.12609
      -1.32026		      -0.78288
      -1.44769		      -0.37371
      -1.41619		       0.02304
      -1.26103		       0.34226
      -1.04175		       0.54812
      -0.82340		       0.64093
      -0.65730		       0.65350
      -0.56682		       0.63848
      -0.54183		       0.65026
      -0.54330		       0.72702
      -0.51650		       0.87768
      -0.40909		       1.07765
      -0.18899		       1.27459
       0.14316		       1.40273
       0.55046		       1.40186
       0.96653		       1.23594
       1.31109		       0.90600
       1.51035		       0.45379
       1.51717		      -0.04551
       1.32530		      -0.49986
       0.97389		      -0.82237
       0.54053		      -0.95328
       0.12417		      -0.87630
      -0.17837		      -0.62475
      -0.29641		      -0.27564
      -0.20422		       0.06743
       0.07057		       0.29883
       0.45115		       0.33705
       0.82808		       0.14623
       1.08454		      -0.25245
       1.12456		      -0.78264
       0.89759		      -1.32807
       0.41332		      -1.75798
      -0.25693		      -1.95719
      -0.99340		      -1.85381
      -1.65268		      -1.43810
      -2.09910		      -0.76775
      -2.23543		       0.04206
      -2.02599		       0.84197
      -1.50649		       1.48017
      -0.77826		       1.83564
       0.01241		       1.84524
       0.70541		       1.51862
       1.16157		       0.93718
       1.29344		       0.23708
       1.08508		      -0.42017
       0.59622		      -0.88309
      -0.05027		      -1.04399
      -0.69512		      -0.86333
      -1.17779		      -0.37928
      -1.37226		       0.29988
      -1.21565		       1.01890
      -0.72313		       1.60949
       0.01423		       1.92741
       0.84836		       1.88471
       1.60584		       1.46989
       2.12538		       0.75153
       2.29298		      -0.13561
       2.06700		      -1.01900
       1.48766		      -1.72507
       0.66883		      -2.11635
      -0.22618		      -2.12088
      -1.01948		      -1.74739
      -1.55656		      -1.08313
      -1.73909		      -0.27464
      -1.54540		       0.50408
      -1.03424		       1.08922
      -0.33116		       1.36228
       0.39956		       1.27500
       0.99098		       0.85892
       1.30991		       0.21737
       1.28548		      -0.49797
       0.92384		      -1.12084
       0.30592		      -1.50695
      -0.43112		      -1.56528
      -1.12447		      -1.27741
      -1.62149		      -0.70072
      -1.81276		       0.04489
      -1.65534		       0.80379
      -1.18116		       1.41870
      -0.48909		       1.76470
       0.27747		       1.77549
       0.96223		       1.45657
       1.42973		       0.88250
       1.59393		       0.17929
       1.43530		      -0.50396
       1.00311		      -1.02775
       0.40269		      -1.29186
      -0.22916		      -1.25569
      -0.75488		      -0.94493
      -1.06608		      -0.44360
      -1.10608		       0.12648
      -0.88042		       0.63383
      -0.45322		       0.96661
       0.06922		       1.05660
       0.56360		       0.89268
       0.91770		       0.52109
       1.05494		       0.03304
       0.95018		      -0.45737
       0.63341		      -0.83947
       0.18099		      -1.03063
      -0.30316		      -0.99363
      -0.71185		      -0.74324
      -0.95864		      -0.34082
      -0.99627		       0.12129
      -0.82549		       0.54177
      -0.49266		       0.83329
      -0.07717		       0.94140
       0.32807		       0.85502
       0.63828		       0.60655
       0.79553		       0.26208
       0.78034		      -0.09568
       0.61379		      -0.38749
       0.35003		      -0.55573
       0.06151		      -0.57658
      -0.17952		      -0.46353
      -0.31833		      -0.26181
      -0.33014		      -0.03545
      -0.22448		       0.14961
      -0.04112		       0.24215
       0.16140		       0.21789
       0.32142		       0.08462
       0.38997		      -0.12093
       0.34298		      -0.34337
       0.18671		      -0.52324
      -0.04449		      -0.61233
      -0.29756		      -0.58565
      -0.51459		      -0.44735
      -0.64765		      -0.22897
      -0.67073		       0.01918
      -0.58587		       0.24128
      -0.42197		       0.39054
      -0.22668		       0.44115
      -0.05343		       0.39464
       0.05288		       0.27906
       0.06802		       0.14119
      -0.00494		       0.03373
      -0.13609		       0.00080
      -0.27637		       0.06550
      -0.37043		       0.22275
      -0.37154		       0.43944
      -0.25475		       0.66186
      -0.02470		       0.82888
       0.28379		       0.88743
       0.61290		       0.80659
       0.89517		       0.58651
       1.06962		       0.25993
       1.09695		      -0.11444
       0.96983		      -0.46520
       0.71556		      -0.72503
       0.39035		      -0.84697
       0.06634		      -0.81611
      -0.18564		      -0.65373
      -0.31339		      -0.41261
      -0.29649		      -0.16448
      -0.15193		       0.01744
       0.06930		       0.07683
       0.29418		      -0.01112
       0.44534		      -0.23239
       0.46041		      -0.53620
       0.30824		      -0.84613
      -0.00196		      -1.07792
      -0.42099		      -1.15968
      -0.86974		      -1.04985
      -1.25670		      -0.74834
      -1.49904		      -0.29817
      -1.54208		       0.22316
      -1.37260		       0.72057
      -1.02271		       1.10286
      -0.56307		       1.30360
      -0.08694		       1.29647
       0.31121		       1.10142
       0.55769		       0.77990
       0.61671		       0.42028
       0.49879		       0.11671
       0.25804		      -0.05351
      -0.02094		      -0.04882
      -0.24372		       0.12627
      -0.32920		       0.42169
      -0.22996		       0.75344
       0.05524		       1.02355
       0.47993		       1.14371
       0.95976		       1.05703
       1.39164		       0.75269
       1.67759		       0.26976
       1.74786		      -0.31060
       1.57764		      -0.88309
       1.19344		      -1.34209
       0.66749		      -1.60571
       0.10140		      -1.63458
      -0.39713		      -1.44064
      -0.73909		      -1.08401
      -0.87455		      -0.65847
      -0.80384		      -0.26900
      -0.57675		      -0.00674
      -0.27999		       0.07283
      -0.01580		      -0.03687
       0.12327		      -0.29193
       0.07736		      -0.60861
      -0.16547		      -0.88356
      -0.56532		      -1.01901
      -1.03899		      -0.94698
      -1.47894		      -0.64654
      -1.77838		      -0.15020
      -1.85644		       0.46224
      -1.67757		       1.08111
      -1.26067		       1.59139
      -0.67548		       1.89870
      -0.02734		       1.95071
       0.56638		       1.74889
       1.00263		       1.34791
       1.21568		       0.84283
       1.19150		       0.34696
       0.97003		      -0.03431
       0.63508		      -0.22773
       0.29402		      -0.20884
       0.05207		      -0.00717
      -0.01273		       0.30121
       0.13172		       0.61188
       0.46360		       0.81706
       0.91171		       0.83123
       1.37148		       0.61188
       1.72871		       0.17033
       1.88573		      -0.42968
       1.78388		      -1.08528
       1.41729		      -1.67674
       0.83492		      -2.09343
       0.13043		      -2.25784
      -0.57781		      -2.14223
      -1.17197		      -1.77421
      -1.55962		      -1.23023
      -1.69281		      -0.61852
      -1.57718		      -0.05536
      -1.26917		       0.35995
      -0.86233		       0.56599
      -0.46576		       0.55135
      -0.17958		       0.35565
      -0.07292		       0.05931
      -0.16906		      -0.23538
      -0.44098		      -0.42776
      -0.81788		      -0.44139
      -1.20129		      -0.24124
      -1.48691		       0.15851
      -1.58749		       0.69729
      -1.45180		       1.28087
      -1.07573		       1.80117
      -0.50337		       2.15862
       0.18196		       2.28255
       0.87473		       2.14523
       1.46829		       1.76685
       1.87583		       1.21062
       2.04670		       0.56939
       1.97505		      -0.05339
       1.69913		      -0.56416
       1.29177		      -0.89706
       0.84432		      -1.02542
       0.44750		      -0.96497
       0.17311		      -0.76837
       0.06047		      -0.51243
       0.10982		      -0.28101
       0.28414		      -0.14720
       0.51826		      -0.15829
       0.73354		      -0.32661
       0.85467		      -0.62770
       0.82527		      -1.00600
       0.61929		      -1.38652
       0.24598		      -1.69005
      -0.25213		      -1.84871
      -0.80761		      -1.81884
      -1.34098		      -1.58886
      -1.77539		      -1.18083
      -2.05018		      -0.64573
      -2.13093		      -0.05364
      -2.01428		       0.51898
      -1.72699		       1.00254
      -1.31969		       1.34553
      -0.85693		       1.52189
      -0.40547		       1.53346
      -0.02298		       1.40750
       0.25078		       1.19000
       0.39915		       0.93641
       0.42946		       0.70142
       0.36986		       0.52965
       0.26300		       0.44868
       0.15765		       0.46530
       0.10000		       0.56528
       0.12564		       0.71654
       0.25356		       0.87483
       0.48281		       0.99128
       0.79218		       1.02050
       1.14282		       0.92817
       1.48360		       0.69732
       1.75845		       0.33224
       1.91483		      -0.14056
       1.91234		      -0.67451
       1.73018		      -1.20855
       1.37223		      -1.67532
       0.86878		      -2.01130
       0.27405		      -2.16728
      -0.34043		      -2.11767
      -0.89630		      -1.86667
      -1.32094		      -1.44990
      -1.56049		      -0.93055
      -1.59063		      -0.39010
      -1.42281		       0.08535
      -1.10437		       0.42080
      -0.71146		       0.56745
      -0.33574		       0.51376
      -0.06679		       0.29010
       0.02662		      -0.03501
      -0.08759		      -0.36677
      -0.39527		      -0.60261
      -0.83561		      -0.65376
      -1.31055		      -0.46579
      -1.70306		      -0.03335
      -1.90092		       0.59434
      -1.82141		       1.31947
      -1.43154		       2.01237
      -0.75918		       2.53642
       0.10808		       2.77632
       1.03694		       2.66355
       1.87298		       2.19371
       2.47121		       1.43109
       2.72637		       0.49896
       2.59625		      -0.44309
       2.11275		      -1.23070
       1.37761		      -1.72849
       0.54307		      -1.85907
      -0.21892		      -1.62050
      -0.75270		      -1.08820
      -0.95244		      -0.40028
      -0.78588		       0.27120
      -0.30267		       0.75694
       0.37488		       0.92757
       1.07708		       0.72285
       1.62308		       0.16664
       1.86036		      -0.63630
       1.69886		      -1.52104
       1.13225		      -2.29690
       0.24143		      -2.78792
      -0.82076		      -2.87096
      -1.86048		      -2.50290
      -2.68309		      -1.73109
      -3.13375		      -0.68449
      -3.12982		       0.45254
      -2.67801		       1.47826
      -1.87255		       2.21515
      -0.87492		       2.54614
       0.12041		       2.43776
       0.92672		       1.94535
       1.40350		       1.19941
       1.48440		       0.37645
       1.18884		      -0.33927
       0.61529		      -0.79463
      -0.08199		      -0.89900
      -0.72733		      -0.64135
      -1.16144		      -0.09015
      -1.27456		       0.62348
      -1.02806		       1.33523
      -0.46039		       1.88286
       0.32321		       2.13967
       1.17432		       2.03927
       1.93273		       1.58686
       2.45872		       0.85551
       2.65947		      -0.03105
       2.50466		      -0.92463
       2.02883		      -1.68202
       1.32092		      -2.19135
       0.50429		      -2.39049
      -0.28831		      -2.27457
      -0.93914		      -1.89208
      -1.36491		      -1.33163
      -1.52799		      -0.70268
      -1.43827		      -0.11479
      -1.14665		       0.34091
      -0.73230		       0.60486
      -0.28690		       0.65543
       0.10108		       0.50860
       0.35976		       0.21192
       0.44315		      -0.16519
       0.33604		      -0.54302
       0.05454		      -0.84331
      -0.35704		      -0.99995
      -0.83236		      -0.96792
      -1.29156		      -0.72985
      -1.65164		      -0.29975
      -1.83804		       0.27664
      -1.79639		       0.92569
      -1.50311		       1.55406
      -0.97282		       2.06128
      -0.26082		       2.35539
       0.54117		       2.36985
       1.31649		       2.07845
       1.94152		       1.50507
       2.30770		       0.72520
       2.34367		      -0.14245
       2.03294		      -0.95415
       1.42259		      -1.56677
       0.61984		      -1.86624
      -0.22425		      -1.79309
      -0.94207		      -1.35922
      -1.38290		      -0.65101
      -1.44583		       0.18311
      -1.10485		       0.95964
      -0.41976		       1.49681
       0.47069		       1.65391
       1.37352		       1.36465
       2.07983		       0.65669
       2.40931		      -0.34821
       2.25150		      -1.45460
       1.59423		      -2.43129
       0.53222		      -3.05949
      -0.74719		      -3.18096
      -1.99959		      -2.73555
      -2.97319		      -1.77917
      -3.46267		      -0.47726
      -3.35524		       0.92600
      -2.65838		       2.15695
      -1.50253		       2.96998
      -0.11694		       3.20112
       1.21672		       2.80540
       2.22366		       1.86955
       2.69525		       0.59611
       2.53545		      -0.73792
       1.78362		      -1.83987
       0.60818		      -2.46461
      -0.72802		      -2.46870
      -1.92366		      -1.84315
      -2.70421		      -0.71724
      -2.88221		       0.66787
      -2.39927		       2.01033
      -1.34030		       3.01273
       0.08340		       3.44679
       1.57888		       3.20358
       2.83432		       2.31792
       3.58618		       0.96171
       3.67614		      -0.59268
       3.08510		      -2.03081
       1.93698		      -3.06368
       0.47152		      -3.48939
      -1.00786		      -3.23570
      -2.19967		      -2.37405
      -2.86868		      -1.10247
      -2.89537		       0.29881
      -2.29943		       1.52885
      -1.23282		       2.33100
       0.05566		       2.54715
       1.27617		       2.14955
       2.16129		       1.24364
       2.52313		       0.04201
       2.29181		      -1.18434
       1.52726		      -2.16597
       0.40265		      -2.69312
      -0.83638		      -2.65893
      -1.92670		      -2.07917
      -2.64472		      -1.08462
      -2.85268		       0.11105
      -2.52464		       1.26010
      -1.74722		       2.13485
      -0.69607		       2.57506
       0.40580		       2.51850
       1.33769		       2.00887
       1.92780		       1.18046
       2.08646		       0.22411
       1.81971		      -0.65685
       1.22128		      -1.29057
       0.44615		      -1.57074
      -0.32721		      -1.47400
      -0.93672		      -1.05798
      -1.26981		      -0.44189
      -1.28284		       0.22457
      -1.00364		       0.79623
      -0.51819		       1.16292
       0.05413		       1.26918
       0.58996		       1.11970
       0.98876		       0.77073
       1.19115		       0.31114
       1.18553		      -0.16135
       1.00283		      -0.56245
       0.70235		      -0.83693
       0.35336		      -0.96473
       0.01782		      -0.95750
      -0.26148		      -0.84794
      -0.46508		      -0.67610
      -0.59343		      -0.47713
      -0.65833		      -0.27387
      -0.67285		      -0.07593
      -0.64366		       0.11536
      -0.56837		       0.29881
      -0.43887		       0.46565
      -0.24908		       0.59557
      -0.00431		       0.65867
       0.27177		       0.62344
       0.53572		       0.46862
       0.73035		       0.19516
       0.79746		      -0.16594
       0.69441		      -0.55342
       0.41006		      -0.88482
      -0.02502		      -1.07364
      -0.53801		      -1.05107
      -1.02466		      -0.78675
      -1.37024		      -0.30284
      -1.47626		       0.32362
      -1.28681		       0.97179
      -0.80748		       1.50074
      -0.11123		       1.78073
       0.67156		       1.72531
       1.37809		       1.31600
       1.84827		       0.61299
       1.96230		      -0.25206
       1.67169		      -1.10092
       1.01584		      -1.74643
       0.11907		      -2.03513
      -0.83250		      -1.88464
      -1.62983		      -1.30691
      -2.08757		      -0.41081
      -2.08759		       0.61769
      -1.60924		       1.55403
      -0.73853		       2.18442
       0.34687		       2.35486
       1.41421		       2.00841
       2.22633		       1.20162
       2.59505		       0.09566
       2.42513		      -1.07682
       1.73828		      -2.06198
       0.67133		      -2.64133
      -0.55196		      -2.68157
      -1.66923		      -2.16609
      -2.43769		      -1.20082
      -2.68864		       0.00779
      -2.36621		       1.19761
      -1.54086		       2.10893
      -0.39468		       2.54250
       0.81871		       2.40441
       1.83059		       1.72739
       2.41708		       0.66375
       2.44918		      -0.54871
       1.92126		      -1.63996
       0.95189		      -2.36805
      -0.24341		      -2.57291
      -1.40087		      -2.21125
      -2.26766		      -1.36509
      -2.65786		      -0.22188
      -2.49277		       0.96855
      -1.81648		       1.95046
      -0.78367		       2.51896
       0.37706		       2.56419
       1.41563		       2.09324
       2.11640		       1.22530
       2.34480		       0.16189
       2.07444		      -0.86049
       1.38906		      -1.62403
       0.45970		      -1.97719
      -0.49680		      -1.86565
      -1.26807		      -1.34016
      -1.69324		      -0.54042
      -1.69632		       0.34028
      -1.29888		       1.10091
      -0.61008		       1.57799
       0.20263		       1.67997
       0.95424		       1.40345
       1.48462		       0.82850
       1.69261		       0.09535
       1.55448		      -0.63117
       1.12353		      -1.20019
       0.51204		      -1.50744
      -0.13883		      -1.51466
      -0.69340		      -1.25217
      -1.05147		      -0.80542
      -1.16743		      -0.28987
      -1.05461		       0.17877
      -0.77523		       0.51126
      -0.41973		       0.66240
      -0.08148		       0.63591
       0.16621		       0.47667
       0.28528		       0.25345
       0.27709		       0.03777
       0.17569		      -0.11529
       0.03307		      -0.17929
      -0.09869		      -0.15897
      -0.18295		      -0.08341
      -0.20746		       0.00742
      -0.18452		       0.07794
      -0.14300		       0.10939
      -0.11519		       0.10545
      -0.12297		       0.08960
      -0.16795		       0.09513
      -0.22886		       0.15118
      -0.26727		       0.26944
      -0.24023		       0.43586
      -0.11600		       0.61063
       0.11201		       0.73699
       0.41760		       0.75689
       0.74357		       0.62937
       1.01327		       0.34617
       1.14953		      -0.06014
       1.09616		      -0.51887
       0.83624		      -0.93483
       0.40179		      -1.21035
      -0.12872		      -1.27023
      -0.64527		      -1.08344
      -1.03091		      -0.67529
      -1.19023		      -0.12622
      -1.07477		       0.44339
      -0.69860		       0.89974
      -0.13943		       1.12734
       0.47596		       1.05837
       0.99927		       0.69222
       1.29515		       0.09983
       1.27454		      -0.58921
       0.91860		      -1.21432
       0.28696		      -1.62052
      -0.49233		      -1.69548
      -1.24971		      -1.39804
      -1.81195		      -0.77113
      -2.04239		       0.06468
      -1.87409		       0.93612
      -1.32779		       1.65533
      -0.50998		       2.06264
       0.40907		       2.06403
       1.23263		       1.65427
       1.78187		       0.92017
       1.93705		       0.02250
       1.66585		      -0.83943
       1.03199		      -1.47273
       0.18191		      -1.73505
      -0.68779		      -1.56771
      -1.37484		      -1.00989
      -1.71751		      -0.19056
      -1.63200		       0.70035
      -1.13210		       1.45500
      -0.32666		       1.89498
       0.60473		       1.91226
       1.45237		       1.49408
       2.02403		       0.72613
       2.18863		      -0.22665
       1.90590		      -1.15748
       1.23532		      -1.86451
       0.32231		      -2.19628
      -0.63500		      -2.08559
      -1.43080		      -1.56389
      -1.89794		      -0.75320
      -1.94511		       0.16245
      -1.57623		       0.97934
      -0.88815		       1.52031
      -0.04708		       1.67428
       0.75024		       1.42013
       1.32172		       0.82978
       1.54093		       0.04992
       1.36468		      -0.73281
       0.84108		      -1.33514
       0.09664		      -1.61877
      -0.69429		      -1.52087
      -1.35019		      -1.06664
      -1.72380		      -0.36150
      -1.73469		       0.43477
      -1.38573		       1.14564
      -0.76019		       1.61826
      -0.00054		       1.75727
       0.72557		       1.54459
       1.26399		       1.04091
       1.50847		       0.36919
       1.42283		      -0.31548
       1.04644		      -0.86229
       0.48216		      -1.15879
      -0.12981		      -1.15481
      -0.64560		      -0.87121
      -0.95074		      -0.39190
      -0.98514		       0.15837
      -0.75441		       0.64456
      -0.32545		       0.95308
       0.19188		       1.01695
       0.67229		       0.82916
       1.00479		       0.44131
       1.11772		      -0.05125
       0.99334		      -0.53368
       0.66910		      -0.89935
       0.22591		      -1.07403
      -0.23302		      -1.03127
      -0.60754		      -0.79570
      -0.82361		      -0.43407
      -0.84887		      -0.03693
      -0.69737		       0.30418
      -0.42298		       0.51839
      -0.10368		       0.57078
       0.17888		       0.46796
       0.35931		       0.25331
       0.40306		      -0.00645
       0.31246		      -0.23945
       0.12315		      -0.38684
      -0.10745		      -0.41639
      -0.31631		      -0.32842
      -0.45124		      -0.15313
      -0.48331		       0.05958
      -0.41245		       0.25459
      -0.26502		       0.38631
      -0.08472		       0.42998
       0.08055		       0.38647
       0.19209		       0.27994
       0.23030		       0.14924
       0.19874		       0.03575
       0.12138		      -0.02875
       0.03415		      -0.03088
      -0.02662		       0.02131
      -0.03547		       0.10171
       0.01444		       0.17485
       0.10929		       0.20729
       0.21883		       0.17838
