      18.71429		      -1.86274
      17.88142		      -5.77877
      16.23950		      -9.42676
      13.86420		     -12.64182
      10.86432		     -15.27893
       7.37680		     -17.21948
       3.56044		     -18.37661
      -0.41128		     -18.69913
      -4.35813		     -18.17373
      -8.10128		     -16.82554
     -11.47141		     -14.71696
     -14.31639		     -11.94473
     -16.50810		      -8.63554
     -17.94825		      -4.94019
     -18.57275		      -1.02676
     -18.35458		       2.92706
     -17.30494		       6.74203
     -15.47272		      10.24546
     -12.94217		      13.27909
      -9.82908		      15.70617
      -6.27542		      17.41765
      -2.44296		      18.33711
       1.49421		      18.42411
       5.35748		      17.67602
       8.97189		      16.12805
      12.17403		      13.85161
      14.81944		      10.95101
      16.78910		       7.55867
      17.99481		       3.82911
      18.38313		      -0.06812
      17.93774		      -3.95615
      16.68014		      -7.65879
      14.66859		     -11.00854
      11.99544		     -13.85413
       8.78286		     -16.06741
       5.17730		     -17.54906
       1.34278		     -18.23309
      -2.54658		     -18.08974
      -6.31443		     -17.12682
      -9.79021		     -15.38925
     -12.81685		     -12.95698
     -15.25790		      -9.94134
     -17.00365		      -6.47991
     -17.97607		      -2.73025
     -18.13233		       1.13726
     -17.46660		       4.94716
     -16.01036		       8.52688
     -13.83083		      11.71456
     -11.02794		      14.36634
      -7.72967		      16.36290
      -4.08628		      17.61478
      -0.26342		      18.06642
       3.56537		      17.69861
       7.22657		      16.52930
      10.55454		      14.61274
      13.39896		      12.03695
      15.63169		       8.91972
      17.15251		       5.40314
      17.89362		       1.64722
      17.82265		      -2.17745
      16.94410		      -5.89744
      15.29904		      -9.34433
      12.96323		     -12.36233
      10.04361		     -14.81536
       6.67342		     -16.59312
       3.00608		     -17.61612
      -0.79173		     -17.83917
      -4.54770		     -17.25343
      -8.09169		     -15.88670
     -11.26340		     -13.80216
     -13.91969		     -11.09539
     -15.94100		      -7.89005
     -17.23671		      -4.33217
     -17.74924		      -0.58354
     -17.45659		       3.18564
     -16.37330		       6.80454
     -14.54969		      10.10939
     -12.06957		      12.95091
      -9.04637		      15.20105
      -5.61795		      16.75877
      -1.94031		      17.55456
       1.81949		      17.55355
       5.49094		      16.75704
       8.90778		      15.20238
      11.91556		      12.96120
      14.37863		      10.13616
      16.18622		       6.85620
      17.25743		       3.27067
      17.54488		      -0.45745
      17.03676		      -4.15899
      15.75736		      -7.66624
      13.76587		     -10.82056
      11.15366		     -13.47956
       8.04007		     -15.52351
       4.56701		     -16.86075
       0.89243		     -17.43178
      -2.81683		     -17.21194
      -6.39261		     -16.21242
      -9.67308		     -14.47974
     -12.51002		     -12.09358
     -14.77558		      -9.16310
     -16.36797		      -5.82196
     -17.21609		      -2.22223
     -17.28267		       1.47257
     -16.56591		       5.09483
     -15.09954		       8.48051
     -12.95118		      11.47656
     -10.21926		      13.94780
      -7.02851		      15.78307
      -3.52425		      16.90019
       0.13423		      17.24967
       3.78089		      16.81686
       7.25048		      15.62262
      10.38603		      13.72226
      13.04599		      11.20300
      15.11055		       8.18000
      16.48707		       4.79103
      17.11427		       1.19026
      16.96489		      -2.45879
      16.04691		      -5.99070
      14.40315		      -9.24556
      12.10925		     -12.07633
       9.27016		     -14.35537
       6.01543		     -15.98026
       2.49319		     -16.87840
      -1.13651		     -17.01023
      -4.70901		     -16.37097
      -8.06249		     -14.99081
     -11.04533		     -12.93344
     -13.52293		     -10.29318
     -15.38380		      -7.19060
     -16.54457		      -3.76701
     -16.95375		      -0.17808
     -16.59397		       3.41328
     -15.48273		       6.84432
     -13.67158		       9.95981
     -11.24370		      12.61903
      -8.31008		      14.70221
      -5.00447		      16.11584
      -1.47724		      16.79689
       2.11139		      16.71567
       5.59871		      15.87705
       8.82682		      14.32021
      11.64985		      12.11685
      13.94050		       9.36782
      15.59578		       6.19858
      16.54169		       2.75339
      16.73647		      -0.81116
      16.17247		      -4.33336
      14.87644		      -7.65365
      12.90826		     -10.62187
      10.35819		     -13.10407
       7.34270		     -14.98852
       3.99919		     -16.19074
       0.47968		     -16.65734
      -3.05604		     -16.36832
      -6.44771		     -15.33796
      -9.54186		     -13.61413
     -12.19873		     -11.27603
     -14.29860		      -8.43058
     -15.74718		      -5.20754
     -16.47985		      -1.75356
     -16.46452		       1.77447
     -15.70307		       5.21655
     -14.23118		       8.41681
     -12.11665		      11.23062
      -9.45634		      13.53105
      -6.37165		      15.21466
      -3.00305		      16.20613
       0.49636		      16.46160
       3.96778		      15.97065
       7.25393		      14.75670
      10.20619		      12.87591
      12.69129		      10.41455
      14.59734		       7.48508
      15.83886		       4.22099
      16.36064		       0.77074
      16.14016		      -2.70902
      15.18857		      -6.06056
      13.55016		      -9.13217
      11.30024		     -11.78511
       8.54174		     -13.89980
       5.40047		     -15.38125
       2.01939		     -16.16332
      -1.44790		     -16.21167
      -4.84413		     -15.52524
      -8.01550		     -14.13631
     -10.81864		     -12.10893
     -13.12709		      -9.53596
     -14.83703		      -6.53488
     -15.87188		      -3.24236
     -16.18582		       0.19194
     -15.76575		       3.61214
     -14.63185		       6.86328
     -12.83664		       9.79829
     -10.46251		      12.28464
      -7.61796		      14.21037
      -4.43264		      15.48908
      -1.05143		      16.06384
       2.37211		      15.90970
       5.68278		      15.03481
       8.73072		      13.47993
      11.37821		      11.31660
      13.50591		       8.64381
      15.01819		       5.58349
      15.84749		       2.27494
      15.95731		      -1.13151
      15.34379		      -4.48134
      14.03588		      -7.62283
      12.09393		     -10.41392
       9.60695		     -12.72869
       6.68850		     -14.46299
       3.47152		     -15.53911
       0.10226		     -15.90934
      -3.26634		     -15.55800
      -6.48163		     -14.50214
      -9.39814		     -12.79072
     -11.88416		     -10.50233
     -13.82770		      -7.74158
     -15.14154		      -4.63433
     -15.76712		      -1.32193
     -15.67718		       2.04517
     -14.87691		       5.31431
     -13.40370		       8.33748
     -11.32536		      10.97806
      -8.73704		      13.11699
      -5.75682		      14.65811
      -2.52040		      15.53253
       0.82517		      15.70167
       4.12809		      15.15896
       7.23875		      13.93012
      10.01647		      12.07192
      12.33591		       9.66955
      14.09265		       6.83274
      15.20798		       3.69074
      15.63236		       0.38640
      15.34763		      -2.93026
      14.36781		      -6.10891
      12.73841		      -9.00574
      10.53427		     -11.48988
       7.85620		     -13.44943
       4.82629		     -14.79639
       1.58243		     -15.47068
      -1.72806		     -15.44280
      -4.95504		     -14.71512
      -7.95240		     -13.32172
     -10.58467		     -11.32678
     -12.73312		      -8.82166
     -14.30115		      -5.92068
     -15.21861		      -2.75595
     -15.44494		       0.52872
     -14.97098		       3.78427
     -13.81930		       6.86322
     -12.04315		       9.62630
      -9.72401		      11.94879
      -6.96784		      13.72613
      -3.90021		      14.87864
      -0.66065		      15.35506
       2.60376		      15.13486
       5.74506		      14.22911
       8.62106		      12.67994
      11.10186		      10.55857
      13.07564		       7.96203
      14.45375		       5.00873
      15.17468		       1.83309
      15.20678		      -1.42065
      14.54968		      -4.60490
      13.23424		      -7.57546
      11.32111		     -10.19805
       8.89792		     -12.35437
       6.07530		     -13.94741
       2.98178		     -14.90588
      -0.24201		     -15.18733
      -3.44978		     -14.78007
      -6.49617		     -13.70364
      -9.24338		     -12.00786
     -11.56739		      -9.77057
     -13.36352		      -7.09401
     -14.55123		      -4.10015
     -15.07762		      -0.92518
     -14.91990		       2.28674
     -14.08627		       5.38998
     -12.61558		       8.24409
     -10.57548		      10.72010
      -8.05931		      12.70641
      -5.18186		      14.11377
      -2.07409		      14.87930
       1.12280		      14.96932
       4.26378		      14.38080
       7.20661		      13.14150
       9.81823		      11.30858
      11.98079		       8.96606
      13.59702		       6.22088
      14.59450		       3.19809
      14.92902		       0.03511
      14.58645		      -3.12450
      13.58338		      -6.13755
      11.96631		      -8.86773
       9.80948		     -11.19174
       7.21148		     -13.00492
       4.29074		     -14.22588
       1.18014		     -14.80023
      -1.97906		     -14.70296
      -5.04362		     -13.93952
      -7.87479		     -12.54555
     -10.34465		     -10.58523
     -12.34182		      -8.14828
     -13.77655		      -5.34589
     -14.58469		      -2.30562
     -14.73060		       0.83436
     -14.20872		       3.93160
     -13.04373		       6.84581
     -11.28945		       9.44519
      -9.02630		      11.61246
      -6.35765		      13.25006
      -3.40506		      14.28462
      -0.30279		      14.67020
       2.80833		      14.39033
       5.78729		      13.45876
       8.49931		      11.91872
      10.82190		       9.84095
      12.65040		       7.32047
      13.90274		       4.47219
      14.52306		       1.42571
      14.48424		      -1.68061
      13.78908		      -4.70588
      12.47010		      -7.51314
      10.58807		      -9.97551
       8.22916		     -11.98194
       5.50101		     -13.44222
       2.52785		     -14.29102
      -0.55520		     -14.49084
      -3.60826		     -14.03364
      -6.49300		     -12.94117
      -9.07896		     -11.26395
     -11.24941		      -9.07889
     -12.90665		      -6.48581
     -13.97638		      -3.60288
     -14.41104		      -0.56120
     -14.19193		       2.50115
     -13.33000		       5.44533
     -11.86533		       8.13813
      -9.86524		      10.45788
      -7.42121		      12.30006
      -4.64469		      13.58193
      -1.66205		      14.24627
       1.39124		      14.26394
       4.37669		      13.63517
       7.15910		      12.38946
       9.61271		      10.58423
      11.62683		       8.30217
      13.11088		       5.64745
      13.99843		       2.74096
      14.25020		      -0.28518
      13.85578		      -3.29365
      12.83405		      -6.14814
      11.23230		      -8.71951
       9.12404		     -10.89170
       6.60559		     -12.56688
       3.79174		     -13.66992
       0.81048		     -14.15172
      -2.20284		     -13.99143
      -5.11160		     -13.19732
      -7.78414		     -11.80638
     -10.09973		      -9.88256
     -11.95397		      -7.51391
     -13.26356		      -4.80845
     -13.97001		      -1.88933
     -14.04226		       1.11084
     -13.47801		       4.05595
     -12.30384		       6.81263
     -10.57393		       9.25625
      -8.36753		      11.27655
      -5.78539		      12.78264
      -2.94512		      13.70708
       0.02416		      14.00887
       2.98769		      13.67534
       5.81116		      12.72258
       8.36686		      11.19474
      10.53936		       9.16198
      12.23083		       6.71719
      13.36536		       3.97183
      13.89241		       1.05078
      13.78904		      -1.91330
      13.06094		      -4.78603
      11.74208		      -7.43735
       9.89315		      -9.74745
       7.59879		     -11.61219
       4.96365		     -12.94776
       2.10771		     -13.69445
      -0.83927		     -13.81936
      -3.74359		     -13.31780
      -6.47370		     -12.21348
      -8.90614		     -10.55740
     -10.93115		      -8.42547
     -12.45760		      -5.91506
     -13.41709		      -3.14052
     -13.76703		      -0.22802
     -13.49252		       2.69025
     -12.60698		       5.48202
     -11.15150		       8.02097
      -9.19293		      10.19244
      -6.82082		      11.89859
      -4.14333		      13.06283
      -1.28227		      13.63326
       1.63241		      13.58495
       4.46853		      12.92107
       7.09770		      11.67266
       9.40108		       9.89723
      11.27481		       7.67605
      12.63463		       5.11049
      13.41974		       2.31736
      13.59545		      -0.57641
      13.15475		      -3.43951
      12.11860		      -6.14224
      10.53487		      -8.56238
       8.47620		     -10.59068
       6.03664		     -12.13585
       3.32733		     -13.12861
       0.47148		     -13.52484
      -2.40125		     -13.30752
      -5.16065		     -12.48746
      -7.68184		     -11.10278
      -9.85095		      -9.21711
     -11.57022		      -6.91669
     -12.76245		      -4.30643
     -13.37443		      -1.50510
     -13.37934		       1.36004
     -12.77791		       4.15904
     -11.59834		       6.76518
      -9.89501		       9.06063
      -7.74592		      10.94186
      -5.24917		      12.32428
      -2.51845		      13.14600
       0.32211		      13.37068
       3.14362		      12.98906
       5.81823		      12.01939
       8.22497		      10.50655
      10.25519		       8.51994
      11.81748		       6.15033
      12.84176		       3.50572
      13.28246		       0.70639
      13.12052		      -2.12057
      12.36424		      -4.84698
      11.04881		      -7.34946
       9.23474		      -9.51494
       7.00500		     -11.24582
       4.46131		     -12.46434
       1.71943		     -13.11608
      -1.09607		     -13.17239
      -3.85748		     -12.63166
      -6.43974		     -11.51933
      -8.72610		      -9.88671
     -10.61342		      -7.80860
     -12.01680		      -5.37987
     -12.87338		      -2.71115
     -13.14522		       0.07625
     -12.82091		       2.85582
     -11.91608		       5.50160
     -10.47266		       7.89391
      -8.55689		       9.92472
      -6.25634		      11.50257
      -3.67587		      12.55666
      -0.93287		      13.04005
       1.84810		      12.93172
       4.54095		      12.23751
       7.02379		      10.98981
       9.18442		       9.24602
      10.92544		       7.08595
      12.16860		       4.60815
      12.85834		       1.92540
      12.96428		      -0.84039
      12.48253		      -3.56376
      11.43584		      -6.12135
       9.87254		      -8.39751
       7.86428		     -10.28954
       5.50278		     -11.71229
       2.89561		     -12.60202
       0.16130		     -12.91925
      -2.57602		     -12.65050
      -5.19231		     -11.80887
      -7.56918		     -10.43340
      -9.59930		      -8.58726
     -11.19120		      -6.35485
     -12.27344		      -3.83796
     -12.79776		      -1.15108
     -12.74128		       1.58374
     -12.10747		       4.24250
     -10.92597		       6.70482
      -9.25117		       8.85942
      -7.15975		      10.60914
      -4.74714		      11.87533
      -2.12318		      12.60136
       0.59287		      12.75517
       3.27780		      12.33069
       5.80997		      11.34807
       8.07486		       9.85271
       9.97025		       7.91319
      11.41084		       5.61810
      12.33204		       3.07200
      12.69292		       0.39069
      12.47801		      -2.30413
      11.69795		      -4.89029
      10.38898		      -7.25077
       8.61125		      -9.27896
       6.44607		     -10.88345
       3.99215		     -11.99220
       1.36117		     -12.55574
      -1.32737		     -12.54939
      -3.95154		     -11.97432
      -6.39251		     -10.85750
      -8.53994		      -9.25039
     -10.29699		      -7.22658
     -11.58464		      -4.87845
     -12.34526		      -2.31293
     -12.54523		       0.35339
     -12.17634		       2.99951
     -11.25622		       5.50555
      -9.82743		       7.75814
      -7.95551		       9.65561
      -5.72600		      11.11253
      -3.24050		      12.06355
      -0.61204		      12.46638
       2.04003		      12.30361
       4.59549		      11.58352
       6.93867		      10.33961
       8.96373		       8.62908
      10.57938		       6.53017
      11.71305		       4.13862
      12.31413		       1.56327
      12.35620		      -1.07889
      11.83825		      -3.66800
      10.78461		      -6.08683
       9.24388		      -8.22601
       7.28665		      -9.98904
       5.00227		     -11.29662
       2.49478		     -12.09019
      -0.12183		     -12.33461
      -2.72881		     -12.01966
      -5.20804		     -11.16049
      -7.44736		      -9.79689
      -9.34565		      -7.99145
     -10.81744		      -5.82668
     -11.79668		      -3.40125
     -12.23978		      -0.82549
     -12.12749		       1.78364
     -11.46578		       4.30784
     -10.28549		       6.63285
      -8.64093		       8.65363
      -6.60736		      10.27906
      -4.27754		      11.43610
      -1.75753		      12.07307
       0.83817		      12.16190
       3.39182		      11.69943
       5.78775		      10.70748
       7.91762		       9.23184
       9.68533		       7.34015
      11.01135		       5.11877
      11.83626		       2.66891
      12.12348		       0.10195
      11.86082		      -2.46561
      11.06107		      -4.91740
       9.76129		      -7.14249
       8.02119		      -9.04041
       5.92031		     -10.52564
       3.55443		     -11.53154
       1.03118		     -12.01326
      -1.53485		     -11.94980
      -4.02728		     -11.34490
      -6.33330		     -10.22681
      -8.34868		      -8.64701
      -9.98254		      -6.67782
     -11.16145		      -4.40909
     -11.83268		      -1.94410
     -11.96662		       0.60511
     -11.55804		       3.12291
     -10.62631		       5.49522
      -9.21447		       7.61478
      -7.38726		       9.38592
      -5.22813		      10.72892
      -2.83547		      11.58359
      -0.31806		      11.91197
       2.20982		      11.70001
       4.63358		      10.95814
       6.84355		       9.72083
       8.73990		       8.04493
      10.23721		       6.00708
      11.26822		       3.70019
      11.78696		       1.22924
      11.77072		      -1.29355
      11.22107		      -3.75375
      10.16376		      -6.03998
       8.64750		      -8.04889
       6.74172		      -9.68989
       4.53342		     -10.88918
       2.12313		     -11.59310
      -0.37959		     -11.77054
      -2.86119		     -11.41427
      -5.20922		     -10.54129
      -7.31749		      -9.19195
      -9.09083		      -7.42817
     -10.44941		      -5.33053
     -11.33230		      -2.99460
     -11.70025		      -0.52663
     -11.53737		       1.96134
     -10.85190		       4.35651
      -9.67570		       6.55049
      -8.06287		       8.44417
      -6.08716		       9.95220
      -3.83870		      11.00685
      -1.41980		      11.56102
       1.05964		      11.59039
       3.48717		      11.09446
       5.75286		      10.09652
       7.75428		       8.64259
       9.40115		       6.79927
      10.61938		       4.65071
      11.35445		       2.29475
      11.57379		      -0.16150
      11.26829		      -2.60657
      10.45260		      -4.92969
       9.16449		      -7.02574
       7.46308		      -8.80012
       5.42613		     -10.17290
       3.14646		     -11.08250
       0.72779		     -11.48843
      -1.72007		     -11.37308
      -4.08614		     -10.74251
      -6.26332		      -9.62609
      -8.15324		      -8.07517
      -9.67069		      -6.16074
     -10.74750		      -3.97012
     -11.33556		      -1.60301
     -11.40899		       0.83302
     -10.96526		       3.22748
     -10.02529		       5.47192
      -8.63247		       7.46486
      -6.85063		       9.11637
      -4.76112		      10.35215
      -2.45912		      11.11684
      -0.04929		      11.37653
       2.35899		      11.12025
       4.65658		      10.36041
       6.73954		       9.13225
       8.51380		       7.49216
       9.89945		       5.51510
      10.83428		       3.29121
      11.27666		       0.92166
      11.20730		      -1.48594
      10.63015		      -3.82242
       9.57217		      -5.98201
       8.08204		      -7.86711
       6.22799		      -9.39272
       4.09460		     -10.49028
       1.77900		     -11.11071
      -0.61358		     -11.22664
      -2.97461		     -10.83362
      -5.19712		      -9.95025
      -7.18062		      -8.61733
      -8.83559		      -6.89598
     -10.08755		      -4.86482
     -10.88038		      -2.61637
     -11.17889		      -0.25289
     -10.97032		       2.11835
     -10.26492		       4.38986
      -9.09543		       6.45886
      -7.51559		       8.23192
      -5.59763		       9.62912
      -3.42900		      10.58776
      -1.10838		      11.06507
       1.25883		      11.04018
       3.56527		      10.51500
       5.70653		       9.51412
       7.58580		       8.08365
       9.11835		       6.28908
      10.23527		       4.21231
      10.88658		       1.94791
      11.04351		      -0.40121
      10.69971		      -2.72847
       9.87156		      -4.92842
       8.59734		      -6.90157
       6.93550		      -8.55885
       4.96197		      -9.82566
       2.76666		     -10.64519
       0.44941		     -10.98101
      -1.88456		     -10.81866
      -4.12947		     -10.16628
      -6.18370		      -9.05420
      -7.95448		      -7.53354
      -9.36200		      -5.67386
     -10.34303		      -3.55997
     -10.85379		      -1.28806
     -10.87187		       1.03865
     -10.39722		       3.31465
      -9.45213		       5.43685
      -8.08017		       7.30934
      -6.34418		       8.84763
      -4.32340		       9.98255
      -2.10987		      10.66330
       0.19581		      10.85972
       2.48899		      10.56370
       4.66578		       9.78940
       6.62770		       8.57268
       8.28619		       6.96937
       9.56655		       5.05273
      10.41137		       2.91012
      10.78302		       0.63898
      10.66543		      -1.65754
      10.06467		      -3.87535
       9.00874		      -5.91404
       7.54621		      -7.68153
       5.74398		      -9.09812
       3.68428		     -10.10017
       1.46084		     -10.64293
      -0.82531		     -10.70251
      -3.07047		     -10.27697
      -5.17296		      -9.38637
      -7.03771		      -8.07178
      -8.58060		      -6.39346
      -9.73221		      -4.42803
     -10.44096		      -2.26501
     -10.67543		      -0.00274
     -10.42573		       2.25611
      -9.70395		       4.40916
      -8.54353		       6.35902
      -6.99775		       8.01764
      -5.13727		       9.31030
      -3.04689		      10.17901
      -0.82172		      10.58505
       1.43721		      10.51076
       3.62745		       9.96025
       5.64987		       8.95922
       7.41306		       7.55374
       8.83754		       5.80815
       9.85928		       3.80207
      10.43261		       1.62684
      10.53224		      -0.61870
      10.15442		      -2.83268
       9.31700		      -4.91481
       8.05866		      -6.77094
       6.43709		      -8.31731
       4.52635		      -9.48432
       2.41347		     -10.21968
       0.19454		     -10.49075
      -2.02972		     -10.28597
      -4.15851		      -9.61536
      -6.09550		      -8.51005
      -7.75322		      -7.02081
      -9.05696		      -5.21574
      -9.94821		      -3.17713
     -10.38722		      -0.99773
     -10.35481		       1.22346
      -9.85318		       3.38572
      -8.90581		       5.39114
      -7.55633		       7.14911
      -5.86652		       8.58032
      -3.91350		       9.62044
      -1.78619		      10.22294
       0.41872		      10.36121
       2.60120		      10.02971
       4.66237		       9.24419
       6.50901		       8.04097
       8.05778		       6.47524
       9.23895		       4.61851
       9.99956		       2.55539
      10.30582		       0.37971
      10.14455		      -1.80977
       9.52380		      -3.91379
       8.47242		      -5.83715
       7.03872		      -7.49295
       5.28830		      -8.80659
       3.30096		      -9.71906
       1.16715		     -10.18965
      -1.01621		     -10.19771
      -3.15009		      -9.74362
      -5.13786		      -8.84867
      -6.88967		      -7.55412
      -8.32650		      -5.91926
      -9.38373		      -4.01871
     -10.01404		      -1.93902
     -10.18954		       0.22528
      -9.90299		       2.37597
      -9.16810		       4.41561
      -8.01888		       6.25194
      -6.50806		       7.80206
      -4.70467		       8.99616
      -2.69090		       9.78070
      -0.55835		      10.12076
       1.59616		      10.00163
       3.67495		       9.42942
       5.58394		       8.43079
       7.23687		       7.05165
       8.55925		       5.35510
       9.49165		       3.41853
       9.99244		       1.33008
      10.03961		      -0.81537
       9.63172		      -2.92050
       8.78797		      -4.88998
       7.54729		      -6.63476
       5.96652		      -8.07612
       4.11784		      -9.14922
       2.08545		      -9.80601
      -0.03826		     -10.01737
      -2.15691		      -9.77442
      -4.17448		      -9.08890
      -5.99970		      -7.99255
      -7.55016		      -6.53572
      -8.75603		      -4.78498
      -9.56319		      -2.82014
      -9.93569		      -0.73058
      -9.85734		       1.38881
      -9.33239		       3.44194
      -8.38533		       5.33585
      -7.05975		       6.98499
      -5.41631		       8.31498
      -3.52999		       9.26606
      -1.48665		       9.79573
       0.62084		       9.88063
       2.69690		       9.51763
       4.64748		       8.72386
       6.38438		       7.53600
       7.82922		       6.00847
       8.91698		       4.21105
       9.59894		       2.22561
       9.84481		       0.14242
       9.64414		      -1.94395
       9.00673		      -3.93895
       7.96214		      -5.75230
       6.55837		      -7.30213
       4.85958		      -8.51860
       2.94323		      -9.34712
       0.89650		      -9.75073
      -1.18765		      -9.71182
      -3.21470		      -9.23284
      -5.09288		      -8.33620
      -6.73731		      -7.06318
      -8.07384		      -5.47207
      -9.04237		      -3.63546
      -9.59960		      -1.63698
      -9.72091		       0.43254
      -9.40149		       2.47922
      -8.65651		       4.41032
      -7.52040		       6.13853
      -6.04526		       7.58584
      -4.29847		       8.68709
      -2.35962		       9.39293
      -0.31688		       9.67198
       1.73701		       9.51228
       3.70896		       8.92175
       5.50973		       7.92782
       7.05798		       6.57617
       8.28395		       4.92862
       9.13257		       3.06030
       9.56598		       1.05623
       9.56520		      -0.99257
       9.13094		      -2.99317
       8.28356		      -4.85499
       7.06210		      -6.49386
       5.52253		      -7.83586
       3.73509		      -8.82065
       1.78119		      -9.40415
      -0.25036		      -9.56056
      -2.26738		      -9.28345
      -4.17848		      -8.58606
      -5.89722		      -7.50065
      -7.34600		      -6.07703
      -8.45960		      -4.38025
      -9.18808		      -2.48762
      -9.49902		      -0.48522
      -9.37899		       1.53602
      -8.83410		       3.48448
      -7.88973		       5.27197
      -6.58928		       6.81774
      -4.99226		       8.05210
      -3.17150		       8.91963
      -1.20987		       9.38156
       0.80351		       9.41761
       2.77731		       9.02681
       4.62216		       8.22754
       6.25463		       7.05667
       7.60110		       5.56783
       8.60098		       3.82901
       9.20950		       1.91939
       9.39971		      -0.07422
       9.16364		      -2.06133
       8.51266		      -3.95191
       7.47691		      -5.66043
       6.10395		      -7.10974
       4.45652		      -8.23458
       2.60971		      -8.98447
       0.64754		      -9.32601
      -1.34090		      -9.24439
      -3.26546		      -8.74394
      -5.03901		      -7.84802
      -6.58141		      -6.59784
      -7.82313		      -5.05062
      -8.70837		      -3.27695
      -9.19757		      -1.35754
      -9.26918		       0.62037
      -8.92061		       2.56706
      -8.16832		       4.39436
      -7.04703		       6.01964
      -5.60814		       7.36958
      -3.91736		       8.38341
      -2.05170		       9.01573
      -0.09599		       9.23848
       1.86100		       9.04220
       3.73058		       8.43645
       5.42817		       7.44933
       6.87709		       6.12616
       8.01207		       4.52743
       8.78218		       2.72604
       9.15309		       0.80394
       9.10860		      -1.15158
       8.65140		      -3.05184
       7.80285		      -4.81082
       6.60201		      -6.34901
       5.10387		      -7.59706
       3.37677		      -8.49887
       1.49936		      -9.01410
      -0.44306		      -9.12002
      -2.36235		      -8.81246
      -4.17156		      -8.10602
      -5.78889		      -7.03334
      -7.14134		      -5.64359
      -8.16803		      -4.00027
      -8.82294		      -2.17824
      -9.07698		      -0.26036
      -8.91927		       1.66632
      -8.35759		       3.51445
      -7.41804		       5.20041
      -6.14380		       6.64806
      -4.59312		       7.79214
      -2.83672		       8.58131
      -0.95453		       8.98034
       0.96797		       8.97177
       2.84359		       8.55662
       4.58739		       7.75436
       6.12056		       6.60193
       7.37395		       5.15213
       8.29120		       3.47111
       8.83126		       1.63542
       8.97025		      -0.27150
       8.70251		      -2.16312
       8.04080		      -3.95374
       7.01573		      -5.56238
       5.67433		      -6.91641
       4.07788		      -7.95487
       2.29913		      -8.63120
       0.41898		      -8.91532
      -1.47721		      -8.79496
      -3.30347		      -8.27621
      -4.97716		      -7.38321
      -6.42267		      -6.15701
      -7.57484		      -4.65372
      -8.38192		      -2.94188
      -8.80787		      -1.09941
      -8.83400		       0.79000
      -8.45974		       2.64064
      -7.70269		       4.36870
      -6.59775		       5.89607
      -5.19554		       7.15383
      -3.56008		       8.08543
      -1.76585		       8.64914
       0.10560		       8.82000
       1.96931		       8.59088
       3.74086		       7.97279
       5.34010		       6.99436
       6.69482		       5.70049
       7.74401		       4.15031
       8.44061		       2.41448
       8.75360		       0.57195
       8.66940		      -1.29360
       8.19244		      -3.09761
       7.34497		      -4.75840
       6.16595		      -6.20094
       4.70936		      -7.36020
       3.04163		      -8.18409
       1.23868		      -8.63579
      -0.61758		      -8.69542
      -2.44293		      -8.36089
      -4.15472		      -7.64798
      -5.67553		      -6.58960
      -6.93674		      -5.23425
      -7.88161		      -3.64381
      -8.46782		      -1.89074
      -8.66935		      -0.05474
      -8.47769		       1.78087
      -7.90213		       3.53288
      -6.96936		       5.12205
      -5.72221		       6.47659
      -4.21770		       7.53550
      -2.52441		       8.25124
      -0.71937		       8.59193
       1.11543		       8.54271
       2.89681		       8.10642
       4.54411		       7.30345
       5.98289		       6.17076
       7.14828		       4.76019
       7.98788		       3.13611
       8.46417		       1.37245
       8.55613		      -0.45063
       8.26019		      -2.25043
       7.59038		      -3.94542
       6.57763		      -5.45895
       5.26839		      -6.72271
       3.72244		      -7.67982
       2.01022		      -8.28739
       0.20959		      -8.51844
      -1.59771		      -8.36308
      -3.32977		      -7.82896
      -4.90821		      -6.94088
      -6.26174		      -5.73964
      -7.32938		      -4.28018
      -8.06317		      -2.62903
      -8.43041		      -0.86134
      -8.41501		       0.94262
      -8.01829		       2.70103
      -7.25880		       4.33427
      -6.17155		       5.76852
      -4.80632		       6.93910
      -3.22542		       7.79338
      -1.50083		       8.29312
       0.28907		       8.41626
       2.06306		       8.15778
       3.74078		       7.53001
       5.24633		       6.56198
       6.51176		       5.29809
       7.48010		       3.79607
       8.10794		       2.12439
       8.36735		       0.35905
       8.24715		      -1.41979
       7.75340		      -3.13149
       6.90904		      -4.69859
       5.75291		      -6.05030
       4.33787		      -7.12570
       2.72847		      -7.87648
       0.99795		      -8.26913
      -0.77509		      -8.28642
      -2.51021		      -7.92815
      -4.12886		      -7.21116
      -5.55785		      -6.16849
      -6.73272		      -4.84791
      -7.60063		      -3.30970
      -8.12273		      -1.62391
      -8.27589		       0.13282
      -8.05377		       1.88078
      -7.46701		       3.54076
      -6.54277		       5.03767
      -5.32348		       6.30393
      -3.86485		       7.28252
      -2.23336		       7.92954
      -0.50321		       8.21618
       1.24702		       8.13004
       2.93799		       7.67558
       4.49317		       6.87399
       5.84228		       5.76214
       6.92450		       4.39091
       7.69122		       2.82283
       8.10818		       1.12929
       8.15704		      -0.61277
       7.83615		      -2.32432
       7.16064		      -3.92786
       6.16169		      -5.35087
       4.88506		      -6.52915
       3.38905		      -7.40970
       1.74180		      -7.95306
       0.01820		      -8.13515
      -1.70351		      -7.94828
      -3.34533		      -7.40150
      -4.83296		      -6.52015
      -6.09923		      -5.34470
      -7.08711		      -3.92888
      -7.75226		      -2.33724
      -8.06504		      -0.64216
      -8.01184		       1.07935
      -7.59563		       2.74924
      -6.83586		       4.29193
      -5.76748		       5.63768
      -4.43941		       6.72584
      -2.91223		       7.50748
      -1.25548		       7.94766
       0.45558		       8.02698
       2.14330		       7.74240
       3.73124		       7.10739
       5.14759		       6.15128
       6.32844		       4.91791
       7.22064		       3.46360
       7.78421		       1.85460
       7.99413		       0.16409
       7.84143		      -1.53121
       7.33361		      -3.15446
       6.49424		      -4.63220
       5.36188		      -5.89770
       3.98830		      -6.89394
       2.43613		      -7.57619
       0.77600		      -7.91402
      -0.91670		      -7.89268
      -2.56519		      -7.51368
      -4.09485		      -6.79477
      -5.43653		      -5.76905
      -6.52973		      -4.48350
      -7.32530		      -2.99679
      -7.78765		      -1.37659
      -7.89634		       0.30344
      -7.64701		       1.96709
      -7.05153		       3.53898
      -6.13741		       4.94802
      -4.94659		       6.13062
      -3.53346		       7.03352
      -1.96242		       7.61626
      -0.30491		       7.85293
       1.36381		       7.73334
       2.96811		       7.26347
       4.43538		       6.46517
       5.69934		       5.37514
       6.70303		       4.04322
       7.40138		       2.53015
       7.76321		       0.90480
       7.77265		      -0.75900
       7.42983		      -2.38580
       6.75084		      -3.90192
       5.76698		      -5.23883
       4.52331		      -6.33623
       3.07660		      -7.14476
       1.49274		      -7.62822
      -0.15629		      -7.76523
      -1.79564		      -7.55011
      -3.35105		      -6.99317
      -4.75215		      -6.12019
      -5.93569		      -4.97121
      -6.84838		      -3.59875
      -7.44927		      -2.06535
      -7.71163		      -0.44077
      -7.62410		       1.20125
      -7.19119		       2.78624
      -6.43307		       4.24248
      -5.38460		       5.50418
      -4.09375		       6.51445
      -2.61941		       7.22790
      -1.02867		       7.61268
       0.60619		       7.65186
       2.21101		       7.34421
       3.71312		       6.70421
       5.04459		       5.76139
       6.14536		       4.55895
       6.96590		       3.15179
       7.46947		       1.60401
       7.63374		      -0.01403
       7.45181		      -1.62890
       6.93245		      -3.16742
       6.09974		      -4.55998
       4.99191		      -5.74370
       3.65959		      -6.66526
       2.16351		      -7.28332
       0.57173		      -7.57034
      -1.04346		      -7.51383
      -2.60882		      -7.11690
      -4.05350		      -6.39805
      -5.31222		      -5.39039
      -6.32821		      -4.14002
      -7.05583		      -2.70400
      -7.46254		      -1.14769
      -7.53042		       0.45820
      -7.25693		       2.04079
      -6.65499		       3.52842
      -5.75241		       4.85381
      -4.59055		       5.95715
      -3.22247		       6.78879
      -1.71051		       7.31146
      -0.12340		       7.50197
       1.46682		       7.35220
       2.98806		       6.86948
       4.37149		       6.07620
       5.55465		       5.00879
       6.48422		       3.71608
       7.11848		       2.25698
       7.42914		       0.69789
       7.40264		      -0.89038
       7.04070		      -2.43580
       6.36025		      -3.86842
       5.39263		      -5.12347
       4.18215		      -6.14437
       2.78404		      -6.88520
       1.26195		      -7.31285
      -0.31494		      -7.40842
      -1.87508		      -7.16810
      -3.34780		      -6.60331
      -4.66648		      -5.74015
      -5.77162		      -4.61821
      -6.61346		      -3.28874
      -7.15427		      -1.81232
      -7.37001		      -0.25608
      -7.25141		       1.30932
      -6.80437		       2.81293
      -6.04967		       4.18669
      -5.02199		       5.36857
      -3.76834		       6.30530
      -2.34588		       6.95481
      -0.81933		       7.28811
       0.74194		       7.29061
       2.26715		       6.96270
       3.68721		       6.31977
       4.93795		       5.39144
       5.96294		       4.22024
       6.71609		       2.85962
       7.16370		       1.37154
       7.28595		      -0.17635
       7.07783		      -1.71383
       6.54927		      -3.17123
       5.72474		      -4.48262
       4.64206		      -5.58881
       3.35072		      -6.43998
       1.90955		      -6.99797
       0.38410		      -7.23795
      -1.15636		      -7.14953
      -2.64199		      -6.73724
      -4.00557		      -6.02028
      -5.18547		      -5.03162
      -6.12853		      -3.81648
      -6.79237		      -2.43029
      -7.14734		      -0.93614
      -7.17786		       0.59809
      -6.88303		       2.10281
      -6.27674		       3.50987
      -5.38694		       4.75566
      -4.25442		       5.78397
      -2.93086		       6.54855
      -1.47656		       7.01516
       0.04237		       7.16312
       1.55699		       6.98622
       2.99868		       6.49299
       4.30221		       5.70629
       5.40873		       4.66222
       6.26839		       3.40850
       6.84263		       2.00228
       7.10586		       0.50753
       7.04666		      -1.00787
       6.66821		      -2.47523
       5.98815		      -3.82810
       5.03779		      -5.00537
       3.86061		      -5.95395
       2.51033		      -6.63122
       1.04840		      -7.00691
      -0.45875		      -7.06447
      -1.94275		      -6.80178
      -3.33637		      -6.23126
      -4.57660		      -5.37924
      -5.60748		      -4.28478
      -6.38262		      -2.99786
      -6.86730		      -1.57710
      -7.03999		      -0.08710
      -6.89338		       1.40452
      -6.43459		       2.83014
      -5.68492		       4.12526
      -4.67879		       5.23140
      -3.46220		       6.09873
      -2.09063		       6.68830
      -0.62646		       6.97385
       0.86381		       6.94290
       2.31258		       6.59736
       3.65428		       5.95338
       4.82827		       5.04061
       5.78160		       3.90084
       6.47142		       2.58608
       6.86689		       1.15619
       6.95053		      -0.32386
       6.71906		      -1.78691
       6.18345		      -3.16668
       5.36846		      -4.40078
       4.31145		      -5.43350
       3.06072		      -6.21836
       1.67324		      -6.72019
       0.21211		      -6.91667
      -1.25634		      -6.79940
      -2.66555		      -6.37417
      -3.95175		      -5.66073
      -5.05684		      -4.69189
      -5.93103		      -3.51193
      -6.53506		      -2.17467
      -6.84198		      -0.74095
      -6.83835		       0.72409
      -6.52483		       2.15402
      -5.91609		       3.48409
      -5.04021		       4.65418
      -3.93728		       5.61151
      -2.65766		       6.31303
      -1.25960		       6.72735
       0.19335		       6.83615
       1.63526		       6.63497
       3.00079		       6.13342
       4.22819		       5.35470
       5.26205		       4.33453
       6.05581		       3.11953
       6.57389		       1.76507
       6.79324		       0.33274
       6.70438		      -1.11242
       6.31183		      -2.50490
       5.63385		      -3.78168
       4.70162		      -4.88507
       3.55778		      -5.76534
       2.25450		      -6.38296
       0.85109		      -6.71034
      -0.58868		      -6.73310
      -1.99951		      -6.45069
      -3.31752		      -5.87639
      -4.48311		      -5.03668
      -5.44370		      -3.97003
      -6.15608		      -2.72515
      -6.58837		      -1.35871
      -6.72139		       0.06715
      -6.54961		       1.48774
      -6.08127		       2.83867
      -5.33808		       4.05884
      -4.35413		       5.09315
      -3.17441		       5.89502
      -1.85268		       6.42848
      -0.44907		       6.66977
       0.97270		       6.60842
       2.34815		       6.24769
       3.61503		       5.60438
       4.71609		       4.70810
       5.60169		       3.59986
       6.23205		       2.33022
       6.57899		       0.95697
       6.62723		      -0.45749
       6.37506		      -1.84900
       5.83438		      -3.15453
       5.03014		      -4.31506
       3.99920		      -5.27821
       2.78865		      -6.00064
       1.45361		      -6.45000
       0.05480		      -6.60636
      -1.34430		      -6.46307
      -2.68029		      -6.02711
      -3.89271		      -5.31870
      -4.92681		      -4.37036
      -5.73602		      -3.22545
      -6.28401		      -1.93617
      -6.54635		      -0.56116
      -6.51161		       0.83711
      -6.18183		       2.19526
      -5.57242		       3.45179
      -4.71143		       4.54991
      -3.63827		       5.44012
      -2.40191		       6.08239
      -1.05865		       6.44801
       0.33048		       6.52084
       1.70246		       6.29804
       2.99513		       5.79017
       4.15003		       5.02069
       5.11505		       4.02490
       5.84675		       2.84826
       6.31233		       1.54439
       6.49112		       0.17258
       6.37545		      -1.20490
       5.97104		      -2.52562
       5.29667		      -3.72980
       4.38332		      -4.76307
       3.27275		      -5.57885
       2.01562		      -6.14053
       0.66911		      -6.42305
      -0.70561		      -6.41404
      -2.04620		      -6.11437
      -3.29195		      -5.53808
      -4.38655		      -4.71171
      -5.28065		      -3.67311
      -5.93403		      -2.46968
      -6.31747		      -1.15622
      -6.41400		       0.20758
      -6.21971		       1.55983
      -5.74385		       2.83927
      -5.00844		       3.98803
      -4.04721		       4.95426
      -2.90407		       5.69444
      -1.63112		       6.17541
      -0.28624		       6.37575
       1.06949		       6.28684
       2.37463		       5.91317
       3.57011		       5.27210
       4.60192		       4.39311
       5.42355		       3.31641
       5.99811		       2.09111
       6.29994		       0.77296
       6.31579		      -0.57814
       6.04540		      -1.90093
       5.50146		      -3.13549
       4.70905		      -4.22602
       3.70449		      -5.12331
       2.53361		      -5.78702
       1.24976		      -6.18743
      -0.08872		      -6.30680
      -1.42108		      -6.14017
      -2.68694		      -5.69554
      -3.82905		      -4.99349
      -4.79584		      -4.06625
      -5.54377		      -2.95618
      -6.03929		      -1.71389
      -6.26034		      -0.39587
      -6.19734		       0.93801
      -5.85357		       2.22730
      -5.24508		       3.41362
      -4.39983		       4.44338
      -3.35652		       5.27015
      -2.16274		       5.85680
      -0.87281		       6.17710
       0.45464		       6.21695
       1.75941		       5.97501
       2.98239		       5.46266
       4.06830		       4.70356
       4.96813		       3.73249
       5.64141		       2.59379
       6.05796		       1.33934
       6.19932		       0.02615
       6.05952		      -1.28616
       5.64533		      -2.53812
       4.97595		      -3.67309
       4.08211		      -4.63982
       3.00469		      -5.39477
       1.79278		      -5.90404
       0.50153		      -6.14496
      -0.81042		      -6.10701
      -2.08358		      -5.79237
      -3.26032		      -5.21571
      -4.28746		      -4.40359
      -5.11869		      -3.39318
      -5.71664		      -2.23059
      -6.05458		      -0.96873
      -6.11761		       0.33505
      -5.90329		       1.62160
      -5.42178		       2.83264
      -4.69533		       3.91341
      -3.75722		       4.81513
      -2.65032		       5.49723
      -1.42504		       5.92912
      -0.13711		       6.09164
       1.15501		       5.97784
       2.39277		       5.59331
       3.52014		       4.95590
       4.48622		       4.09490
       5.24747		       3.04967
       5.76972		       1.86788
       6.02967		       0.60329
       6.01596		      -0.68665
       5.72963		      -1.94345
       5.18410		      -3.11020
       4.40448		      -4.13417
       3.42649		      -4.96918
       2.29475		      -5.57768
       1.06078		      -5.93246
      -0.21932		      -6.01782
      -1.48747		      -5.83034
      -2.68622		      -5.37892
      -3.76135		      -4.68445
      -4.66434		      -3.77878
      -5.35452		      -2.70327
      -5.80097		      -1.50695
      -5.98382		      -0.24421
      -5.89521		       1.02761
      -5.53957		       2.25087
      -4.93345		       3.37020
      -4.10470		       4.33504
      -3.09123		       5.10191
      -1.93926		       5.63636
      -0.70122		       5.91455
       0.56666		       5.92425
       1.80687		       5.66547
       2.96325		       5.15034
       3.98352		       4.40261
       4.82166		       3.45653
       5.43998		       2.35530
       5.81079		       1.14905
       5.91769		      -0.10738
       5.75624		      -1.35696
       5.33417		      -2.54309
       4.67103		      -3.61211
       3.79725		      -4.51576
       2.75275		      -5.21334
       1.58514		      -5.67356
       0.34753		      -5.87595
      -0.90389		      -5.81172
      -2.11239		      -5.48422
      -3.22325		      -4.90869
      -4.18630		      -4.11162
      -4.95812		      -3.12946
      -5.50403		      -2.00702
      -5.79965		      -0.79538
      -5.83198		       0.45039
      -5.59996		       1.67381
      -5.11452		       2.81944
      -4.39805		       3.83551
      -3.48340		       4.67616
      -2.41233		       5.30357
      -1.23360		       5.68965
      -0.00083		       5.81728
       1.23005		       5.68107
       2.40325		       5.28762
       3.46570		       4.65516
       4.36942		       3.81273
       5.07371		       2.79883
       5.54695		       1.65969
       5.76808		       0.44711
       5.72745		      -0.78382
       5.42733		      -1.97730
       4.88172		      -3.07929
       4.11574		      -4.04001
       3.16444		      -4.81613
       2.07122		      -5.37277
       0.88585		      -5.68506
      -0.33780		      -5.73921
      -1.54422		      -5.53319
      -2.67877		      -5.07673
      -3.69013		      -4.39092
      -4.53268		      -3.50720
      -5.16849		      -2.46592
      -5.56908		      -1.31452
      -5.71665		      -0.10536
      -5.60492		       1.10668
      -5.23936		       2.26666
      -4.63693		       3.32210
      -3.82531		       4.22533
      -2.84161		       4.93566
      -1.73067		       5.42119
      -0.54304		       5.66029
       0.66733		       5.64249
       1.84556		       5.36900
       2.93831		       4.85264
       3.89617		       4.11716
       4.67597		       3.19626
       5.24263		       2.13195
       5.57082		       0.97270
       5.64602		      -0.22881
       5.46524		      -1.41807
       5.03707		      -2.54120
       4.38130		      -3.54740
       3.52800		      -4.39126
       2.51615		      -5.03479
       1.39187		      -5.44914
       0.20627		      -5.61589
      -0.98681		      -5.52788
      -2.13330		      -5.18948
      -3.18132		      -4.61644
      -4.08351		      -3.83509
      -4.79923		      -2.88116
      -5.29633		      -1.79816
      -5.55263		      -0.63537
      -5.55689		       0.55439
      -5.30932		       1.71716
      -4.82152		       2.80028
      -4.11598		       3.75480
      -3.22502		       4.53766
      -2.18930		       5.11365
      -1.05599		       5.45699
       0.12339		       5.55249
       1.29533		       5.39621
       2.40673		       4.99563
       3.40732		       4.36928
       4.25192		       3.54590
       4.90250		       2.56312
       5.32989		       1.46572
       5.51506		       0.30363
       5.45001		      -0.87040
       5.13807		      -2.00315
       4.59377		      -3.04333
       3.84215		      -3.94397
       2.91758		      -4.66445
       1.86224		      -5.17242
       0.72417		      -5.44518
      -0.44494		      -5.47075
      -1.59204		      -5.24835
      -2.66520		      -4.78845
      -3.61589		      -4.11227
      -4.40122		      -3.25079
      -4.98587		      -2.24334
      -5.34364		      -1.13580
      -5.45868		       0.02147
      -5.32616		       1.17595
      -4.95248		       2.27533
      -4.35494		       3.26987
      -3.56099		       4.11466
      -2.60689		       4.77165
      -1.53616		       5.21137
      -0.39749		       5.41422
       0.75741		       5.37139
       1.87617		       5.08521
       2.90814		       4.56902
       3.80671		       3.84658
       4.53135		       2.95095
       5.04950		       1.92299
       5.33800		       0.80950
       5.38413		      -0.33893
       5.18620		      -1.47019
       4.75354		      -2.53305
       4.10613		      -3.47946
       3.27366		      -4.26669
       2.29414		      -4.85932
       1.21219		      -5.23081
       0.07700		      -5.36466
      -1.05990		      -5.25518
      -2.14698		      -4.90772
      -3.13505		      -4.33839
      -3.97950		      -3.57334
      -4.64228		      -2.64756
      -5.09363		      -1.60325
      -5.31344		      -0.48792
      -5.29211		       0.64778
      -5.03098		       1.75233
      -4.54226		       2.77574
      -3.84846		       3.67175
      -2.98135		       4.39995
      -1.98048		       4.92761
      -0.89143		       5.23113
       0.23630		       5.29711
       1.35156		       5.12292
       2.40382		       4.71685
       3.34549		       4.09765
       4.13406		       3.29372
       4.73405		       2.34179
       5.11856		       1.28523
       5.27050		       0.17208
       5.18334		      -0.94713
       4.86143		      -2.02165
       4.31970		      -3.00287
       3.58306		      -3.84646
       2.68520		      -4.51441
       1.66706		      -4.97673
       0.57497		      -5.21278
      -0.54147		      -5.21223
      -1.63161		      -4.97546
      -2.64610		      -4.51359
      -3.53908		      -3.84789
      -4.27028		      -3.00886
      -4.80680		      -2.03478
      -5.12464		      -0.97003
      -5.20974		       0.13702
      -5.05861		       1.23612
      -4.67847		       2.27748
      -4.08690		       3.21399
      -3.31105		       4.00337
      -2.38637		       4.61009
      -1.35499		       5.00694
      -0.26382		       5.17625
       0.83759		       5.11072
       1.89932		       4.81368
       2.87330		       4.29896
       3.71554		       3.59022
       4.38808		       2.71989
       4.86070		       1.72767
       5.11229		       0.65870
       5.13181		      -0.43843
       4.91874		      -1.51398
       4.48308		      -2.51922
       3.84495		      -3.40872
       3.03356		      -4.14235
       2.08598		      -4.68710
       1.04535		      -5.01858
      -0.04103		      -5.12210
      -1.12383		      -4.99334
      -2.15401		      -4.63849
      -3.08496		      -4.07398
      -3.87463		      -3.32574
      -4.48748		      -2.42794
      -4.89599		      -1.42153
      -5.08199		      -0.35228
      -5.03738		       0.73126
      -4.76456		       1.77996
      -4.27624		       2.74635
      -3.59490		       3.58676
      -2.75171		       4.26331
      -1.78514		       4.74558
      -0.73918		       5.01204
       0.33863		       5.05094
       1.39940		       4.86088
       2.39509		       4.45082
       3.28067		       3.83971
       4.01619		       3.05554
       4.56855		       2.13413
       4.91300		       1.11746
       5.03426		       0.05173
       4.92718		      -1.01466
       4.59698		      -2.03340
       4.05896		      -2.95839
       3.33785		      -3.74786
       2.46660		      -4.36624
       1.48493		      -4.78577
       0.43752		      -4.98777
      -0.62809		      -4.96341
      -1.66355		      -4.71415
      -2.62201		      -4.25164
      -3.46013		      -3.59719
      -4.14012		      -2.78074
      -4.63143		      -1.83955
      -4.91207		      -0.81647
      -4.96967		       0.24200
      -4.80196		       1.28784
      -4.41689		       2.27368
      -3.83226		       3.15493
      -3.07487		       3.89182
      -2.17933		       4.45118
      -1.18642		       4.80795
      -0.14131		       4.94626
       0.90857		       4.86020
       1.91562		       4.55402
       2.83428		       4.04193
       3.62305		       3.34748
       4.24640		       2.50241
       4.67632		       1.54526
       4.89364		       0.51959
       4.88885		      -0.52803
       4.66252		      -1.55006
       4.22523		      -2.50025
       3.59716		      -3.33564
       2.80705		      -4.01855
       1.89097		      -4.51827
       0.89063		      -4.81245
      -0.14850		      -4.88807
      -1.17927		      -4.74205
      -2.15498		      -4.38136
      -3.03150		      -3.82268
      -3.76926		      -3.09164
      -4.33504		      -2.22163
      -4.70347		      -1.25231
      -4.85818		      -0.22776
      -4.79247		       0.80551
      -4.50968		       1.80065
      -4.02296		       2.71262
      -3.35469		       3.50023
      -2.53544		       4.12798
      -1.60257		       4.56767
      -0.59854		       4.79967
       0.43104		       4.81379
       1.43947		       4.60974
       2.38108		       4.19709
       3.21330		       3.59489
       3.89860		       2.83072
       4.40615		       1.93946
       4.71321		       0.96171
       4.80620		      -0.05809
       4.68123		      -1.07366
       4.34432		      -2.03897
       3.81105		      -2.91037
       3.10590		      -3.64851
       2.26111		      -4.22014
       1.31518		      -4.59962
       0.31112		      -4.77006
      -0.70545		      -4.72406
      -1.68846		      -4.46405
      -2.59341		      -4.00214
      -3.37941		      -3.35958
      -4.01103		      -2.56578
      -4.45988		      -1.65694
      -4.70591		      -0.67445
      -4.73829		       0.33707
      -4.55588		       1.33173
      -4.16730		       2.26447
      -3.59047		       3.09313
      -2.85183		       3.78031
      -1.98510		       4.29509
      -1.02978		       4.61442
      -0.02929		       4.72412
       0.97096		       4.61957
       1.92564		       4.30582
       2.79155		       3.79744
       3.52959		       3.11776
       4.10652		       2.29785
       4.49644		       1.37509
       4.68198		       0.39147
       4.65504		      -0.60835
       4.41719		      -1.57904
       3.97953		      -2.47664
       3.36221		      -3.26059
       2.59349		      -3.89555
       1.70844		      -4.35297
       0.74735		      -4.61240
      -0.24609		      -4.66240
      -1.22682		      -4.50102
      -2.15042		      -4.13592
      -2.97511		      -3.58396
      -3.66368		      -2.87044
      -4.18513		      -2.02796
      -4.51611		      -1.09490
      -4.64190		      -0.11368
      -4.55712		       0.87115
      -4.26596		       1.81495
      -3.78193		       2.67502
      -3.12727		       3.41252
      -2.33191		       3.99420
      -1.43212		       4.39396
      -0.46884		       4.59397
       0.51418		       4.58547
       1.47235		       4.36917
       2.36229		       3.95521
       3.14378		       3.36266
       3.78157		       2.61864
       4.24698		       1.75712
       4.51920		       0.81732
       4.58618		      -0.15804
       4.44523		      -1.12471
       4.10304		      -2.03890
       3.57544		      -2.85925
       2.88664		      -3.54873
       2.06810		      -4.07631
       1.15712		      -4.41832
       0.19513		      -4.55957
      -0.77419		      -4.49397
      -1.70690		      -4.22480
      -2.56079		      -3.76460
      -3.29730		      -3.13451
      -3.88322		      -2.36336
      -4.29223		      -1.48631
      -4.50609		      -0.54329
      -4.51540		       0.42288
      -4.32007		       1.36836
      -3.92926		       2.25035
      -3.36100		       3.02897
      -2.64131		       3.66911
      -1.80305		       4.14195
      -0.88440		       4.42635
       0.07289		       4.50971
       1.02538		       4.38856
       1.92990		       4.06872
       2.74554		       3.56499
       3.43548		       2.90049
       3.96864		       2.10559
       4.32112		       1.21651
       4.47721		       0.27370
       4.43016		      -0.68003
       4.18241		      -1.60145
       3.74551		      -2.44885
       3.13956		      -3.18394
       2.39227		      -3.77359
       1.53775		      -4.19129
       0.61487		      -4.41840
      -0.33442		      -4.44491
      -1.26706		      -4.26995
      -2.14082		      -3.90175
      -2.91619		      -3.35731
      -3.55818		      -2.66157
      -4.03792		      -1.84631
      -4.33391		      -0.94865
      -4.43302		      -0.00941
      -4.33109		       0.92878
      -4.03303		       1.82340
      -3.55267		       2.63399
      -2.91207		       3.32394
      -2.14049		       3.86217
      -1.27313		       4.22452
      -0.34943		       4.39486
       0.58866		       4.36576
       1.49859		       4.13886
       2.33919		       3.72474
       3.07246		       3.14248
       3.66533		       2.41871
       4.09117		       1.58647
       4.33093		       0.68364
       4.37405		      -0.24875
       4.21887		      -1.16841
       3.87274		      -2.03368
       3.35165		      -2.80542
       2.67948		      -3.44881
       1.88694		      -3.93490
       1.01013		      -4.24190
       0.08892		      -4.35619
      -0.83488		      -4.27287
      -1.71939		      -3.99605
      -2.52459		      -3.53857
      -3.21412		      -2.92144
      -3.75690		      -2.17288
      -4.12858		      -1.32703
      -4.31257		      -0.42237
      -4.30084		       0.50002
      -4.09421		       1.39830
      -3.70236		       2.23180
      -3.14335		       2.96284
      -2.44275		       3.55847
      -1.63256		       3.99190
      -0.74965		       4.24374
       0.16584		       4.30287
       1.07239		       4.16690
       1.92891		       3.84231
       2.69667		       3.34410
       3.34101		       2.69512
       3.83294		       1.92502
       4.15039		       1.06889
       4.27925		       0.16567
       4.21398		      -0.74365
       3.95784		      -1.61784
       3.52274		      -2.41734
       2.92868		      -3.10603
       2.20282		      -3.65288
       1.37828		      -4.03333
       0.49256		      -4.23040
      -0.41408		      -4.23544
      -1.30054		      -4.04853
      -2.12666		      -3.67844
      -2.85511		      -3.14223
      -3.45303		      -2.46446
      -3.89353		      -1.67606
      -4.15688		      -0.81295
      -4.23143		       0.08565
      -4.11411		       0.97895
      -3.81052		       1.82650
      -3.33473		       2.58993
      -2.70855		       3.23480
      -1.96061		       3.73205
      -1.12499		       4.05940
      -0.23970		       4.20227
       0.65506		       4.15447
       1.51873		       3.91847
       2.31222		       3.50526
       2.99968		       2.93384
       3.55012		       2.23037
       3.93881		       1.42692
       4.14838		       0.56007
       4.16963		      -0.33080
       4.00188		      -1.20529
       3.65304		      -2.02378
       3.13919		      -2.74927
       2.48389		      -3.34902
       1.71705		      -3.79607
       0.87360		      -4.07038
      -0.00812		      -4.15979
      -0.88809		      -4.06055
      -1.72643		      -3.77745
      -2.48521		      -3.32360
      -3.13018		      -2.71984
      -3.63228		      -1.99377
      -3.96898		      -1.17849
      -4.12528		      -0.31108
      -4.09439		       0.56907
      -3.87799		       1.42205
      -3.48619		       2.20924
      -2.93701		       2.89508
      -2.25560		       3.44864
      -1.47303		       3.84504
      -0.62494		       4.06657
       0.25015		       4.10346
       1.11252		       3.95433
       1.92313		       3.62623
       2.64530		       3.13431
       3.24646		       2.50112
       3.69956		       1.75557
       3.98428		       0.93164
       4.08800		       0.06678
       4.00629		      -0.79976
       3.74314		      -1.62868
       3.31078		      -2.38250
       2.72906		      -3.02716
       2.02457		      -3.53363
       1.22944		      -3.87916
       0.37984		      -4.04834
      -0.48565		      -4.03380
      -1.32776		      -3.83648
      -2.10838		      -3.46560
      -2.79223		      -2.93825
      -3.34846		      -2.27856
      -3.75207		      -1.51665
      -3.98501		      -0.68721
      -4.03699		       0.17208
      -3.90594		       1.02222
      -3.59808		       1.82470
      -3.12764		       2.54323
      -2.51621		       3.14537
      -1.79170		       3.60403
      -0.98713		       3.89863
      -0.13909		       4.01610
       0.71393		       3.95137
       1.53325		       3.70768
       2.28180		       3.29634
       2.92576		       2.73626
       3.43613		       2.05306
       3.78997		       1.27789
       3.97150		       0.44602
       3.97277		      -0.40475
       3.79399		      -1.23585
       3.44355		      -2.00964
       2.93761		      -2.69113
       2.29933		      -3.24960
       1.55785		      -3.65992
       0.74694		      -3.90374
      -0.09655		      -3.97027
      -0.93434		      -3.85676
      -1.72848		      -3.56864
      -2.44303		      -3.11926
      -3.04575		      -2.52922
      -3.50950		      -1.82548
      -3.81347		      -1.04012
      -3.94414		      -0.20886
      -3.89586		       0.63057
      -3.67111		       1.44010
      -3.28034		       2.18310
      -2.74152		       2.82599
      -2.07930		       3.33981
      -1.32390		       3.70146
      -0.50968		       3.89480
       0.32636		       3.91133
       1.14629		       3.75058
       1.91299		       3.42011
       2.59180		       2.93517
       3.15208		       2.31797
       3.56863		       1.59668
       3.82280		       0.80418
       3.90334		      -0.02353
       3.80685		      -0.84887
       3.53799		      -1.63445
       3.10921		      -2.34473
       2.54021		      -2.94762
       1.85698		      -3.41599
       1.09066		      -3.72882
       0.27612		      -3.87217
      -0.54965		      -3.83982
      -1.34922		      -3.63350
      -2.08639		      -3.26284
      -2.72785		      -2.74489
      -3.24468		      -2.10336
      -3.61365		      -1.36752
      -3.81828		      -0.57086
      -3.84955		       0.25042
      -3.70632		       1.05907
      -3.39534		       1.81845
      -2.93098		       2.49422
      -2.33452		       3.05591
      -1.63320		       3.47822
      -0.85897		       3.74224
      -0.04702		       3.83625
       0.76578		       3.75626
       1.54260		       3.50617
       2.24830		       3.09758
       2.85100		       2.54925
       3.32354		       1.88625
       3.64473		       1.13881
       3.80024		       0.34094
       3.78329		      -0.47114
       3.59490		      -1.26059
       3.24390		      -1.99167
       2.74644		      -2.63134
       2.12530		      -3.15076
       1.40881		      -3.52658
       0.62960		      -3.74199
      -0.17691		      -3.78748
      -0.97414		      -3.66125
      -1.72598		      -3.36930
      -2.39841		      -2.92512
      -2.96110		      -2.34907
      -3.38871		      -1.66747
      -3.66208		      -0.91137
      -3.76906		      -0.11515
      -3.70506		       0.68503
