     150.40850		     -15.19195
     142.89061		     -49.04513
     127.41467		     -79.96800
     105.00738		    -106.05541
      77.15160		    -125.74087
      45.67909		    -137.90420
      12.63857		    -141.94620
     -19.85096		    -137.82495
     -49.75072		    -126.05142
     -75.24531		    -107.64482
     -94.86792		     -84.05148
    -107.59852		     -57.03341
    -112.92793		     -28.53535
    -110.88325		      -0.54019
    -102.01335		      25.07612
     -87.33575		      46.67931
     -68.24944		      62.99123
     -46.42061		      73.17552
     -23.65033		      76.88846
      -1.73437		      74.29137
      17.67398		      66.02447
      33.18765		      53.14424
      43.78666		      37.02991
      48.88880		      19.26655
      48.38483		       1.51404
      42.63601		     -14.62763
      32.43445		     -27.74627
      18.92997		     -36.72854
       3.52937		     -40.84582
     -12.22368		     -39.80812
     -26.77829		     -33.78223
     -38.70554		     -23.37290
     -46.81664		      -9.56878
     -50.26099		       6.34236
     -48.59632		      22.88225
     -41.82546		      38.50582
     -30.39699		      51.73006
     -15.16965		      61.25787
       2.65643		      66.08683
      21.63627		      65.59451
      40.19680		      59.59329
      56.76426		      48.35040
      69.89252		      32.57150
      78.38183		      13.34906
      81.37876		      -7.92054
      78.44927		     -29.64477
      69.61909		     -50.15905
      55.37799		     -67.85765
      36.64756		     -81.32092
      14.71472		     -89.42914
      -8.86385		     -91.45372
     -32.37933		     -87.11867
     -54.10101		     -76.62738
     -72.40947		     -60.65237
     -85.92208		     -40.28865
     -93.60131		     -16.97411
     -94.83711		       7.61708
     -89.49713		      31.70000
     -77.94059		      53.51385
     -60.99459		      71.45579
     -39.89457		      84.20357
     -16.19321		      90.81733
       8.35525		      90.81289
      31.92665		      84.20068
      52.76440		      71.48719
      69.31241		      53.63890
      80.33336		      32.01100
      85.00319		       8.24659
      82.97453		     -15.84639
      74.40438		     -38.43090
      59.94360		     -57.77917
      40.68916		     -72.40311
      18.10260		     -81.16676
      -6.09908		     -83.37253
     -30.07198		     -78.81434
     -51.98342		     -67.79393
     -70.14942		     -51.09887
     -83.16084		     -29.94415
     -89.98901		      -5.88158
     -90.06264		      19.31597
     -83.31034		      43.78680
     -70.16559		      65.71908
     -51.53397		      83.48548
     -28.72498		      95.76373
      -3.35389		     101.63390
      22.77885		     100.64525
      47.82172		      92.84771
      70.00930		      78.78570
      87.79231		      59.45504
      99.95067		      36.22628
     105.68122		      10.74048
     104.65344		     -15.21459
      97.02940		     -39.83816
      83.44644		     -61.45020
      64.96429		     -78.61475
      42.98081		     -90.24373
      19.12310		     -95.67344
      -4.87765		     -94.70810
     -27.31785		     -87.62743
     -46.64956		     -75.15799
     -61.59525		     -58.41070
     -71.24047		     -38.78970
     -75.09754		     -17.87978
     -73.13562		       2.67882
     -65.77504		      21.31833
     -53.84670		      36.66434
     -38.51998		      47.64019
     -21.20489		      53.54695
      -3.43648		      54.11293
      13.24958		      49.50900
      27.44017		      40.32887
      37.95732		      27.53598
      43.95108		      12.38142
      44.96583		      -3.70057
      40.97462		     -19.21109
      32.37906		     -32.70982
      19.97498		     -42.93306
       4.88639		     -48.89749
     -11.52670		     -49.98123
     -27.77953		     -45.97601
     -42.38396		     -37.10621
     -53.97043		     -24.01325
     -61.40094		      -7.70661
     -63.86394		      10.51489
     -60.94386		      29.16519
     -52.65949		      46.68874
     -39.46817		      61.58455
     -22.23546		      72.52685
      -2.17222		      78.47301
      19.25582		      78.75004
      40.43931		      73.11299
      59.74871		      61.77046
      75.66034		      45.37515
      86.87543		      24.97986
      92.42279		       1.96238
      91.73718		     -22.07534
      84.70726		     -45.42592
      71.68919		     -66.40422
      53.48481		     -83.47428
      31.28584		     -95.36570
       6.58825		    -101.17062
     -18.91678		    -100.41383
     -43.46708		     -93.09061
     -65.35948		     -79.66928
     -83.07577		     -61.05836
     -95.39508		     -38.54051
    -101.48404		     -13.67850
    -100.95815		      11.79990
     -93.90936		      36.12933
     -80.89818		      57.63689
     -62.91061		      74.86510
     -41.28345		      86.67840
     -17.60352		      92.34519
       6.41142		      91.58931
      29.04109		      84.60718
      48.69056		      72.04925
      64.00815		      54.96753
      73.98413		      34.73312
      78.02310		      12.93018
      75.98456		      -8.76548
      68.18871		     -28.71389
      55.38725		     -45.43480
      38.70160		     -57.71855
      19.53334		     -64.71544
      -0.54595		     -65.99697
     -19.91727		     -61.58440
     -37.03929		     -51.94265
     -50.56677		     -37.94009
     -59.45295		     -20.77758
     -63.02830		      -1.89242
     -61.04964		      17.15551
     -53.71593		      34.80622
     -41.64974		      49.62148
     -25.84605		      60.39659
      -7.59226		      66.25341
      11.63399		      66.70764
      30.28149		      61.70512
      46.84733		      51.62459
      59.99453		      37.24674
      68.65648		      19.69202
      72.11999		       0.33223
      70.08057		     -19.31723
      62.66585		     -37.71616
      50.42523		     -53.41990
      34.28684		     -65.19216
      15.48498		     -72.10145
      -4.53609		     -73.59364
     -24.23460		     -69.53522
     -42.09115		     -60.22372
     -56.72692		     -46.36476
     -67.01067		     -29.01739
     -72.14671		      -9.51205
     -71.73666		      10.65248
     -65.81049		      29.92514
     -54.82432		      46.82264
     -39.62530		      60.04430
     -21.38612		      68.57265
      -1.51452		      71.75216
      18.45551		      69.33998
      36.98220		      61.52476
      52.63503		      48.91210
      64.20522		      32.47784
      70.79899		      13.49279
      71.90660		      -6.57535
      67.44163		     -26.17518
      57.74771		     -43.79132
      43.57200		     -58.06122
      26.00761		     -67.88023
       6.40937		     -72.48679
     -13.71059		     -71.52111
     -32.79933		     -65.05293
     -49.38268		     -53.57618
     -62.17879		     -37.97102
     -70.19680		     -19.43605
     -72.81312		       0.60379
     -69.81946		      20.60687
     -61.43881		      39.03339
     -48.30840		      54.46369
     -31.43073		      65.70733
     -12.09656		      71.89452
       8.21412		      72.54283
      27.94572		      67.59420
      45.58631		      57.41923
      59.78354		      42.78872
      69.44815		      24.81441
      73.83728		       4.86368
      72.61113		     -15.54531
      65.85862		     -34.85992
      54.09021		     -51.61183
      38.19840		     -64.52929
      19.38903		     -72.63409
      -0.91141		     -75.31596
     -21.16516		     -72.37864
     -39.84093		     -64.05413
     -55.53098		     -50.98418
     -67.05846		     -34.17029
     -73.56693		     -14.89635
     -74.58504		       5.37027
     -70.06164		      25.09147
     -60.36851		      42.77634
     -46.27073		      57.09519
     -28.86687		      66.98098
      -9.50374		      71.71031
      10.32763		      70.95782
      29.10696		      64.81994
      45.40154		      53.80611
      57.97610		      38.79835
      65.88717		      20.98220
      68.55482		       1.75457
      65.80619		     -17.38452
      57.88767		     -34.94784
      45.44464		     -49.57560
      29.47066		     -60.14002
      11.22987		     -65.83185
      -7.84131		     -66.22202
     -26.24550		     -61.29404
     -42.54021		     -51.44441
     -55.44923		     -37.45119
     -63.96100		     -20.41328
     -67.40643		      -1.66496
     -65.51017		      17.32750
     -58.41143		      35.07928
     -46.65285		      50.20179
     -31.13829		      61.50977
     -13.06275		      68.11267
       6.17993		      69.48317
      25.10468		      65.49768
      42.24967		      56.44564
      56.28892		      43.00712
      66.13422		      26.20028
      71.01878		       7.30290
      70.55598		     -12.24587
      64.76888		     -30.95623
      54.08816		     -47.40205
      39.31881		     -60.33022
      21.57803		     -68.75658
       2.20936		     -72.04108
     -17.32055		     -69.93632
     -35.53438		     -62.60599
     -51.05724		     -50.61166
     -62.72166		     -34.86909
     -69.65658		     -16.57750
     -71.35325		       2.87291
     -67.70333		      22.00769
     -59.00611		      39.38127
     -45.94444		      53.68750
     -29.53128		      63.85922
     -11.03108		      69.14930
       8.13802		      69.18677
      26.51347		      64.00398
      42.70069		      54.03266
      55.47994		      40.06923
      63.89939		      23.21225
      67.34730		       4.77672
      65.59782		     -13.80802
      58.82688		     -31.10884
      47.59706		     -45.79945
      32.81273		     -56.76235
      15.64884		     -63.17447
      -2.54090		     -64.56974
     -20.32948		     -60.87403
     -36.32742		     -52.40955
     -49.29041		     -39.86873
     -58.21553		     -24.25936
     -62.41851		      -6.82556
     -61.58620		      11.04952
     -55.80020		      27.95148
     -45.52980		      42.54481
     -31.59499		      53.67668
     -15.10223		      60.46652
       2.64193		      62.37433
      20.23256		      59.24261
      36.27574		      51.30854
      49.49701		      39.18564
      58.84055		      23.81623
      63.55139		       6.39847
      63.23436		     -11.70650
      57.88526		     -29.07993
      47.89172		     -44.35543
      34.00382		     -56.32492
      17.27670		     -64.03237
      -1.01043		     -66.84825
     -19.45261		     -64.51871
     -36.62725		     -57.18599
     -51.20364		     -45.37823
     -62.04554		     -29.96964
     -68.29885		     -12.11397
     -69.45765		       6.84345
     -65.40360		      25.46855
     -56.41562		      42.34811
     -43.14906		      56.19790
     -26.58612		      65.96087
      -7.96120		      70.88805
      11.33305		      70.59584
      29.85175		      65.09534
      46.20772		      54.79159
      59.17704		      40.45258
      67.79192		      23.15074
      71.41410		       4.18113
      69.78282		     -15.03719
      63.03412		     -33.06914
      51.68969		     -48.57263
      36.61640		     -60.40024
      18.95960		     -67.68591
       0.05527		     -69.90990
     -18.67209		     -66.93717
     -35.81811		     -59.02634
     -50.10525		     -46.80853
     -60.47959		     -31.23784
     -66.19017		     -13.51729
     -66.84489		       4.99396
     -62.43877		      22.88507
     -53.35254		      38.80150
     -40.32160		      51.54832
     -24.37802		      60.18082
      -6.76997		      64.07566
      11.13512		      62.97707
      27.95613		      57.01454
      42.40451		      46.69098
      53.38291		      32.84213
      60.06883		      16.57050
      61.97661		      -0.84092
      58.99340		     -18.02855
      51.38610		     -33.65397
      39.77901		     -46.50730
      25.10401		     -55.60030
       8.52707		     -60.24203
      -8.64307		     -60.09123
     -25.05694		     -55.18153
     -39.42926		     -45.91750
     -50.63859		     -33.04209
     -57.81396		     -17.57781
     -60.40193		      -0.74647
     -58.20885		      16.12629
     -51.41508		      31.71445
     -40.56027		      44.79476
     -26.50068		      54.34176
     -10.34211		      59.60734
       6.64653		      60.17861
      23.13211		      56.00970
      37.82111		      47.42506
      49.56024		      35.09402
      57.42614		      19.97860
      60.79713		       3.25867
      59.40161		     -13.75975
      53.33928		     -29.74599
      43.07354		     -43.44803
      29.39579		     -53.78982
      13.36425		     -59.95489
      -3.77783		     -61.44993
     -20.69831		     -58.14340
     -36.07929		     -50.27614
     -48.71906		     -38.44324
     -57.62526		     -23.54853
     -62.09185		      -6.73516
     -61.75408		      10.70223
     -56.61719		      27.41722
     -47.05661		      42.11525
     -33.78964		      53.65343
     -17.82080		      61.12870
      -0.36510		      63.94764
      17.24495		      61.87251
      33.66142		      55.04001
      47.62424		      43.95128
      58.05781		      29.43402
      64.15350		      12.57947
      65.43169		      -5.34069
      61.77865		     -22.97141
      53.45544		     -38.97756
      41.07810		     -52.14576
      25.57078		     -61.47687
       8.09528		     -66.26198
     -10.03743		     -66.13628
     -27.46704		     -61.10654
     -42.88736		     -51.55022
     -55.14553		     -38.18631
     -63.32932		     -22.02013
     -66.83601		      -4.26644
     -65.41745		      13.74335
     -59.19799		      30.66256
     -48.66398		      45.23164
     -34.62564		      56.37360
     -18.15434		      63.27521
      -0.50010		      65.44791
      17.00421		      62.76362
      33.04478		      55.46299
      46.42685		      44.13533
      56.16536		      29.67202
      61.55905		      13.19698
      62.24265		      -4.02050
      58.21306		     -20.66356
      49.82767		     -35.46898
      37.77496		     -47.32378
      23.01989		     -55.34986
       6.72809		     -58.97029
      -9.82490		     -57.95210
     -25.35259		     -52.42244
     -38.65699		     -42.85686
     -48.72070		     -30.04085
     -54.78485		     -15.00745
     -56.40668		       1.04387
     -53.49252		      16.84108
     -46.30364		      31.13861
     -35.43456		      42.81416
     -21.76567		      50.95550
      -6.39371		      54.93092
       9.45417		      54.43759
      24.51650		      49.52441
      37.59581		      40.58743
      47.65198		      28.33839
      53.88309		      13.74880
      55.78778		      -2.02610
      53.20409		     -17.73754
      46.32201		     -32.14055
      35.66865		     -44.09097
      22.06731		     -52.63456
       6.57357		     -57.08135
      -9.60663		     -57.05951
     -25.21047		     -52.54448
     -39.01628		     -43.86133
     -49.93824		     -31.65998
     -57.11072		     -16.86528
     -59.95555		      -0.60587
     -58.22718		      15.87277
     -52.03207		      31.30431
     -41.82106		      44.49921
     -28.35508		      54.43651
     -12.64700		      60.34260
       4.11596		      61.75106
      20.66321		      58.53881
      35.73829		      50.93593
      48.19526		      39.50823
      57.08656		      25.11417
      61.73576		       8.83916
      61.78933		      -8.08740
      57.24378		     -24.38624
      48.44586		     -38.82608
      36.06591		     -50.31772
      21.04649		     -57.99727
       4.53007		     -61.29200
     -12.22839		     -59.96383
     -27.95752		     -54.12718
     -41.46667		     -44.23977
     -51.73683		     -31.06715
     -57.99823		     -15.62370
     -59.78873		       0.90532
     -56.98863		      17.25473
     -49.82913		      32.17632
     -38.87391		      44.53427
     -24.97533		      53.39183
      -9.20853		      58.08256
       7.21139		      58.26068
      23.02269		      53.92682
      37.01375		      45.42712
      48.11576		      33.42584
      55.48423		      18.85367
      58.56313		       2.83572
      57.12675		     -13.39522
      51.29615		     -28.59348
      41.52887		     -41.59610
      28.58300		     -51.41174
      13.45811		     -57.29628
      -2.68208		     -58.80925
     -18.59948		     -55.84669
     -33.07695		     -48.64819
     -45.01160		     -37.77750
     -53.49923		     -24.07822
     -57.90313		      -8.60816
     -57.90225		       7.44262
     -53.51484		      22.84368
     -45.09601		      36.41896
     -33.30933		      47.13709
     -19.07480		      54.19031
      -3.49719		      57.05591
      12.21968		      55.53563
      26.86597		      49.76988
      39.31919		      40.22586
      48.63048		      27.66047
      54.09732		      13.06104
      55.31706		      -2.43164
      52.21714		     -17.61191
      45.05978		     -31.30264
      34.42077		     -42.44618
      21.14409		     -50.18591
       6.27596		     -53.93207
      -9.01674		     -53.40682
     -23.53707		     -48.66510
     -36.15090		     -40.08973
     -45.87473		     -28.36110
     -51.95168		     -14.40400
     -53.90995		       0.68447
     -51.59902		      15.72021
     -45.20103		      29.52407
     -35.21639		      41.01326
     -22.42480		      49.28527
      -7.82470		      53.68783
       7.44419		      53.86934
      22.18916		      49.80619
      35.25688		      41.80455
      45.62268		      30.47685
      52.46986		      16.69447
      55.25301		       1.52055
      53.74022		     -13.87205
      48.03128		     -28.29120
      38.55022		     -40.61747
      26.01283		     -49.89047
      11.37182		     -55.38290
      -4.25635		     -56.65677
     -19.67720		     -53.59719
     -33.70991		     -46.42150
     -45.27802		     -35.66266
     -53.49201		     -22.12862
     -57.71754		      -6.84037
     -57.62407		       9.04615
     -53.21017		      24.32858
     -44.80353		      37.85013
     -33.03577		      48.58796
     -18.79402		      55.73134
      -3.15286		      58.74334
      12.70789		      57.40160
      27.59343		      51.81487
      40.38525		      42.41423
      50.12635		      29.91958
      56.09404		      15.28414
      57.85461		      -0.37887
      55.29577		     -15.88166
      48.63444		     -30.05277
      38.39925		     -41.82666
      25.38922		     -50.32480
      10.61182		     -54.92241
      -4.79482		     -55.29548
     -19.64948		     -51.44460
     -32.81860		     -43.69390
     -43.30302		     -32.66508
     -50.31427		     -19.22873
     -53.33437		      -4.43660
     -52.15480		      10.55984
     -46.89149		      24.59825
     -37.97488		      36.59495
     -26.11576		      45.62810
     -12.24963		      51.00823
       2.53600		      52.33069
      17.08599		      49.50607
      30.26684		      42.76622
      41.05408		      32.64554
      48.61114		      19.93896
      52.35346		       5.63997
      51.99307		      -9.13655
      47.56025		     -23.24065
      39.40053		     -35.57621
      28.14740		     -45.18551
      14.67296		     -51.32289
       0.02010		     -53.51200
     -14.67823		     -51.58217
     -28.28661		     -45.68106
     -39.75480		     -36.26283
     -48.19864		     -24.05267
     -52.96802		      -9.99046
     -53.69668		       4.84199
     -50.33008		      19.30460
     -43.12919		      32.28693
     -32.64991		      42.79377
     -19.69981		      50.02165
      -5.27558		      53.42054
       9.51409		      52.73577
      23.53404		      48.02729
      35.71019		      39.66454
      45.11217		      28.29754
      51.02478		      14.80632
      53.00276		       0.23278
      50.90464		     -14.29984
      44.90320		     -27.67371
      35.47161		     -38.86252
      23.34647		     -47.01045
       9.47058		     -51.49792
      -5.08004		     -51.98899
     -19.17945		     -48.45678
     -31.73862		     -41.18516
     -41.78951		     -30.74634
     -48.55953		     -17.95633
     -51.53099		      -3.81163
     -50.48068		      10.58792
     -45.49683		      24.12418
     -36.97193		      35.74704
     -25.57214		      44.55548
     -12.18563		      49.86694
       2.14615		      51.26994
      16.30897		      48.65559
      29.20189		      42.22591
      39.82216		      32.47804
      47.34261		      20.16580
      51.17532		       6.24151
      51.01697		      -8.21749
      46.87216		     -22.09186
      39.05303		     -34.30652
      28.15522		     -43.91338
      15.01205		     -50.16432
       0.63040		     -52.56872
     -13.88662		     -50.93119
     -27.42446		     -45.36652
     -38.94268		     -36.29094
     -47.55478		     -24.39005
     -52.59612		     -10.56625
     -53.67480		       4.13046
     -50.70155		      18.58304
     -43.89643		      31.69286
     -33.77175		      42.46381
     -21.09263		      50.07837
      -6.81831		      53.95989
       7.97145		      53.81644
      22.15900		      49.66263
      34.67422		      41.81805
      44.57617		      30.88232
      51.12467		      17.68871
      53.83637		       3.24002
      52.52106		     -11.36843
      47.29542		     -25.03268
      38.57325		     -36.72452
      27.03293		     -45.56981
      13.56475		     -50.91483
      -0.79790		     -52.37554
     -14.95810		     -49.86604
     -27.83962		     -43.60407
     -38.46931		     -34.09316
     -46.05127		     -22.08298
     -50.02730		      -8.51087
     -50.11873		       5.57092
     -46.34678		      19.07648
     -39.02974		      30.96993
     -28.75724		      40.34490
     -16.34382		      46.49386
      -2.76525		      48.96190
      10.91737		      47.58083
      23.63984		      42.48111
      34.41710		      34.08075
      42.41908		      23.05190
      47.03449		      10.26811
      47.91737		      -3.26399
      45.01312		     -16.48307
      38.56196		     -28.35543
      29.07950		     -37.95513
      17.31610		     -44.53553
       4.19815		     -47.58682
      -9.24417		     -46.87510
     -21.95702		     -42.46005
     -32.94473		     -34.68986
     -41.34704		     -24.17379
     -46.50568		     -11.73456
     -48.01525		       1.65565
     -45.75455		      14.95082
     -39.89573		      27.11226
     -30.89086		      37.18917
     -19.43680		      44.39234
      -6.42111		      48.15528
       7.14666		      48.17816
      20.21318		      44.45100
      31.76286		      37.25456
      40.89641		      27.13868
      46.90045		      14.87987
      49.30276		       1.42141
      47.90881		     -12.19944
      42.81699		     -24.93143
      34.41117		     -35.79046
      23.33128		     -43.93548
      10.42413		     -48.73343
      -3.32166		     -49.80806
     -16.85172		     -47.06909
     -29.12695		     -40.71930
     -39.20347		     -31.23908
     -46.30520		     -19.34966
     -49.88347		      -5.95777
     -49.65929		       7.91382
     -45.64479		      21.20484
     -38.14232		      32.89873
     -27.72136		      42.10063
     -15.17482		      48.10588
      -1.45833		      50.45399
      12.38295		      48.96383
      25.29432		      43.74737
      36.29224		      35.20101
      44.53948		      23.97506
      49.40895		      10.92386
      50.53151		      -2.95966
      47.82383		     -16.61999
      41.49445		     -29.01971
      32.02746		     -39.21871
      20.14510		     -46.44572
       6.75227		     -50.15701
      -7.13286		     -50.07737
     -20.45681		     -46.22061
     -32.21126		     -38.88788
     -41.50985		     -28.64399
     -47.65553		     -16.27363
     -50.19326		      -2.72092
     -48.94403		      10.98315
     -44.01771		      23.79973
     -35.80368		      34.76140
     -24.94017		      43.04593
     -12.26458		      48.03851
       1.25126		      49.37806
      14.57597		      46.98383
      26.69778		      41.06051
      36.70195		      32.08133
      43.84042		      20.75072
      47.58849		       7.94927
      47.68411		      -5.33461
      44.14680		     -18.08107
      37.27493		     -29.31736
      27.62150		     -38.19241
      15.95040		     -44.04186
       3.17660		     -46.43839
      -9.70507		     -45.22359
     -21.69711		     -40.51910
     -31.87644		     -32.71589
     -39.46544		     -22.44297
     -43.89163		     -10.51770
     -44.83115		       2.11831
     -42.23299		      14.47264
     -36.32197		      25.57932
     -27.58034		      34.57372
     -16.70951		      40.75950
      -4.57485		      43.66223
       7.86208		      43.06580
      19.61861		      39.02859
      29.76756		      31.87843
      37.50941		      22.18653
      42.23444		      10.72265
      43.57002		      -1.60515
      41.40951		     -13.82137
      35.92042		     -24.95923
      27.53133		     -34.13592
      16.89847		     -40.62150
       4.85477		     -43.89575
      -7.65491		     -43.68885
     -19.64723		     -40.00260
     -30.17673		     -33.11063
     -38.40941		     -23.53745
     -43.68761		     -12.01821
     -45.58140		       0.55802
     -43.92229		      13.21682
     -38.81685		      24.97371
     -30.63900		      34.91025
     -20.00181		      42.24514
      -7.71062		      46.39483
       5.29851		      47.01893
      18.03060		      44.04699
      29.50815		      37.68447
      38.84621		      28.39756
      45.32048		      16.87797
      48.42312		       3.99032
      47.90198		      -9.29373
      43.78028		     -21.96960
      36.35523		     -33.07646
      26.17563		     -41.77065
      14.00031		     -47.39005
       0.74040		     -49.50466
     -12.60991		     -47.94941
     -25.04904		     -42.83674
     -35.64410		     -34.54802
     -43.60176		     -23.70438
     -48.32841		     -11.11940
     -49.47494		       2.26291
     -46.96294		      15.43993
     -40.99012		      27.42665
     -32.01477		      37.33035
     -20.72031		      44.41813
      -7.96284		      48.17210
       5.29439		      48.32806
      18.05449		      44.89469
      29.36276		      38.15192
      38.37912		      28.62860
      44.44150		      17.06126
      47.11546		       4.33712
      46.22623		      -8.57413
      41.87078		     -20.69468
      34.40906		     -31.11319
      24.43520		     -39.05410
      12.73080		     -43.93613
       0.20418		     -45.41576
     -12.17994		     -43.41222
     -23.47473		     -38.11225
     -32.82381		     -29.95426
     -39.52665		     -19.59324
     -43.09154		      -7.84912
     -43.27240		       4.35725
     -40.08641		      16.07578
     -33.81127		      26.40059
     -24.96242		      34.53990
     -14.25191		      39.87675
      -2.53228		      42.01596
       9.27022		      40.81376
      20.22792		      36.38791
      29.48385		      29.10741
      36.31810		      19.56287
      40.20347		       8.51972
      40.84586		      -3.14199
      38.20655		     -14.49657
      32.50458		     -24.64497
      24.19905		     -32.78491
      13.95286		     -38.27333
       2.58061		     -40.67635
      -9.01517		     -39.80290
     -19.91457		     -35.71940
     -29.25214		     -28.74451
     -36.28440		     -19.42416
     -40.44791		      -8.48898
     -41.40323		       3.20260
     -39.06158		      14.73114
     -33.59197		      25.18779
     -25.40835		      33.74504
     -15.13777		      39.72118
      -3.57197		      42.63353
       8.39376		      42.23622
      19.82987		      38.53975
      29.84449		      31.81067
      37.65252		      22.55147
      42.63656		      11.46224
      44.39496		      -0.61297
      42.77328		     -12.75097
      37.87668		     -24.02037
      30.06238		     -33.55328
      19.91271		     -40.61218
       8.19078		     -44.64680
      -4.21776		     -45.33665
     -16.37239		     -42.61601
     -27.34968		     -36.67930
     -36.31399		     -27.96656
     -42.58142		     -17.13004
     -45.67224		      -4.98462
     -45.34760		       7.55436
     -41.62791		      19.54086
     -34.79130		      30.07024
     -25.35244		      38.34826
     -14.02327		      43.75153
      -1.65865		      45.87487
      10.80877		      44.56203
      22.43969		      39.91730
      32.35958		      32.29728
      39.82518		      22.28329
      44.28079		      10.63685
      45.40022		      -1.75873
      43.11107		     -13.96578
      37.59968		     -25.06380
      29.29616		     -34.21950
      18.84106		     -40.74999
       7.03582		     -44.17440
      -5.21876		     -44.24982
     -16.99157		     -40.98904
     -27.39233		     -34.65867
     -35.63938		     -25.75785
     -41.11896		     -14.97924
     -43.43148		      -3.15532
     -42.42115		       8.80584
     -38.18695		      19.99033
     -31.07393		      29.54844
     -21.64577		      36.75948
     -10.64059		      41.08647
       1.08644		      42.21657
      12.62927		      40.08407
      23.10081		      34.87446
      31.70105		      27.00897
      37.77826		      17.11122
      40.87858		       5.95830
      40.78009		      -5.57976
      37.50904		     -16.60747
      31.33674		     -26.27307
      22.75772		     -33.83417
      12.45059		     -38.71463
       1.22492		     -40.54855
     -10.04189		     -39.20779
     -20.47276		     -34.81104
     -29.25885		     -27.71383
     -35.72203		     -18.48024
     -39.36705		      -7.83848
     -39.91943		       3.37600
     -37.34618		      14.28563
     -31.85775		      24.03898
     -23.89111		      31.87676
     -14.07539		      37.19062
      -3.18256		      39.57011
       7.93272		      38.83422
      18.39966		      35.04511
      27.39904		      28.50297
      34.22677		      19.72242
      38.34857		       9.39230
      39.44127		      -1.67793
      37.41788		     -12.62114
      32.43422		     -22.57993
      24.87681		     -30.77314
      15.33289		     -36.55654
       4.54487		     -39.47282
      -6.64721		     -39.28710
     -17.37066		     -36.00526
     -26.78784		     -29.87367
     -34.16095		     -21.36020
     -38.90924		     -11.11831
     -40.65407		       0.06340
     -39.24834		      11.32195
     -34.78806		      21.78653
     -27.60528		      30.64572
     -18.24263		      37.21007
      -7.41182		      40.96537
       4.06103		      41.61239
      15.29879		      39.09012
      25.44073		      33.58067
      33.70862		      25.49546
      39.46653		      15.44385
      42.26969		       4.18644
      41.89869		      -7.42306
      38.37633		     -18.50329
      31.96597		     -28.21268
      23.15133		     -35.81384
      12.59949		     -40.73001
       1.10983		     -42.58905
     -10.44718		     -41.25184
     -21.19653		     -36.82272
     -30.32550		     -29.64136
     -37.14573		     -20.25650
     -41.14564		      -9.38388
     -42.02926		       2.14875
     -39.73850		      13.46495
     -34.45723		      23.70670
     -26.59675		      32.09984
     -16.76394		      38.01313
      -5.71445		      41.00613
       5.70536		      40.86252
      16.62339		      37.60605
      26.20853		      31.49820
      33.73416		      23.01752
      38.63347		      12.82252
      40.54247		       1.70072
      39.32727		      -9.49197
      35.09375		     -19.89704
      28.17874		     -28.71913
      19.12360		     -35.28687
       8.63208		     -39.10397
      -2.48408		     -39.88682
     -13.36775		     -37.58562
     -23.18234		     -32.38757
     -31.17591		     -24.70177
     -36.73873		     -15.12724
     -39.44961		      -4.40632
     -39.10783		       6.63271
     -35.74783		      17.13957
     -29.63594		      26.30730
     -21.24925		      33.43421
     -11.23833		      37.97749
      -0.37673		      39.59448
      10.49887		      38.16845
      20.55317		      33.81690
      29.01646		      26.88188
      35.24368		      17.90297
      38.76367		       7.57521
      39.31486		      -3.30486
      36.86484		     -13.90079
      31.61209		     -23.40078
      23.97006		     -31.08008
      14.53457		     -36.35658
       4.03743		     -38.83521
      -6.71050		     -38.33781
     -16.88201		     -34.91619
     -25.69743		     -28.84741
     -32.48470		     -20.61172
     -36.73087		     -10.85481
     -38.12130		      -0.33744
     -36.56337		      10.12372
     -32.19295		      19.71941
     -25.36330		      27.71041
     -16.61707		      33.48456
      -6.64376		      36.60384
       3.77411		      36.83791
      13.82186		      34.18144
      22.71600		      28.85405
      29.76493		      21.28280
      34.42251		      12.06860
      36.33026		       1.93927
      35.34491		      -8.30718
      31.54930		     -17.86476
      25.24572		     -25.98206
      16.93224		     -32.02072
       7.26389		     -35.50498
      -2.99831		     -36.15865
     -13.04651		     -33.92657
     -22.08883		     -28.97897
     -29.41086		     -21.69837
     -34.43123		     -12.65000
     -36.74685		      -2.53813
     -36.16443		       7.84843
     -32.71570		      17.69736
     -26.65535		      26.23570
     -18.44164		      32.78978
      -8.70136		      36.83749
       1.81826		      38.04887
      12.30700		      36.31202
      21.95400		      31.74208
      30.01017		      24.67293
      35.84593		      15.63186
      38.99986		       5.29952
      39.21440		      -5.54210
      36.45599		     -16.06935
      30.91800		     -25.47998
      23.00628		     -33.05450
      13.30847		     -38.21127
       2.54935		     -40.55108
      -8.46433		     -39.88770
     -18.90524		     -36.26230
     -27.98840		     -29.94033
     -35.03098		     -21.39140
     -39.50412		     -11.25354
     -41.07306		      -0.28465
     -39.62241		      10.69515
     -35.26468		      20.86584
     -28.33138		      29.46972
     -19.34752		      35.86880
      -8.99136		      39.59293
       1.95742		      40.37512
      12.67712		      38.17116
      22.36658		      33.16237
      30.30582		      25.74105
      35.91055		      16.47995
      38.77592		       6.08802
      38.70663		      -4.64403
      35.73085		     -14.90425
      30.09701		     -23.92134
      22.25387		     -31.02325
      12.81526		     -35.68790
       2.51237		     -37.58225
      -7.86269		     -36.58676
     -17.51782		     -32.80338
     -25.72159		     -26.54645
     -31.85889		     -18.31754
     -35.47751		      -8.76579
     -36.32195		       1.36269
     -34.35190		      11.28279
     -29.74418		      20.23106
     -22.87788		      27.52439
     -14.30396		      32.61232
      -4.70178		      35.11880
       5.17415		      34.87038
      14.55295		      31.90855
      22.70723		      26.48546
      29.00928		      19.04332
      32.97944		      10.17919
      34.32265		       0.59784
      32.95071		      -8.94353
      28.98830		     -17.69447
      22.76251		     -24.96978
      14.77664		     -30.20276
       5.67039		     -32.98907
      -3.83052		     -33.11793
     -12.97124		     -30.58809
     -21.02688		     -25.60757
     -27.35921		     -18.57704
     -31.46643		     -10.05819
     -33.02241		      -0.72970
     -31.90203		       8.66598
     -28.19106		      17.38073
     -22.17942		      24.71926
     -14.33867		      30.09357
      -5.28536		      33.06903
       4.26703		      33.39849
      13.56359		      31.04199
      21.86681		      26.17019
      28.51416		      19.15164
      32.96983		      10.52450
      34.86681		       0.95516
      34.03592		      -8.81316
      30.51952		     -18.01782
      24.56901		     -25.93591
      16.62602		     -31.94027
       7.28897		     -35.54831
      -2.73258		     -36.45985
     -12.67217		     -34.58083
     -21.76528		     -30.03134
     -29.30807		     -23.13712
     -34.71154		     -14.40528
     -37.54707		      -4.48607
     -37.57971		       5.87643
     -34.78665		      15.90083
     -29.35960		      24.82793
     -21.69065		      31.97857
     -12.34298		      36.80547
      -2.00832		      38.93502
       8.54525		      38.19591
      18.53144		      34.63232
      27.20525		      28.50075
      33.91929		      20.25074
      38.17272		      10.49085
      39.64895		      -0.05735
      38.23939		     -10.61379
      34.05135		     -20.39886
      27.39949		     -28.69217
      18.78169		     -34.88668
       8.84095		     -38.53417
      -1.68353		     -39.37848
     -12.01247		     -37.37409
     -21.38540		     -32.68869
     -29.11804		     -25.68947
     -34.65351		     -16.91442
     -37.60373		      -7.03070
     -37.77781		       3.21661
     -35.19521		      13.06144
     -30.08287		      21.77493
     -22.85657		      28.72056
     -14.08787		      33.40184
      -4.45944		      35.49914
       5.28788		      34.89270
      14.41224		      31.67018
      22.22753		      26.11833
      28.15567		      18.69940
      31.77014		      10.01412
      32.82769		       0.75435
      31.28566		      -8.35110
      27.30369		     -16.59312
      21.22989		     -23.33721
      13.57235		     -28.07219
       4.95849		     -30.44913
      -3.91469		     -30.30753
     -12.33550		     -27.68668
     -19.63335		     -22.82140
     -25.23116		     -16.12259
     -28.69014		      -8.14415
     -29.74377		       0.46120
     -28.31808		       8.99365
     -24.53691		      16.76156
     -18.71167		      23.13599
     -11.31637		      27.60015
      -2.95007		      29.79009
       5.71050		      29.52324
      13.96435		      26.81290
      21.14148		      21.86722
      26.65577		      15.07308
      30.05132		       6.96586
      31.03860		      -1.81234
      29.51770		     -10.56296
      25.58682		     -18.58563
      19.53520		     -25.23315
      11.82134		     -29.96239
       3.03776		     -32.37723
      -6.13456		     -32.26018
     -14.97884		     -29.59023
     -22.79812		     -24.54545
     -28.96944		     -17.49025
     -32.99252		      -8.94810
     -34.52911		       0.43802
     -33.42998		       9.95465
     -29.74741		      18.87235
     -23.73223		      26.50172
     -15.81565		      32.24639
      -6.57713		      35.64917
       3.29914		      36.42756
      13.07591		      34.49612
      22.01874		      29.97369
      29.45172		      23.17522
      34.80888		      14.58855
      37.67733		       4.83798
      37.82884		      -5.36249
      35.23737		     -15.26283
      30.08133		     -24.13341
      22.73040		     -31.31990
      13.71774		     -36.29243
       3.70000		     -38.68535
      -6.59210		     -38.32453
     -16.40860		     -35.24008
     -25.03659		     -29.66370
     -31.85350		     -22.01075
     -36.37344		     -12.84856
     -38.28305		      -2.85321
     -37.46424		       7.24156
     -34.00198		      16.69974
     -28.17678		      24.83830
     -20.44234		      31.07821
     -11.39023		      34.98728
      -1.70427		      36.31159
       7.89176		      34.99332
      16.68924		      31.17346
      24.04818		      25.17937
      29.44527		      17.49830
      32.51254		       8.73877
      33.06397		      -0.41694
      31.10797		      -9.26572
      26.84482		     -17.13772
      20.64936		     -23.44753
      13.04045		     -27.73846
       4.63944		     -29.71662
      -3.87898		     -29.27215
     -11.83966		     -26.48610
     -18.61967		     -21.62239
     -23.69651		     -15.10567
     -26.68826		      -7.48678
     -27.38254		       0.60145
     -25.75209		       8.49457
     -21.95577		      15.54907
     -16.32503		      21.19319
      -9.33689		      24.97175
      -1.57557		      26.58184
       6.31418		      25.89637
      13.67834		      22.97381
      19.90565		      18.05329
      24.47612		      11.53554
      27.00235		       3.95112
      27.26048		      -4.08154
      25.20829		     -11.90501
      20.98902		     -18.87489
      14.92068		     -24.41082
       7.47167		     -28.04264
      -0.77550		     -29.44798
      -9.16945		     -28.47843
     -17.04074		     -25.17215
     -23.75418		     -19.75206
     -28.75873		     -12.60952
     -31.63102		      -4.27498
     -32.10915		       4.62236
     -30.11401		      13.40271
     -25.75674		      21.38784
     -19.33137		      27.95348
     -11.29340		      32.57765
      -2.22589		      34.88132
       7.20436		      34.65833
      16.29728		      31.89206
      24.37258		      26.75772
      30.82158		      19.60996
      35.15367		      10.95678
      37.03383		       1.42167
      36.30851		      -8.30306
      33.01767		     -17.50836
      27.39220		     -25.52178
      19.83681		     -31.75810
      10.89984		     -35.76338
       1.23202		     -37.24912
      -8.46230		     -36.11384
     -17.47811		     -32.45049
     -25.16264		     -26.53921
     -30.96416		     -18.82587
     -34.47313		      -9.88822
     -35.45251		      -0.39202
     -33.85485		       8.95926
     -29.82506		      17.47744
     -23.68862		      24.54141
     -15.92610		      29.64346
      -7.13609		      32.42697
       2.01070		      32.71237
      10.82253		      30.50964
      18.63917		      26.01630
      24.88163		      19.60111
      29.09559		      11.77495
      30.98498		       3.15089
      30.43332		      -5.60317
      27.51130		     -13.81588
      22.46989		     -20.86367
      15.71978		     -26.21813
       7.79866		     -29.48568
      -0.67097		     -30.43675
      -9.03036		     -29.02215
     -16.63545		     -25.37544
     -22.90642		     -19.80124
     -27.37198		     -12.75040
     -29.70501		      -4.78406
     -29.74683		       3.47065
     -27.51833		      11.36973
     -23.21707		      18.30249
     -17.20073		      23.73885
      -9.95819		      27.27016
      -2.07051		      28.64033
       5.83500		      27.76501
      13.13423		      24.73719
      19.25514		      19.81905
      23.72251		      13.42055
      26.19486		       6.06657
      26.49084		      -1.64488
      24.60304		      -9.08999
      20.69809		     -15.66847
      15.10315		     -20.85088
       8.27981		     -24.22043
       0.78750		     -25.50575
      -6.76080		     -24.60241
     -13.74699		     -21.58122
     -19.59676		     -16.68283
     -23.82510		     -10.29903
     -26.07480		      -2.94214
     -26.14510		       4.79509
     -24.00810		      12.28591
     -19.81172		      18.91885
     -13.86885		      24.14591
      -6.63376		      27.52593
       1.33280		      28.75983
       9.40677		      27.71489
      16.94907		      24.43623
      23.35535		      19.14450
      28.10314		      12.22000
      30.79295		       4.17438
      31.18008		      -4.38796
      29.19460		     -12.81576
      24.94801		     -20.46059
      18.72604		     -26.72656
      10.96799		     -31.11623
       2.23436		     -33.26914
      -6.83498		     -32.99012
     -15.56873		     -30.26504
     -23.31478		     -25.26289
     -29.48933		     -18.32397
     -33.62114		      -9.93511
     -35.38725		      -0.69369
     -34.63762		       8.73666
     -31.40672		      17.67547
     -25.91128		      25.47609
     -18.53428		      31.57383
      -9.79647		      35.52790
      -0.31764		      37.05398
       9.22960		      36.04502
      18.16976		      32.57867
      25.87455		      26.91079
      31.80921		      19.45568
      35.57160		      10.75444
      36.92120		       1.43401
      35.79569		      -7.84007
      32.31411		     -16.41344
      26.76633		     -23.69162
      19.58966		     -29.18374
      11.33451		     -32.53823
       2.62182		     -33.56753
      -5.90459		     -32.26031
     -13.62692		     -28.78005
     -19.99992		     -23.45041
     -24.59142		     -16.72842
     -27.11385		      -9.16779
     -27.44436		      -1.37505
     -25.63201		       6.03790
     -21.89177		      12.50127
     -16.58555		      17.53112
     -10.19212		      20.76614
      -3.26815		      21.99447
       3.59655		      21.16874
       9.82598		      18.40809
      14.90357		      13.98711
      18.41277		       8.31270
      20.06962		       1.89058
      19.74460		      -4.71579
      17.47228		     -10.93065
      13.44798		     -16.21223
       8.01166		     -20.09619
       1.62045		     -22.23290
      -5.18807		     -22.41556
     -11.83894		     -20.59697
     -17.76588		     -16.89381
     -22.45667		     -11.57780
     -25.49436		      -5.05473
     -26.59109		       2.16720
     -25.61175		       9.51714
     -22.58579		      16.40652
     -17.70609		      22.27539
     -11.31506		      26.63686
      -3.87896		      29.11592
       4.04759		      29.47972
      11.86414		      27.65701
      18.97068		      23.74496
      24.81419		      18.00313
      28.93168		      10.83468
      30.98661		       2.75651
      30.79567		      -5.63956
      28.34387		     -13.73158
      23.78689		     -20.91467
      17.44026		     -26.64726
       9.75628		     -30.49254
       1.29052		     -32.15211
      -7.33979		     -31.48923
     -15.50215		     -28.53974
     -22.59637		     -23.51000
     -28.09993		     -16.76175
     -31.60743		      -8.78526
     -32.86126		      -0.16264
     -31.77106		       8.47577
     -28.42055		      16.49881
     -23.06124		      23.32178
     -16.09331		      28.45039
      -8.03545		      31.51768
       0.51442		      32.31137
       8.92418		      30.78937
      16.57520		      27.08252
      22.90875		      21.48412
      27.46791		      14.42723
      29.93148		       6.45153
      30.13767		      -1.83790
      28.09549		      -9.81655
      23.98327		     -16.88775
      18.13419		     -22.52763
      11.01028		     -26.32442
       3.16663		     -28.00896
      -4.79125		     -27.47435
     -12.25374		     -24.78303
     -18.65347		     -20.16105
     -23.50825		     -13.97981
     -26.45725		      -6.72683
     -27.28775		       1.03210
     -25.95043		       8.69672
     -22.56203		      15.67830
     -17.39536		      21.44465
     -10.85737		      25.56048
      -3.45703		      27.72007
       4.23439		      27.76989
      11.62758		      25.71931
      18.16067		      21.73878
      23.34225		      16.14558
      26.78876		       9.37836
      28.25329		       1.96247
      27.64374		      -5.53128
      25.02887		     -12.53104
      20.63179		     -18.50826
      14.81170		     -23.01842
       8.03494		     -25.73498
       0.83807		     -26.47406
      -6.21449		     -25.20787
     -12.57473		     -22.06589
     -17.75382		     -17.32389
     -21.36014		     -11.38142
     -23.12959		      -4.72986
     -22.94576		       2.08669
     -20.84850		       8.51451
     -17.03028		      14.03400
     -11.82054		      18.20067
      -5.65934		      20.68013
       0.93766		      21.27444
       7.42007		      19.93773
      13.24645		      16.77984
      17.92718		      12.05782
      21.06341		       6.15575
      22.37889		      -0.44530
      21.74220		      -7.20504
      19.17777		     -13.56645
      14.86470		     -18.99963
       9.12342		     -23.04373
       2.39139		     -25.34358
      -4.81050		     -25.67825
     -11.91813		     -23.97919
     -18.36783		     -20.33677
     -23.64029		     -14.99431
     -27.30113		      -8.33042
     -29.03521		      -0.83070
     -28.67175		       6.94888
     -26.19860		      14.42419
     -21.76424		      21.02753
     -15.66761		      26.25107
      -8.33627		      29.68598
      -0.29476		      31.05400
       7.87462		      30.22936
      15.57552		      27.24898
      22.24239		      22.31040
      27.38317		      15.75761
      30.61645		       8.05561
      31.70029		      -0.24414
      30.55057		      -8.54480
      27.24741		     -16.24875
      22.02919		     -22.80223
      15.27464		     -27.73655
       7.47439		     -30.70298
      -0.80587		     -31.49844
      -8.96781		     -30.08020
     -16.42524		     -26.56841
     -22.64776		     -21.23640
     -27.20012		     -14.48947
     -29.77418		      -6.83370
     -30.21116		       1.16253
     -28.51242		       8.91172
     -24.83812		      15.85148
     -19.49386		      21.48669
     -12.90630		      25.42632
      -5.58982		      27.41197
       1.89337		      27.33632
       8.97640		      25.24976
      15.13103		      21.35502
      19.90768		      15.99018
      22.96912		       9.60137
      24.11530		       2.70745
      23.29749		      -4.14074
      20.62062		     -10.40331
      16.33377		     -15.59304
      10.80954		     -19.31288
       4.51403		     -21.28613
      -2.03033		     -21.37716
      -8.28605		     -19.60102
     -13.74284		     -16.12135
     -17.95758		     -11.23661
     -20.58879		      -5.35597
     -21.42314		       1.03343
     -20.39176		       7.40510
     -17.57528		      13.23490
     -13.19714		      18.04230
      -7.60575		      21.42827
      -1.24691		      23.10665
       5.37132		      22.92666
      11.71863		      20.88482
      17.28413		      17.12538
      21.61654		      11.92913
      24.35970		       5.69163
      25.28066		      -1.10756
      24.28822		      -7.94221
      21.44040		     -14.28038
      16.94034		     -19.62596
      11.12090		     -23.55736
       4.41917		     -25.76050
      -2.65717		     -26.05359
      -9.56896		     -24.40151
     -15.78723		     -20.91907
     -20.83408		     -15.86250
     -24.31974		      -9.61006
     -25.97282		      -2.63326
     -25.66154		       4.53926
     -23.40415		      11.36228
     -19.36787		      17.31577
     -13.85637		      21.94495
      -7.28666		      24.89527
      -0.15736		      25.93971
       6.98938		      24.99636
      13.60937		      22.13491
      19.19798		      17.57140
      23.32878		      11.65185
      25.68615		       4.82591
      26.08949		      -2.38749
      24.50701		      -9.43972
      21.05818		     -15.79439
      16.00460		     -20.96824
       9.73000		     -24.56803
       2.71087		     -26.32051
      -4.51989		     -26.09320
     -11.41372		     -23.90433
     -17.44821		     -19.92137
     -22.16692		     -14.44806
     -25.21410		      -7.90108
     -26.36168		      -0.77811
     -25.52641		       6.38024
     -22.77600		      13.03173
     -18.32365		      18.67380
     -12.51145		      22.88188
      -5.78406		      25.34150
       1.34550		      25.87209
       8.33511		      24.44033
      14.65503		      21.16236
      19.82826		      16.29443
      23.46682		      10.21296
      25.30104		       3.38539
      25.19982		      -3.66582
      23.18013		     -10.40328
      19.40521		     -16.31581
      14.17152		     -20.95746
       7.88559		     -23.98134
       1.03244		     -25.16582
      -5.86187		     -24.43100
     -12.27073		     -21.84425
     -17.70737		     -17.61447
     -21.76204		     -12.07542
     -24.13316		      -5.65959
     -24.65006		       1.13545
     -23.28552		       7.78560
     -20.15730		      13.78070
     -15.51841		      18.66374
      -9.73709		      22.06590
      -3.26793		      23.73463
       3.38361		      23.55268
       9.70042		      21.54668
      15.19379		      17.88448
      19.44111		      12.86170
      22.11840		       6.87837
      23.02506		       0.40762
      22.09909		      -6.04126
      19.42143		     -11.96242
      15.20940		     -16.89269
       9.79942		     -20.44747
       3.62065		     -22.35039
      -2.83852		     -22.45463
      -9.06853		     -20.75406
     -14.57828		     -17.38356
     -18.93323		     -12.60835
     -21.78920		      -6.80326
     -22.91894		      -0.42355
     -22.22980		       6.03048
     -19.77085		      12.05235
     -15.72908		      17.16871
     -10.41489		      20.97603
      -4.23810		      23.17193
       2.32377		      23.57859
       8.76245		      22.15664
      14.57817		      19.00825
      19.31832		      14.36932
      22.61245		       8.59141
      24.20087		       2.11463
      23.95479		      -4.56619
      21.88631		     -10.93958
      18.14757		     -16.51681
      13.01915		     -20.86948
       6.88855		     -23.66249
       0.22046		     -24.67979
      -6.47890		     -23.84098
     -12.70060		     -21.20752
     -17.97200		     -16.97799
     -21.89300		     -11.47282
     -24.16664		      -5.10971
     -24.62176		       1.62843
     -23.22606		       8.23048
     -20.08835		      14.19628
     -15.45016		      19.07489
      -9.66701		      22.49906
      -3.18104		      24.21316
       3.51293		      24.09262
       9.90545		      22.15319
      15.51139		      18.54948
      19.90714		      13.56285
      22.76284		       7.57952
      23.86752		       1.06077
      23.14495		      -5.49258
      20.65919		     -11.57876
      16.60930		     -16.73348
      11.31373		     -20.56553
       5.18556		     -22.78664
      -1.29951		     -23.23335
      -7.63983		     -21.87930
     -13.34656		     -18.83688
     -17.98114		     -14.34828
     -21.18903		      -8.76651
     -22.72675		      -2.52795
     -22.48048		       3.88141
     -20.47445		       9.96358
     -16.86890		      15.24697
     -11.94738		      19.32268
      -6.09473		      21.87595
       0.23283		      22.71027
       6.54296		      21.76233
      12.34522		      19.10676
      17.18894		      14.95011
      20.69787		       9.61484
      22.59912		       3.51427
      22.74410		      -2.87935
      21.11981		      -9.07129
      17.84977		     -14.58251
      13.18430		     -18.98646
       7.48125		     -21.94195
       1.17826		     -23.21927
      -5.24087		     -22.71780
     -11.28348		     -20.47359
     -16.48588		     -16.65654
     -20.44897		     -11.55713
     -22.86878		      -5.56406
     -23.55973		       0.86571
     -22.46870		       7.24213
     -19.67895		      13.07963
     -15.40353		      17.93440
      -9.96874		      21.43831
      -3.78897		      23.32703
       2.66529		      23.46006
       8.90352		      21.83127
      14.45289		      18.56910
      18.89439		      13.92639
      21.89483		       8.26070
      23.23219		       2.00665
      22.81232		      -4.35759
      20.67578		     -10.34716
      16.99442		     -15.50766
      12.05769		     -19.44999
       6.25016		     -21.88001
       0.02156		     -22.62085
      -6.14791		     -21.62614
     -11.78466		     -18.98314
     -16.45816		     -14.90563
     -19.81394		      -9.71699
     -21.60065		      -3.82499
     -21.68919		       2.30997
     -20.08224		       8.21053
     -16.91369		      13.41929
     -12.43793		      17.53408
      -7.00985		      20.23890
      -1.05713		      21.32816
       4.95300		      20.72230
      10.55005		      18.47369
      15.29670		      14.76225
      18.82257		       9.88135
      20.85285		       4.21484
      21.22942		      -1.79282
      19.92292		      -7.67108
      17.03491		     -12.95974
      12.78987		     -17.24466
       7.51768		     -20.18972
       1.62803		     -21.56286
      -4.42132		     -21.25394
     -10.16001		     -19.28324
     -15.14148		     -15.79983
     -18.97743		     -11.07005
     -21.36788		      -5.45687
     -22.12433		       0.60812
     -21.18425		       6.65805
     -18.61599		      12.22677
     -14.61347		      16.88484
      -9.48121		      20.27258
      -3.61092		      22.12785
       2.54869		      22.30617
       8.52646		      20.79186
      13.86501		      17.69925
      18.15595		      13.26383
      21.07121		       7.82413
      22.38829		       1.79570
      22.00725		      -4.36090
      19.95839		     -10.17546
      16.39982		     -15.20422
      11.60523		     -19.06398
       5.94283		     -21.46140
      -0.15299		     -22.21552
      -6.21505		     -21.27149
     -11.77930		     -18.70472
     -16.42034		     -14.71493
     -19.78411		      -9.61074
     -21.61492		      -3.78583
     -21.77501		       2.31129
     -20.25492		       8.21182
     -17.17414		      13.46261
     -12.77173		      17.66090
      -7.38788		      20.48517
      -1.43766		      21.71971
       4.62085		      21.27097
      10.32182		      19.17462
      15.22733		      15.59264
      18.96090		      10.80069
      21.23628		       5.16685
      21.87925		      -0.87671
      20.84075		      -6.86697
      18.20046		     -12.34557
      14.16050		     -16.89386
       9.02966		     -20.16495
       3.19965		     -21.91005
      -2.88514		     -21.99737
      -8.76170		     -20.42192
     -13.98391		     -17.30561
     -18.15659		     -12.88762
     -20.96567		      -7.50577
     -22.20196		      -1.57043
     -21.77686		       4.46715
     -19.72876		      10.14942
     -16.21974		      15.04769
     -11.52270		      18.79478
      -6.00006		      21.11298
      -0.07567		      21.83502
       5.79795		      20.91646
      11.17443		      18.43864
      15.64784		      14.60193
      18.88370		       9.70987
      20.64443		       4.14534
      20.80727		      -1.65918
      19.37320		      -7.25516
      16.46644		     -12.21272
      12.32430		     -16.15368
       7.27844		     -18.78065
       1.72884		     -19.89967
      -3.88744		     -19.43488
      -9.13024		     -17.43398
     -13.59044		     -14.06413
     -16.92165		      -9.59857
     -18.86692		      -4.39517
     -19.27850		       1.13170
     -18.12907		       6.54343
     -15.51363		      11.41142
     -11.64193		      15.35036
      -6.82196		      18.04821
      -1.43588		      19.29041
       4.08977		      18.97652
       9.31729		      17.12797
      13.83190		      13.88642
      17.27399		       9.50276
      19.36708		       4.31762
      19.93942		      -1.26495
      18.93736		      -6.80887
      16.42969		     -11.87977
      12.60244		     -16.07863
       7.74467		     -19.07279
       2.22627		     -20.62170
      -3.53051		     -20.59572
      -9.08352		     -18.98622
     -14.00477		     -15.90651
     -17.91341		     -11.58327
     -20.50504		      -6.33931
     -21.57528		      -0.56887
     -21.03549		       5.29251
     -18.91971		      10.80135
     -15.38220		      15.54019
     -10.68567		      19.14951
      -5.18125		      21.35531
       0.71831		      21.99002
       6.57021		      21.00528
      11.93534		      18.47562
      16.41183		      14.59269
      19.66570		       9.65054
      21.45619		       4.02304
      21.65406		      -1.86467
      20.25125		      -7.56880
      17.36123		     -12.66070
      13.21018		     -16.75961
       8.11936		     -19.56160
       2.48045		     -20.86261
      -3.27465		     -20.57376
      -8.70689		     -18.72786
     -13.40370		     -15.47653
     -17.01046		     -11.07831
     -19.25756		      -5.87850
     -19.98072		      -0.28244
     -19.13334		       5.27569
     -16.78971		      10.36634
     -13.13892		      14.59747
      -8.47009		      17.64461
      -3.14979		      19.27556
       2.40628		      19.36798
       7.76540		      17.91852
      12.51116		      15.04275
      16.27542		      10.96600
      18.76651		       6.00571
      19.79146		       0.54685
      19.27067		      -4.98791
      17.24371		     -10.17072
      13.86601		     -14.60153
       9.39669		     -17.93875
       4.17835		     -19.92540
      -1.38944		     -20.40865
      -6.88095		     -19.35132
     -11.87714		     -16.83449
     -15.99777		     -13.05094
     -18.93058		      -8.29009
     -20.45507		      -2.91548
     -20.45917		       2.66338
     -18.94763		       8.02258
     -16.04119		      12.75644
     -11.96706		      16.50867
      -7.04103		      18.99962
      -1.64291		      20.04752
       3.81293		      19.58218
       8.90959		      17.65000
      13.25977		      14.41001
      16.53560		      10.12122
      18.49369		       5.12224
      18.99367		      -0.19508
      18.00874		      -5.41619
      15.62731		     -10.13597
      12.04584		     -13.99010
       7.55329		     -16.68316
       2.50843		     -18.01138
      -2.68817		     -17.87824
      -7.62540		     -16.30170
     -11.91355		     -13.41259
     -15.21463		      -9.44427
     -17.26856		      -4.71424
     -17.91337		       0.40056
     -17.09772		       5.49321
     -14.88483		      10.15848
     -11.44761		      14.02438
      -7.05519		      16.78113
      -2.05202		      18.20526
       3.16876		      18.17710
       8.19590		      16.69019
      12.63190		      13.85192
      16.12383		       9.87542
      18.39082		       5.06323
      19.24587		      -0.21591
      18.61056		      -5.55546
      16.52130		     -10.54234
      13.12679		     -14.78876
       8.67685		     -17.96213
       3.50340		     -19.81073
      -2.00483		     -20.18321
      -7.43199		     -19.04038
     -12.36687		     -16.45837
     -16.43435		     -12.62305
     -19.32410		      -7.81592
     -20.81429		      -2.39277
     -20.78854		       3.24339
     -19.24483		       8.67299
     -16.29566		      13.49177
     -12.15939		      17.34155
      -7.14366		      19.93736
      -1.62185		      21.08904
       3.99534		      20.71544
       9.29113		      18.85046
      13.87435		      15.64014
      17.40902		      11.33131
      19.63980		       6.25248
      20.41101		       0.78863
      19.67820		      -4.64829
      17.51104		      -9.65086
      14.08756		     -13.84717
       9.68005		     -16.92908
       4.63388		     -18.67543
      -0.65926		     -18.96853
      -5.79159		     -17.80272
     -10.37054		     -15.28421
     -14.04881		     -11.62243
     -16.55084		      -7.11342
     -17.69371		      -2.11668
     -17.40071		       2.97285
     -15.70689		       7.75536
     -12.75581		      11.85709
      -8.78802		      14.95905
      -4.12214		      16.82150
       0.87016		      17.30223
       5.79302		      16.36721
      10.25719		      14.09292
      13.91012		      10.66011
      16.46325		       6.33952
      17.71415		       1.47067
      17.56209		      -3.56455
      16.01563		      -8.37160
      13.19178		     -12.57385
       9.30676		     -15.84173
       4.65914		     -17.91820
      -0.39336		     -18.63852
      -5.46165		     -17.94292
     -10.15535		     -15.88108
     -14.11300		     -12.60821
     -17.02989		      -8.37291
     -18.68162		      -3.49791
     -18.94125		       1.64494
     -17.78906		       6.66340
     -15.31389		      11.17513
     -11.70619		      14.83719
      -7.24321		      17.37238
      -2.26745		      18.59057
       2.83975		      18.40324
       7.68777		      16.83011
      11.90678		      13.99751
      15.17628		      10.12845
      17.24972		       5.52524
      17.97344		       0.54605
      17.29839		      -4.42281
      15.28373		      -8.99684
      12.09216		     -12.82297
       7.97714		     -15.60687
       3.26322		     -17.13564
      -1.67918		     -17.29414
      -6.46241		     -16.07385
     -10.71170		     -13.57341
     -14.09407		      -9.99095
     -16.34413		      -5.60869
     -17.28462		      -0.77108
     -16.84009		       4.14184
     -15.04278		       8.74389
     -12.03017		      12.67256
      -8.03439		      15.61709
      -3.36436		      17.34248
       1.61797		      17.70777
       6.52552		      16.67694
      10.97589		      14.32185
      14.62081		      10.81684
      17.17297		       6.42542
      18.42821		       1.48015
      18.28125		      -3.64280
      16.73393		      -8.55245
      13.89518		     -12.87295
       9.97276		     -16.27230
       5.25750		     -18.48783
       0.10113		     -19.34622
      -5.11049		     -18.77679
      -9.98680		     -16.81688
     -14.16221		     -13.60900
     -17.32395		      -9.38991
     -19.23572		      -4.47255
     -19.75560		       0.77777
     -18.84663		       5.97128
     -16.57944		      10.72328
     -13.12657		      14.68341
      -8.74915		      17.56207
      -3.77676		      19.15223
       1.41784		      19.34488
       6.44718		      18.13686
      10.93861		      15.63069
      14.56260		      12.02624
      17.05759		       7.60507
      18.24958		       2.70848
      18.06496		      -2.28882
      16.53553		      -7.00758
      13.79549		     -11.09303
      10.07052		     -14.24198
       5.65991		     -16.22576
       0.91312		     -16.90738
      -3.79747		     -16.25154
      -8.10539		     -14.32676
     -11.67843		     -11.29951
     -14.24414		      -7.42078
     -15.61062		      -3.00618
     -15.68110		       1.58889
     -14.46095		       5.99703
     -12.05691		       9.86755
      -8.66829		      12.89367
      -4.57122		      14.83633
      -0.09678		      15.54267
       4.39497		      14.95771
       8.54314		      13.12851
      12.01430		      10.20023
      14.52841		       6.40478
      15.88075		       2.04256
      15.95784		      -2.54100
      14.74629		      -6.98242
      12.33395		     -10.92849
       8.90307		     -14.06386
       4.71623		     -16.13563
       0.09602		     -16.97307
      -4.59997		     -16.50110
      -9.00685		     -14.74618
     -12.78072		     -11.83453
     -15.62534		      -7.98245
     -17.31513		      -3.47983
     -17.71276		       1.33212
     -16.77991		       6.08715
     -14.58039		      10.42211
     -11.27543		      14.00491
      -7.11141		      16.56018
      -2.40109		      17.89041
