      92.06232		      -9.73296
      84.55378		     -25.35775
      63.47320		     -38.89453
      33.57639		     -49.95117
       1.63024		     -57.54266
     -25.55579		     -60.14747
     -43.00934		     -56.30135
     -48.77252		     -45.46906
     -44.04675		     -28.76513
     -32.36462		      -9.12280
     -18.18657		       9.27168
      -5.47865		      22.14649
       3.24258		      26.50583
       7.16165		      21.66610
       6.78701		       9.55122
       3.25629		      -5.88910
      -2.29605		     -19.93569
      -9.03824		     -28.57159
     -16.35786		     -29.63942
     -23.56144		     -23.29669
     -29.63031		     -11.66866
     -33.25789		       2.09108
     -33.22108		      14.91956
     -28.93196		      24.71001
     -20.88440		      30.65101
     -10.72247		      33.02088
      -0.81587		      32.65146
       6.54057		      30.38302
       9.99070		      26.77647
       9.66927		      22.17077
       7.17642		      16.96662
       4.94725		      11.88934
       5.25405		       7.99684
       9.25070		       6.34674
      16.46544		       7.44361
      24.96626		      10.74637
      32.13701		      14.53943
      35.73819		      16.33664
      34.79951		      13.74583
      29.96238		       5.48524
      23.12889		      -7.87660
      16.57760		     -23.81924
      11.94101		     -38.53200
       9.50152		     -48.14935
       8.12185		     -50.11277
       5.84420		     -44.12743
       0.89310		     -32.31641
      -7.36775		     -18.48182
     -17.96125		      -6.73735
     -28.53460		      -0.03370
     -36.22787		       0.85262
     -38.81279		      -2.52116
     -35.61745		      -7.00484
     -27.83784		      -9.18683
     -18.09707		      -6.77840
      -9.43321		       0.49540
      -4.13959		      10.83126
      -2.94110		      21.10172
      -4.84181		      28.09495
      -7.68931		      29.73017
      -9.19510		      25.77702
      -7.96155		      17.83465
      -4.07314		       8.63825
       0.99218		       1.02331
       5.07684		      -3.01692
       6.35890		      -2.83049
       4.22144		       0.96342
      -0.39904		       6.98370
      -5.32871		      13.73452
      -7.99416		      20.07397
      -6.42358		      25.32245
       0.00138		      29.04105
      10.33166		      30.68965
      22.42298		      29.43553
      33.69661		      24.29490
      41.94800		      14.59849
      45.88002		       0.57367
      45.19748		     -16.26896
      40.31949		     -33.20775
      31.93963		     -46.91730
      20.70849		     -54.44230
       7.21348		     -54.18061
      -7.76078		     -46.47622
     -22.89068		     -33.55685
     -36.16914		     -18.80843
     -45.16458		      -5.65176
     -47.69350		       3.54565
     -42.68721		       8.10196
     -30.88205		       8.96879
     -14.97260		       8.05389
       0.94924		       7.23972
      12.55955		       7.53831
      16.69119		       8.74802
      12.43332		       9.74320
       1.50233		       9.23577
     -12.29491		       6.63106
     -24.33793		       2.55421
     -30.75100		      -1.22883
     -29.66897		      -2.49499
     -21.74895		       0.43083
      -9.76123		       7.79459
       2.54985		      18.06764
      11.86941		      28.33070
      16.43287		      35.27091
      16.45718		      36.40718
      13.77208		      31.05001
      10.86748		      20.60024
       9.79230		       8.05758
      11.36667		      -3.06973
      15.00165		     -10.02218
      19.14032		     -11.72190
      22.06730		      -9.03268
      22.69467		      -4.27986
      20.97476		      -0.26101
      17.78557		       0.83239
      14.38676		      -1.84512
      11.73764		      -7.64803
      10.01694		     -14.88148
       8.57150		     -21.57938
       6.30584		     -26.25421
       2.30955		     -28.30775
      -3.59301		     -27.97872
     -10.64616		     -25.93072
     -17.42253		     -22.74320
     -22.42012		     -18.58979
     -24.71330		     -13.26723
     -24.34430		      -6.53992
     -22.26237		       1.41153
     -19.83292		       9.71541
     -18.14770		      16.90647
     -17.46947		      21.40784
     -17.09032		      22.20341
     -15.69239		      19.38494
     -12.06002		      14.28408
      -5.81436		       9.06984
       2.18932		       5.93455
      10.02401		       6.19399
      15.38762		       9.69465
      16.55925		      14.81253
      13.20375		      19.08398
       6.65544		      20.23267
      -0.47854		      17.17010
      -5.26632		      10.53700
      -5.57787		       2.53119
      -0.92781		      -3.93708
       7.32098		      -6.43310
      16.48683		      -4.04309
      23.61955		       2.16322
      26.64068		       9.46111
      25.10481		      14.47552
      20.27414		      14.46835
      14.48886		       8.39769
      10.11218		      -2.66829
       8.50401		     -15.93668
       9.45767		     -27.90614
      11.33049		     -35.59977
      11.80049		     -37.53106
       8.91680		     -34.04907
       1.99347		     -26.97817
      -8.02804		     -18.75661
     -18.88989		     -11.46555
     -27.85842		      -6.15139
     -32.73447		      -2.68455
     -32.61777		      -0.14568
     -28.13212		       2.49957
     -21.05843		       5.78243
     -13.57233		       9.45833
      -7.43309		      12.68274
      -3.46101		      14.51551
      -1.48411		      14.47854
      -0.70984		      12.87445
      -0.28935		      10.69938
       0.22418		       9.18769
       0.74252		       9.21114
       0.87136		      10.83171
       0.34535		      13.23767
      -0.59576		      15.10952
      -1.12662		      15.25306
      -0.13604		      13.19989
       3.21122		       9.47984
       8.92173		       5.41615
      15.92630		       2.51723
      22.31366		       1.73669
      26.00205		       2.95015
      25.59049		       4.91403
      21.02106		       5.75979
      13.73589		       3.83048
       6.21366		      -1.50354
       1.03693		      -9.42442
      -0.14337		     -17.85946
       2.68594		     -24.24098
       7.83616		     -26.53410
      12.54808		     -24.10148
      14.08104		     -18.02590
      10.82326		     -10.73152
       2.96904		      -5.03841
      -7.51941		      -3.02987
     -17.65410		      -5.19892
     -24.56649		     -10.23157
     -26.59001		     -15.52299
     -23.84426		     -18.21921
     -18.09648		     -16.36032
     -11.97688		      -9.66149
      -7.88788		       0.37758
      -7.06306		      11.06435
      -9.15353		      19.54920
     -12.48600		      23.87568
     -14.85177		      23.62664
     -14.47038		      19.93191
     -10.71680		      14.87691
      -4.32227		      10.59573
       3.00147		       8.44368
       9.31669		       8.58259
      13.24501		      10.11140
      14.44608		      11.62981
      13.60920		      11.94367
      12.00557		      10.58223
      10.84167		       7.91038
      10.72689		       4.82326
      11.49276		       2.20926
      12.41882		       0.46709
      12.72052		      -0.67821
      12.03189		      -1.97489
      10.62779		      -4.17119
       9.26809		      -7.52109
       8.74253		     -11.53555
       9.35309		     -15.12689
      10.61406		     -17.09861
      11.35304		     -16.75355
      10.20383		     -14.31884
       6.28275		     -10.95610
      -0.26874		      -8.31167
      -8.15495		      -7.78161
     -15.31693		      -9.81562
     -19.71435		     -13.59075
     -20.17898		     -17.23813
     -16.96437		     -18.56597
     -11.72719		     -15.99329
      -6.91127		      -9.29722
      -4.76532		       0.16426
      -6.39544		       9.88066
     -11.25597		      17.11940
     -17.30960		      19.98835
     -21.81148		      18.19151
     -22.40740		      13.15635
     -18.09846		       7.46786
      -9.67369		       3.83247
       0.57047		       3.99304
       9.71071		       8.03743
      15.31720		      14.38057
      16.35835		      20.41989
      13.52953		      23.58748
       8.88905		      22.36390
       4.97142		      16.84456
       3.75710		       8.64491
       5.92205		       0.20919
      10.65745		      -6.16959
      16.09955		      -9.20622
      20.15474		      -9.01572
      21.35212		      -6.91319
      19.36760		      -4.74751
      15.02671		      -4.08306
       9.83007		      -5.58567
       5.24886		      -8.85455
       2.11981		     -12.72947
       0.39973		     -15.89125
      -0.64324		     -17.45664
      -1.93142		     -17.29606
      -4.03854		     -15.95256
      -6.87960		     -14.23915
      -9.77490		     -12.74353
     -11.84222		     -11.50429
     -12.50657		     -10.02600
     -11.85765		      -7.62272
     -10.66007		      -3.90670
      -9.99358		       0.84322
     -10.68893		       5.64892
     -12.83685		       9.19008
     -15.62765		      10.40870
     -17.63121		       9.08074
     -17.41919		       6.06531
     -14.25783		       3.07205
      -8.54664		       2.00286
      -1.77441		       4.12801
       4.02729		       9.45407
       7.12321		      16.58119
       6.84943		      23.14989
       3.97446		      26.72433
       0.46039		      25.76132
      -1.30809		      20.26087
       0.47670		      11.81403
       6.23235		       3.00950
      14.71173		      -3.57019
      23.40221		      -6.35581
      29.45420		      -5.38761
      30.77082		      -2.25418
      26.81809		       0.59990
      18.82706		       0.90931
       9.30831		      -2.46272
       1.08113		      -9.05014
      -3.78556		     -16.97154
      -4.69543		     -23.68947
      -2.63376		     -27.01743
       0.35345		     -25.95743
       2.06868		     -21.03480
       1.07021		     -14.01705
      -2.79295		      -7.16309
      -8.41416		      -2.33566
     -13.97788		      -0.34784
     -17.75803		      -0.79285
     -18.81189		      -2.38576
     -17.28423		      -3.62558
     -14.22462		      -3.46268
     -11.04010		      -1.67984
      -8.85633		       1.15368
      -8.08026		       4.08997
      -8.34274		       6.34382
      -8.81027		       7.69101
      -8.68163		       8.53226
      -7.60769		       9.60505
      -5.82546		      11.50358
      -3.95025		      14.26258
      -2.54784		      17.23015
      -1.72400		      19.31170
      -0.96473		      19.48047
       0.66222		      17.31047
       4.01789		      13.26294
       9.34471		       8.56347
      15.94158		       4.69740
      22.25792		       2.73732
      26.41617		       2.81102
      26.96770		       3.97196
      23.55846		       4.56269
      17.19385		       2.93923
       9.94851		      -1.74896
       4.20231		      -9.07214
       1.69774		     -17.36254
       2.80852		     -24.29913
       6.33904		     -27.80949
       9.96264		     -26.91571
      11.14127		     -22.16062
       8.16280		     -15.41964
       0.87453		      -9.16052
      -9.19070		      -5.44986
     -19.35277		      -5.11814
     -26.77333		      -7.43459
     -29.49928		     -10.43186
     -27.14745		     -11.74916
     -20.97028		      -9.64464
     -13.29993		      -3.75715
      -6.61951		       4.69719
      -2.65037		      13.37209
      -1.81807		      19.69448
      -3.28272		      21.85319
      -5.47364		      19.47561
      -6.85997		      13.73356
      -6.60724		       6.85988
      -4.84380		       1.29475
      -2.45183		      -1.18304
      -0.51619		      -0.00321
       0.28737		       4.15088
       0.06925		       9.75912
      -0.30590		      15.11832
       0.36281		      18.93477
       3.01223		      20.62184
       7.81842		      20.23135
      14.03718		      18.12670
      20.25624		      14.61787
      24.94224		       9.77270
      27.03172		       3.50502
      26.29971		      -4.12326
      23.34820		     -12.57767
      19.23724		     -20.72427
      14.94882		     -27.03172
      10.94873		     -30.06800
       7.05975		     -29.09486
       2.70385		     -24.48441
      -2.61318		     -17.73231
      -8.82807		     -11.00518
     -15.11591		      -6.36726
     -20.09273		      -4.98846
     -22.36719		      -6.66851
     -21.20523		      -9.89678
     -16.99501		     -12.44985
     -11.26589		     -12.29944
      -6.20137		      -8.46299
      -3.81245		      -1.44209
      -5.10360		       6.94157
      -9.59071		      14.25381
     -15.40107		      18.41177
     -19.94854		      18.50726
     -20.93321		      15.15051
     -17.26860		      10.19556
      -9.55605		       5.96724
       0.09688		       4.31597
       8.85245		       5.89364
      14.20942		       9.94360
      14.93807		      14.67640
      11.51606		      18.05477
       5.90238		      18.64465
       0.75403		      16.17238
      -1.59089		      11.56506
       0.04091		       6.47999
       5.30127		       2.54738
      12.55986		       0.66557
      19.60147		       0.65198
      24.47017		       1.38635
      26.11524		       1.36281
      24.60590		      -0.60844
      20.88282		      -4.86433
      16.21204		     -10.74593
      11.61611		     -16.89441
       7.53471		     -21.83406
       3.83374		     -24.56936
       0.10475		     -24.92901
      -3.93868		     -23.51755
      -8.19231		     -21.32121
     -12.16332		     -19.17323
     -15.23432		     -17.34231
     -17.03628		     -15.44055
     -17.71333		     -12.68882
     -17.91103		      -8.40282
     -18.46016		      -2.45541
     -19.89131		       4.51975
     -22.02159		      11.29541
     -23.84683		      16.52244
     -23.84661		      19.29015
     -20.61896		      19.51016
     -13.59235		      17.93504
      -3.49620		      15.79197
       7.65448		      14.19555
      17.11400		      13.61562
      22.32526		      13.66124
      21.86021		      13.30180
      16.00713		      11.44218
       6.75585		       7.59288
      -2.83536		       2.31153
      -9.66170		      -2.82562
     -11.59817		      -5.76426
      -8.14683		      -4.83521
      -0.47711		       0.41203
       9.12291		       8.77486
      18.13537		      17.58969
      24.67193		      23.53097
      27.97047		      23.74626
      28.37057		      16.90746
      26.84110		       3.77501
      24.32159		     -12.94897
      21.20266		     -29.43350
      17.18648		     -41.90219
      11.57766		     -47.76026
       3.84666		     -46.27537
      -5.82364		     -38.60788
     -16.29408		     -27.23908
     -25.67709		     -15.06243
     -31.93845		      -4.49795
     -33.65137		       3.06522
     -30.58267		       7.36267
     -23.85336		       8.95329
     -15.59201		       8.73770
      -8.21073		       7.54505
      -3.58936		       5.95258
      -2.48601		       4.35239
      -4.39040		       3.14207
      -7.84741		       2.85699
     -11.08663		       4.10949
     -12.68168		       7.32425
     -11.97590		      12.39585
      -9.13641		      18.46930
      -4.87458		      24.01503
      -0.01490		      27.24392
       4.85751		      26.74124
       9.50665		      22.07141
      13.89141		      14.08258
      17.87344		       4.74164
      20.99075		      -3.48206
      22.46981		      -8.47073
      21.52127		      -9.22185
      17.80351		      -6.21308
      11.82311		      -1.21249
       5.03416		       3.39870
      -0.48854		       5.52364
      -2.73793		       4.10967
      -0.57981		      -0.52914
       5.65845		      -6.94156
      14.09503		     -13.20500
      21.79385		     -17.73204
      25.71648		     -19.87145
      23.78838		     -20.05656
      15.67516		     -19.45685
       2.96087		     -19.30845
     -11.35530		     -20.23720
     -23.86386		     -21.88673
     -31.87642		     -23.02369
     -34.26194		     -22.07709
     -31.68722		     -17.87331
     -26.19845		     -10.23921
     -20.33700		      -0.20160
     -16.15375		      10.31307
     -14.50500		      19.15763
     -14.87882		      24.73669
     -15.77406		      26.54911
     -15.43336		      25.27865
     -12.60651		      22.40798
      -7.03764		      19.53525
       0.48895		      17.69557
       8.51165		      16.97840
      15.46529		      16.59496
      20.20452		      15.34823
      22.27252		      12.28285
      21.85248		       7.21894
      19.49371		       0.93177
      15.79780		      -5.09924
      11.24171		      -9.25870
       6.21495		     -10.43207
       1.21105		      -8.44102
      -2.98773		      -4.10417
      -5.30611		       1.08160
      -4.63784		       5.48233
      -0.31387		       7.85092
       7.41720		       7.62376
      17.14199		       4.90381
      26.44896		       0.19808
      32.52836		      -5.91097
      33.03486		     -12.96621
      26.90688		     -20.60185
      14.82255		     -28.31195
      -0.90782		     -35.18659
     -17.00208		     -39.82476
     -30.19345		     -40.56544
     -38.18920		     -36.02412
     -40.25721		     -25.75129
     -37.24669		     -10.72561
     -31.07420		       6.58590
     -23.91263		      22.72089
     -17.42220		      34.16725
     -12.32015		      38.45868
      -8.42045		      35.02339
      -5.06341		      25.45115
      -1.68901		      13.04447
       1.73967		       1.78474
       4.66873		      -4.93393
       6.26665		      -5.35915
       5.95407		       0.14201
       3.87489		       9.33014
       1.05212		      18.94518
      -0.88739		      25.82924
      -0.33474		      27.90995
       3.58612		      24.71696
      10.52472		      17.30576
      18.86823		       7.69491
      26.21502		      -1.90940
      30.19586		      -9.78684
      29.33074		     -15.04971
      23.58718		     -17.60946
      14.42169		     -17.87783
       4.29056		     -16.41135
      -4.17702		     -13.69029
      -9.02680		     -10.11505
      -9.53986		      -6.16331
      -6.32742		      -2.55319
      -0.97539		      -0.25061
       4.57558		      -0.24447
       8.64926		      -3.14946
      10.22664		      -8.81187
       9.01704		     -16.12852
       5.26741		     -23.21865
      -0.52356		     -27.94071
      -7.80739		     -28.58585
     -16.00615		     -24.48273
     -24.38133		     -16.26335
     -31.88775		      -5.66608
     -37.17637		       5.06033
     -38.84135		      13.92140
     -35.87267		      19.80684
     -28.14322		      22.73834
     -16.69670		      23.64979
      -3.65042		      23.81376
       8.32708		      24.17726
      16.81875		      24.90422
      20.45573		      25.32521
      19.39214		      24.31042
      15.24647		      20.89046
      10.50090		      14.83619
       7.56869		       6.92466
       7.88290		      -1.24381
      11.36310		      -7.81247
      16.47413		     -11.38081
      20.85797		     -11.55565
      22.29122		      -9.09921
      19.59014		      -5.60557
      13.10728		      -2.84124
       4.62867		      -2.03156
      -3.28005		      -3.39814
      -8.21482		      -6.14218
      -8.79383		      -8.87434
      -5.11513		     -10.29612
       1.33892		      -9.82912
       8.27854		      -7.91132
      13.41256		      -5.82588
      15.16529		      -5.13209
      13.05293		      -6.94192
       7.63128		     -11.35395
       0.10854		     -17.29078
      -8.16068		     -22.81576
     -16.06966		     -25.80494
     -22.90275		     -24.70566
     -28.23218		     -19.08430
     -31.69972		      -9.76114
     -32.86221		       1.49558
     -31.22906		      12.56831
     -26.49995		      21.63050
     -18.88289		      27.58746
      -9.30434		      30.18706
       0.64895		      29.82463
       9.10085		      27.19395
      14.46259		      22.97868
      15.99367		      17.72411
      14.10468		      11.90887
      10.24921		       6.11494
       6.41757		       1.13435
       4.41481		      -2.11652
       5.20437		      -2.89400
       8.58017		      -1.02136
      13.29799		       2.82072
      17.60752		       7.09900
      19.96018		       9.80912
      19.59751		       9.14702
      16.78143		       4.23291
      12.58629		      -4.40962
       8.36388		     -14.85125
       5.13209		     -24.28904
       3.16427		     -29.95640
       1.95932		     -30.08968
       0.59446		     -24.58719
      -1.71465		     -15.09939
      -5.11950		      -4.50039
      -8.95579		       4.07299
     -11.97696		       8.26272
     -12.91657		       7.23243
     -11.13401		       1.85304
      -7.04660		      -5.70867
      -2.13099		     -12.81179
       1.54315		     -17.24318
       2.08218		     -17.86359
      -1.46215		     -14.78958
      -8.63762		      -9.10404
     -17.64540		      -2.27548
     -25.89573		       4.43698
     -30.85860		      10.34490
     -30.88898		      15.34313
     -25.72338		      19.62963
     -16.48268		      23.31944
      -5.21426		      26.17343
       5.81979		      27.58864
      14.82234		      26.85629
      20.86571		      23.55390
      23.91597		      17.86654
      24.54064		      10.66245
      23.48556		       3.26392
      21.33428		      -2.99929
      18.39022		      -7.25942
      14.79018		      -9.39214
      10.73473		      -9.98171
       6.66523		      -9.98576
       3.25414		     -10.25486
       1.18475		     -11.13035
       0.82070		     -12.30874
       1.94226		     -13.03719
       3.71309		     -12.54829
       4.94019		     -10.52577
       4.54721		      -7.37156
       2.06422		      -4.13055
      -2.09442		      -2.08583
      -6.71740		      -2.19318
     -10.24869		      -4.60790
     -11.43768		      -8.52783
      -9.91689		     -12.44412
      -6.44788		     -14.71232
      -2.70222		     -14.20997
      -0.63707		     -10.79973
      -1.70213		      -5.39334
      -6.19863		       0.42058
     -13.06231		       5.03299
     -20.17722		       7.47751
     -25.11303		       7.81525
     -26.00406		       7.07289
     -22.22776		       6.75679
     -14.61948		       8.14943
      -5.14635		      11.69052
       3.82116		      16.71217
      10.34638		      21.64795
      13.54580		      24.63491
      13.76552		      24.26046
      12.27815		      20.14474
      10.65790		      13.11868
      10.11149		       4.92743
      11.03928		      -2.41421
      12.98443		      -7.34843
      14.95114		      -9.29168
      15.91759		      -8.74802
      15.29945		      -6.99795
      13.16277		      -5.51659
      10.11469		      -5.37631
       6.95392		      -6.87659
       4.26918		      -9.52999
       2.18659		     -12.37143
       0.38344		     -14.42274
      -1.65115		     -15.09344
      -4.25138		     -14.34909
      -7.30078		     -12.60226
     -10.19915		     -10.41628
     -12.10180		      -8.19429
     -12.32562		      -6.01957
     -10.72755		      -3.72321
      -7.86444		      -1.12885
      -4.83813		       1.67517
      -2.87515		       4.20788
      -2.81784		       5.71512
      -4.75369		       5.51205
      -7.95614		       3.39906
     -11.17465		      -0.05892
     -13.15465		      -3.56053
     -13.16064		      -5.44748
     -11.26866		      -4.31845
      -8.29323		       0.36150
      -5.37743		       7.91941
      -3.42858		      16.57245
      -2.65860		      23.96464
      -2.44775		      27.95766
      -1.61101		      27.37725
       1.03474		      22.42245
       6.04595		      14.57350
      12.95118		       6.03262
      20.26971		      -1.08122
      25.97165		      -5.46553
      28.21165		      -7.01192
      26.04535		      -6.69439
      19.83499		      -6.03725
      11.17199		      -6.40100
       2.33863		      -8.39023
      -4.48285		     -11.62457
      -7.94541		     -14.95151
      -7.93609		     -16.98980
      -5.49911		     -16.75631
      -2.33828		     -14.10360
      -0.11824		      -9.78703
       0.14794		      -5.14684
      -1.60858		      -1.55608
      -4.62587		       0.12056
      -7.74279		      -0.17177
      -9.93601		      -1.73015
     -10.72372		      -3.45434
     -10.27767		      -4.33889
      -9.22785		      -3.87358
      -8.28409		      -2.18447
      -7.87182		       0.12459
      -7.95634		       2.33005
      -8.12593		       3.96043
      -7.87236		       4.99983
      -6.91054		       5.83232
      -5.36371		       6.96746
      -3.71215		       8.69647
      -2.52639		      10.86277
      -2.12034		      12.87365
      -2.30818		      13.95952
      -2.40704		      13.56025
      -1.51176		      11.64698
       1.06723		       8.80839
       5.40217		       6.03588
      10.78201		       4.28588
      15.88662		       4.01154
      19.25506		       4.88619
      19.86329		       5.86777
      17.56412		       5.60614
      13.18787		       3.03823
       8.24101		      -2.08040
       4.31258		      -8.94753
       2.43025		     -15.91150
       2.63865		     -21.03770
       3.98620		     -22.82781
       4.93691		     -20.80180
       4.04261		     -15.70074
       0.59626		      -9.22000
      -5.01029		      -3.37478
     -11.38052		       0.24852
     -16.62852		       1.05505
     -19.10805		      -0.40307
     -18.05891		      -2.73024
     -13.90869		      -4.31214
      -8.11093		      -3.99559
      -2.59181		      -1.54274
       0.96565		       2.31809
       1.71187		       6.24794
      -0.13030		       8.89235
      -3.45103		       9.45514
      -6.75992		       8.01093
      -8.78567		       5.43730
      -8.91918		       3.01493
      -7.33495		       1.88235
      -4.77521		       2.58369
      -2.12742		       4.89386
      -0.00444		       7.97437
       1.48291		      10.76605
       2.67550		      12.42826
       4.08872		      12.62812
       6.06474		      11.56680
       8.53604		       9.76015
      11.01921		       7.70582
      12.83929		       5.61532
      13.46809		       3.34725
      12.80150		       0.56992
      11.22947		      -2.93921
       9.45351		      -7.02365
       8.13308		     -11.06535
       7.53250		     -14.15706
       7.34856		     -15.47003
       6.82060		     -14.65162
       5.09189		     -12.05776
       1.66638		      -8.68777
      -3.25289		      -5.82029
      -8.71740		      -4.48917
     -13.32881		      -5.02356
     -15.77285		      -6.86336
     -15.37146		      -8.75176
     -12.41117		      -9.24499
      -8.08961		      -7.33635
      -4.08091		      -2.93137
      -1.88539		       3.03712
      -2.22799		       8.91887
      -4.75865		      12.96763
      -8.18675		      14.02537
     -10.80237		      11.98838
     -11.17438		       7.86021
      -8.73922		       3.36566
      -4.03791		       0.28102
       1.49551		      -0.24755
       6.10515		       1.87698
       8.40762		       5.70908
       7.92574		       9.67829
       5.24929		      12.23525
       1.76860		      12.45533
      -0.89670		      10.35694
      -1.53131		       6.81929
       0.23711		       3.15599
       3.85859		       0.54172
       8.14769		      -0.45996
      11.79167		      -0.07600
      13.85281		       0.84538
      14.05815		       1.25584
      12.77747		       0.38114
      10.73475		      -1.96018
       8.61196		      -5.31987
       6.73962		      -8.85721
       5.01200		     -11.72074
       3.04777		     -13.38911
       0.49603		     -13.81791
      -2.68041		     -13.34269
      -6.09654		     -12.40892
      -9.07283		     -11.28239
     -10.93994		      -9.89707
     -11.36935		      -7.92335
     -10.56011		      -5.02261
      -9.17737		      -1.15358
      -8.05656		       3.24022
      -7.80428		       7.28278
      -8.48471		       9.96508
      -9.55030		      10.57442
     -10.06759		       9.05951
      -9.15173		       6.14881
      -6.41881		       3.13828
      -2.24468		       1.40980
       2.30486		       1.86881
       5.86570		       4.53931
       7.33561		       8.50130
       6.36517		      12.21713
       3.55939		      14.12904
       0.28571		      13.28888
      -1.84943		       9.75956
      -1.64825		       4.61571
       1.17418		      -0.46453
       5.84410		      -3.85528
      10.81064		      -4.61991
      14.34651		      -2.87016
      15.22531		       0.29707
      13.19982		       3.25458
       9.08733		       4.50032
       4.43078		       3.24333
       0.87848		      -0.31451
      -0.46192		      -5.10369
       0.56488		      -9.65055
       3.14187		     -12.67317
       5.84378		     -13.55827
       7.22134		     -12.52953
       6.36030		     -10.45785
       3.19384		      -8.41808
      -1.53832		      -7.19946
      -6.63750		      -6.98439
     -10.93036		      -7.32440
     -13.67734		      -7.40369
     -14.74488		      -6.45416
     -14.49943		      -4.12540
     -13.50906		      -0.64484
     -12.21791		       3.29285
     -10.75524		       6.84045
      -8.96125		       9.35954
      -6.59648		      10.65721
      -3.60747		      10.99391
      -0.29338		      10.87269
       2.73042		      10.72679
       4.77049		      10.66984
       5.38642		      10.43994
       4.64921		       9.56964
       3.18484		       7.69824
       1.95633		       4.86481
       1.86226		       1.62068
       3.32446		      -1.11956
       6.05640		      -2.44486
       9.13363		      -1.87656
      11.35690		       0.34041
      11.76438		       3.23710
      10.07358		       5.44160
       6.85242		       5.70883
       3.32843		       3.44407
       0.90016		      -1.00610
       0.54773		      -6.43358
       2.39151		     -11.20494
       5.59318		     -13.88695
       8.65399		     -13.80812
       9.99759		     -11.32284
       8.60284		      -7.66388
       4.42702		      -4.43901
      -1.55584		      -2.97590
      -7.71830		      -3.78372
     -12.39582		      -6.35151
     -14.50495		      -9.36357
     -13.91514		     -11.23939
     -11.43268		     -10.77361
      -8.41782		      -7.61447
      -6.20623		      -2.39179
      -5.57961		       3.54557
      -6.49906		       8.66164
      -8.19472		      11.80857
      -9.55157		      12.61207
      -9.60962		      11.52502
      -7.95927		       9.55241
      -4.87135		       7.78724
      -1.12639		       6.96524
       2.35852		       7.22204
       4.92424		       8.13376
       6.40662		       8.99207
       7.12095		       9.16537
       7.62074		       8.37286
       8.36249		       6.75408
       9.44633		       4.72412
      10.55916		       2.70947
      11.14468		       0.91359
      10.71163		      -0.76165
       9.12383		      -2.59810
       6.72280		      -4.81290
       4.21422		      -7.31902
       2.36469		      -9.63792
       1.64948		     -11.03718
       2.02129		     -10.85321
       2.91774		      -8.85856
       3.51480		      -5.49321
       3.11563		      -1.82475
       1.49452		       0.78403
      -0.97133		       1.18839
      -3.45671		      -1.04923
      -5.07268		      -5.40630
      -5.31072		     -10.50961
      -4.33938		     -14.58711
      -3.00077		     -16.09742
      -2.48343		     -14.29229
      -3.79382		      -9.48770
      -7.24846		      -2.93420
     -12.21436		       3.66041
     -17.23172		       8.76221
     -20.49602		      11.54191
     -20.52340		      12.09732
     -16.73867		      11.29184
      -9.74764		      10.29477
      -1.17675		      10.03129
       6.86555		      10.78052
      12.50148		      12.08834
      14.69939		      13.02032
      13.56396		      12.63132
      10.20610		      10.43674
       6.26495		       6.67466
       3.28519		       2.24418
       2.19603		      -1.65066
       3.07931		      -3.99341
       5.28338		      -4.36949
       7.79548		      -3.12542
       9.68919		      -1.20988
      10.45366		       0.22789
      10.08498		       0.30570
       8.93906		      -1.25667
       7.45358		      -4.06829
       5.89531		      -7.27632
       4.25950		      -9.94557
       2.35934		     -11.43319
       0.04022		     -11.59734
      -2.61230		     -10.76391
      -5.19932		      -9.49092
      -7.12858		      -8.26105
      -7.88350		      -7.25762
      -7.31270		      -6.32974
      -5.78786		      -5.15235
      -4.12957		      -3.48644
      -3.30606		      -1.39339
      -4.02079		       0.72174
      -6.36830		       2.27632
      -9.72173		       2.81547
     -12.92238		       2.30656
     -14.71093		       1.26408
     -14.22906		       0.61482
     -11.38046		       1.33246
      -6.89153		       3.98504
      -2.03606		       8.39523
       1.86879		      13.58159
       3.98688		      18.03772
       4.28701		      20.26207
       3.52740		      19.33571
       2.90516		      15.31161
       3.51835		       9.24541
       5.86896		       2.83886
       9.61890		      -2.17431
      13.70360		      -4.66134
      16.75586		      -4.49188
      17.66073		      -2.54858
      16.00812		      -0.34490
      12.25492		       0.59396
       7.53347		      -0.66202
       3.19360		      -4.09250
       0.27543		      -8.75574
      -0.86548		     -13.17651
      -0.63057		     -15.92500
       0.06861		     -16.15044
       0.25608		     -13.86337
      -0.66510		      -9.87403
      -2.66418		      -5.43803
      -5.12912		      -1.77426
      -7.17540		       0.34369
      -8.07001		       0.77151
      -7.57725		      -0.08736
      -6.07372		      -1.55286
      -4.38666		      -2.98081
      -3.43344		      -3.97097
      -3.82576		      -4.39444
      -5.61184		      -4.26455
      -8.26272		      -3.55545
     -10.89715		      -2.09490
     -12.63458		       0.38885
     -12.91579		       4.07558
     -11.65536		       8.81525
      -9.17654		      13.98284
      -5.98356		      18.53535
      -2.50082		      21.29138
       1.08414		      21.34406
       4.79665		      18.44160
       8.69182		      13.16330
      12.62256		       6.79220
      16.10256		       0.90890
      18.36835		      -3.14795
      18.64728		      -4.74452
      16.52902		      -4.15132
      12.26887		      -2.39589
       6.85961		      -0.82726
       1.79577		      -0.56971
      -1.41388		      -2.08875
      -1.81031		      -5.04358
       0.60238		      -8.47773
       4.77842		     -11.25623
       8.94586		     -12.55506
      11.21809		     -12.19099
      10.27876		     -10.65409
       5.87957		      -8.83855
      -1.04334		      -7.60041
      -8.68275		      -7.34594
     -14.98600		      -7.83826
     -18.35616		      -8.31073
     -18.16792		      -7.83703
     -14.91632		      -5.79184
      -9.96398		      -2.19354
      -5.00726		       2.23017
      -1.48050		       6.29221
      -0.12366		       8.81253
      -0.85412		       9.10575
      -2.94994		       7.28374
      -5.42743		       4.24335
      -7.43258		       1.34135
      -8.48552		      -0.11177
      -8.50480		       0.66452
      -7.64857		       3.64870
      -6.09133		       8.05316
      -3.87204		      12.63621
      -0.89705		      16.14939
       2.91004		      17.73605
       7.40481		      17.13443
      12.09337		      14.63422
      16.17536		      10.84586
      18.77102		       6.41434
      19.24801		       1.81593
      17.50336		      -2.68361
      14.06152		      -6.92307
       9.92362		     -10.68514
       6.21243		     -13.60089
       3.75284		     -15.20028
       2.76495		     -15.10579
       2.80503		     -13.27825
       2.98575		     -10.17884
       2.38578		      -6.73362
       0.47341		      -4.07135
      -2.64043		      -3.11435
      -6.23284		      -4.18546
      -9.27319		      -6.80862
     -10.87018		      -9.81470
     -10.66618		     -11.74166
      -9.00404		     -11.38950
      -6.78967		      -8.31377
      -5.10678		      -3.05186
      -4.74964		       3.02441
      -5.87777		       8.18875
      -7.94461		      10.99432
      -9.93360		      10.81649
     -10.80073		       8.09016
      -9.93131		       4.14712
      -7.41177		       0.71660
      -3.99643		      -0.71554
      -0.78204		       0.55874
       1.26984		       4.24141
       1.75577		       9.17983
       1.01430		      13.82020
      -0.01100		      16.77202
      -0.17339		      17.26157
       1.37937		      15.31312
       4.82131		      11.61832
       9.53884		       7.18291
      14.33992		       2.92062
      17.89274		      -0.63355
      19.21260		      -3.39062
      18.00141		      -5.56439
      14.71270		      -7.42137
      10.33316		      -9.06572
       5.98789		     -10.36906
       2.54063		     -11.07094
       0.34809		     -10.98371
      -0.75235		     -10.17919
      -1.24899		      -9.04248
      -1.67050		      -8.14554
      -2.34980		      -7.98719
      -3.33859		      -8.72096
      -4.48847		     -10.01018
      -5.62868		     -11.09921
      -6.72417		     -11.09308
      -7.91418		      -9.33784
      -9.40131		      -5.73852
     -11.24825		      -0.86804
     -13.20013		       4.19517
     -14.65158		       8.24703
     -14.81473		      10.40400
     -13.04550		      10.43128
      -9.19576		       8.81442
      -3.82429		       6.54378
       1.85896		       4.70340
       6.33581		       4.03945
       8.30491		       4.69088
       7.19269		       6.19253
       3.44062		       7.74031
      -1.56598		       8.59223
      -5.92609		       8.42003
      -7.86374		       7.44955
      -6.34760		       6.32492
      -1.45729		       5.75835
       5.64104		       6.12783
      13.09754		       7.21368
      19.00392		       8.20782
      22.00506		       8.01070
      21.67565		       5.70195
      18.54199		       0.98786
      13.77293		      -5.56988
       8.68954		     -12.65447
       4.30059		     -18.59926
       1.04003		     -21.94740
      -1.21853		     -21.95090
      -2.91928		     -18.81736
      -4.49463		     -13.61446
      -6.11251		      -7.87832
      -7.61160		      -3.08485
      -8.63649		      -0.18793
      -8.88622		       0.61129
      -8.33765		      -0.19675
      -7.32251		      -1.72388
      -6.41202		      -3.06564
      -6.16061		      -3.60837
      -6.83173		      -3.15313
      -8.24138		      -1.84261
      -9.80206		       0.03240
     -10.75652		       2.22539
     -10.50014		       4.62216
      -8.84665		       7.19019
      -6.11460		       9.83732
      -2.99227		      12.28195
      -0.24025		      14.03485
       1.63390		      14.53494
       2.58013		      13.39576
       2.99502		      10.64938
       3.50028		       6.85655
       4.61352		       2.99920
       6.46654		       0.16588
       8.70728		      -0.85943
      10.63909		       0.06332
      11.54010		       2.31753
      11.01925		       4.71362
       9.24120		       5.91706
       6.90608		       4.96129
       4.97708		       1.64107
       4.26431		      -3.37789
       5.04409		      -8.78630
       6.88633		     -13.11208
       8.77860		     -15.26588
       9.51016		     -14.93438
       8.16442		     -12.66544
       4.51713		      -9.61506
      -0.82933		      -7.06374
      -6.63757		      -5.90234
     -11.48081		      -6.29531
     -14.26418		      -7.65207
     -14.61254		      -8.90685
     -12.97132		      -8.98116
     -10.38626		      -7.23265
      -8.05967		      -3.70810
      -6.86977		       0.89231
      -7.04830		       5.50820
      -8.13968		       9.13333
      -9.24347		      11.17309
      -9.42519		      11.60322
      -8.11629		      10.88308
      -5.33888		       9.68553
      -1.67379		       8.58060
       1.99648		       7.81844
       4.84578		       7.29992
       6.40569		       6.72826
       6.69014		       5.84876
       6.11006		       4.64552
       5.24061		       3.39037
       4.56281		       2.51644
       4.30072		       2.37871
       4.41718		       3.02368
       4.74625		       4.09047
       5.17152		       4.90622
       5.73945		       4.74622
       6.63502		       3.14796
       8.02490		       0.13683
       9.85091		      -3.74500
      11.69506		      -7.62847
      12.81469		     -10.64961
      12.36992		     -12.28020
       9.76967		     -12.51103
       4.99245		     -11.80577
      -1.27089		     -10.84640
      -7.74320		     -10.18669
     -12.93802		      -9.97451
     -15.65883		      -9.87539
     -15.42974		      -9.23959
     -12.68199		      -7.44281
      -8.61143		      -4.24675
      -4.75145		      -0.00894
      -2.42200		       4.36830
      -2.26637		       7.74757
      -4.05386		       9.20599
      -6.81872		       8.43728
      -9.27125		       5.92977
     -10.30905		       2.83138
      -9.42240		       0.54125
      -6.83823		       0.18335
      -3.36073		       2.16962
       0.00632		       6.02743
       2.48446		      10.56118
       3.81099		      14.28381
       4.28019		      15.94848
       4.53449		      14.97494
       5.21301		      11.61391
       6.62299		       6.80233
       8.58173		       1.78642
      10.49491		      -2.32498
      11.62900		      -4.90033
      11.44948		      -5.90082
       9.87068		      -5.75750
       7.30699		      -5.09540
       4.50663		      -4.44476
       2.24660		      -4.06622
       1.02642		      -3.94885
       0.89365		      -3.95027
       1.46998		      -3.98120
       2.15381		      -4.12197
       2.39699		      -4.60197
       1.92529		      -5.65057
       0.80567		      -7.30060
      -0.65843		      -9.25795
      -2.13811		     -10.92380
      -3.47980		     -11.58422
      -4.78656		     -10.69640
      -6.33263		      -8.14548
      -8.35084		      -4.34755
     -10.80249		      -0.13601
     -13.25731		       3.53603
     -14.96657		       5.95865
     -15.12313		       6.93782
     -13.20956		       6.85485
      -9.28208		       6.47869
      -4.05224		       6.60552
       1.29318		       7.67948
       5.48259		       9.56241
       7.61348		      11.56055
       7.48698		      12.70653
       5.68114		      12.18285
       3.32436		       9.70731
       1.65390		       5.71112
       1.53441		       1.22474
       3.13024		      -2.49129
       5.86287		      -4.42450
       8.66767		      -4.20300
      10.44081		      -2.24108
      10.49024		       0.42228
       8.80616		       2.52632
       6.04437		       3.06901
       3.23760		       1.67275
       1.36183		      -1.30583
       0.94150		      -4.95445
       1.85468		      -8.18633
       3.41067		     -10.15949
       4.65583		     -10.56335
       4.77059		      -9.66665
       3.38942		      -8.12739
       0.71698		      -6.66532
      -2.59282		      -5.74870
      -5.72602		      -5.42906
      -8.03064		      -5.38280
      -9.23270		      -5.12142
      -9.46509		      -4.25890
      -9.11852		      -2.70590
      -8.60293		      -0.70307
      -8.14230		       1.31279
      -7.69941		       2.93511
      -7.05687		       3.98907
      -6.00019		       4.60632
      -4.49766		       5.13559
      -2.77462		       5.93438
      -1.23435		       7.14772
      -0.25810		       8.58894
       0.01681		       9.79003
      -0.17734		      10.20717
      -0.28827		       9.48853
       0.33355		       7.67564
       2.12684		       5.23360
       5.06432		       2.88159
       8.57618		       1.28853
      11.70687		       0.76711
      13.45806		       1.10893
      13.18413		       1.64769
      10.87418		       1.53821
       7.19455		       0.14054
       3.26185		      -2.65589
       0.23004		      -6.31588
      -1.14415		      -9.81482
      -0.77986		     -12.01725
       0.72025		     -12.12945
       2.33670		     -10.03999
       3.06338		      -6.40307
       2.32206		      -2.42197
       0.18997		       0.58706
      -2.65133		       1.67959
      -5.21931		       0.62539
      -6.65408		      -2.02477
      -6.58171		      -5.16826
      -5.26530		      -7.57735
      -3.48411		      -8.34963
      -2.19714		      -7.20550
      -2.13660		      -4.52677
      -3.50278		      -1.14053
      -5.88392		       2.04389
      -8.42666		       4.38490
     -10.17708		       5.70326
     -10.44493		       6.25668
      -9.04173		       6.52912
      -6.30548		       6.94818
      -2.91971		       7.66616
       0.37854		       8.50103
       3.06791		       9.05254
       4.97723		       8.92520
       6.24396		       7.94242
       7.13974		       6.24568
       7.86496		       4.23203
       8.42107		       2.36422
       8.62313		       0.95009
       8.23946		       0.00307
       7.17783		      -0.74475
       5.61144		      -1.68046
       3.96592		      -3.07785
       2.75819		      -4.91121
       2.35542		      -6.81412
       2.76969		      -8.21489
       3.59750		      -8.59519
       4.15162		      -7.75447
       3.74478		      -5.95217
       2.00861		      -3.84868
      -0.89524		      -2.25547
      -4.27715		      -1.79392
      -7.15217		      -2.61082
      -8.61924		      -4.28207
      -8.23383		      -5.95956
      -6.21491		      -6.71091
      -3.39085		      -5.91506
      -0.89581		      -3.54552
       0.26640		      -0.21517
      -0.38447		       3.04579
      -2.61592		       5.19451
      -5.57565		       5.59871
      -8.12901		       4.30300
      -9.30251		       2.02541
      -8.65250		      -0.11813
      -6.41149		      -1.05146
      -3.35906		      -0.16149
      -0.47937		       2.46232
       1.44600		       6.06458
       2.13899		       9.51568
       1.89930		      11.73477
       1.43081		      12.07275
       1.50455		      10.50729
       2.60796		       7.58677
       4.72988		       4.16549
       7.36613		       1.05498
       9.73300		      -1.25883
      11.08783		      -2.72373
      11.01549		      -3.62975
       9.56292		      -4.38286
       7.17663		      -5.26266
       4.48683		      -6.27950
       2.04597		      -7.19099
       0.14086		      -7.65671
      -1.24544		      -7.44411
      -2.32209		      -6.57613
      -3.30092		      -5.34376
      -4.23466		      -4.17557
      -4.96976		      -3.42906
      -5.23828		      -3.20956
      -4.84003		      -3.31087
      -3.81553		      -3.31416
      -2.51037		      -2.80342
      -1.48091		      -1.59557
      -1.26958		       0.12962
      -2.14662		       1.87260
      -3.94117		       3.02317
      -6.05301		       3.14824
      -7.65919		       2.22704
      -8.04027		       0.71762
      -6.89080		      -0.59119
      -4.47572		      -0.89317
      -1.55455		       0.28395
       0.90791		       2.84163
       2.13110		       6.09864
       1.84741		       9.02270
       0.42826		      10.61988
      -1.25215		      10.32513
      -2.16627		       8.23189
      -1.55526		       5.06204
       0.74959		       1.88408
       4.23966		      -0.30763
       7.91331		      -0.98151
      10.65687		      -0.26688
      11.66669		       1.11739
      10.74141		       2.17110
       8.32985		       2.02858
       5.32262		       0.31110
       2.68118		      -2.72496
       1.06181		      -6.29675
       0.58774		      -9.40631
       0.85494		     -11.21971
       1.15561		     -11.35799
       0.81318		      -9.98936
      -0.51841		      -7.70113
      -2.71497		      -5.22362
      -5.25068		      -3.13490
      -7.43146		      -1.67293
      -8.68200		      -0.72414
      -8.75981		       0.02683
      -7.81092		       0.87380
      -6.25891		       1.90684
      -4.59376		       2.95927
      -3.16781		       3.70369
      -2.09309		       3.84299
      -1.27812		       3.29549
      -0.56988		       2.27717
       0.08593		       1.23484
       0.56098		       0.65777
       0.59038		       0.85642
      -0.06710		       1.81533
      -1.43444		       3.19482
      -3.19386		       4.48556
      -4.71687		       5.24633
      -5.25921		       5.31240
      -4.25294		       4.87134
      -1.57376		       4.36291
       2.33998		       4.24256
       6.58428		       4.71647
      10.08079		       5.57695
      11.95455		       6.22849
      11.84759		       5.91183
      10.03846		       4.04188
       7.31498		       0.51660
       4.64977		      -4.14406
       2.81140		      -8.90565
       2.07195		     -12.54787
       2.13177		     -14.09402
       2.29026		     -13.17283
       1.78720		     -10.16600
       0.16672		      -6.07781
      -2.49311		      -2.17457
      -5.58417		       0.46620
      -8.20447		       1.32178
      -9.52632		       0.56678
      -9.14072		      -1.05397
      -7.23269		      -2.55962
      -4.51542		      -3.13180
      -1.95266		      -2.41609
      -0.38691		      -0.61346
      -0.22695		       1.65856
      -1.31931		       3.65940
      -3.04719		       4.83893
      -4.60459		       5.03817
      -5.32339		       4.50289
      -4.91634		       3.72214
      -3.54296		       3.17970
      -1.68712		       3.13764
       0.08404		       3.54769
       1.36395		       4.11970
       2.04651		       4.50106
       2.31052		       4.47075
       2.47350		       4.04957
       2.79850		       3.47367
       3.35457		       3.04834
       3.99854		       2.95966
       4.48111		       3.14374
       4.61570		       3.28570
       4.41532		       2.95719
       4.11780		       1.83133
       4.07573		      -0.12827
       4.55789		      -2.60081
       5.55946		      -5.00675
       6.72294		      -6.73711
       7.42643		      -7.41462
       7.01934		      -7.06667
       5.11264		      -6.12380
       1.79620		      -5.23371
      -2.32242		      -4.96463
      -6.29172		      -5.52711
      -9.14543		      -6.64206
     -10.25838		      -7.62392
      -9.58254		      -7.65594
      -7.66081		      -6.14816
      -5.40681		      -3.02740
      -3.73677		       1.16897
      -3.20361		       5.44497
      -3.78443		       8.69107
      -4.91007		      10.08775
      -5.72431		       9.40629
      -5.46416		       7.08587
      -3.80188		       4.05759
      -1.00545		       1.38839
       2.14941		      -0.10974
       4.67883		      -0.15030
       5.77816		       0.97911
       5.13845		       2.59622
       3.06621		       3.94423
       0.36331		       4.51107
      -1.97690		       4.21413
      -3.12993		       3.38168
      -2.71348		       2.55277
      -0.87460		       2.19525
       1.82576		       2.47220
       4.66334		       3.15944
       7.01965		       3.74538
       8.55764		       3.66204
       9.24544		       2.53984
       9.24412		       0.37273
       8.73671		      -2.47519
       7.79535		      -5.41650
       6.35559		      -7.86784
       4.30558		      -9.45304
       1.63528		     -10.09477
      -1.44360		      -9.96468
      -4.48388		      -9.33089
      -6.92071		      -8.38884
      -8.27863		      -7.16558
      -8.37550		      -5.54669
      -7.42366		      -3.40963
      -5.96969		      -0.78934
      -4.68535		       2.02001
      -4.09293		       4.49635
      -4.34325		       6.06025
      -5.14791		       6.31926
      -5.90284		       5.27583
      -5.95667		       3.39349
      -4.91066		       1.47112
      -2.81876		       0.35854
      -0.19564		       0.62125
       2.17788		       2.29353
       3.57410		       4.83112
       3.62758		       7.29603
       2.50039		       8.70999
       0.82854		       8.43895
      -0.53233		       6.45349
      -0.85750		       3.35641
       0.14699		       0.16173
       2.22225		      -2.08942
       4.66437		      -2.72412
       6.61683		      -1.68795
       7.42433		       0.44635
       6.89890		       2.71002
       5.38736		       4.11173
       3.61386		       4.00206
       2.36640		       2.28788
       2.16090		      -0.57750
       3.02333		      -3.80831
       4.47857		      -6.60272
       5.74570		      -8.42657
       6.05414		      -9.15309
       4.94746		      -9.01808
       2.45275		      -8.43196
      -0.94546		      -7.74894
      -4.50317		      -7.10324
      -7.49404		      -6.38230
      -9.44708		      -5.33700
     -10.25296		      -3.76342
     -10.11242		      -1.65914
      -9.37128		       0.72708
      -8.33315		       2.97804
      -7.14115		       4.68334
      -5.77779		       5.62043
      -4.16829		       5.85112
      -2.31940		       5.68346
      -0.40863		       5.51407
       1.23456		       5.62526
       2.25648		       6.03584
       2.45672		       6.48196
       1.92411		       6.54391
       1.05230		       5.86481
       0.40909		       4.35940
       0.50418		       2.31016
       1.55371		       0.29503
       3.35156		      -1.03323
       5.31724		      -1.22606
       6.71553		      -0.25388
       6.96435		       1.44371
       5.90217		       3.10493
       3.89491		       3.93695
       1.72512		       3.43292
       0.29660		       1.58107
       0.26865		      -1.12530
       1.76867		      -3.88511
       4.30492		      -5.91363
       6.92244		      -6.75788
       8.54587		      -6.46976
       8.37651		      -5.56329
       6.18799		      -4.77398
       2.40579		      -4.72269
      -2.05605		      -5.62778
      -6.13103		      -7.18875
      -8.97235		      -8.69213
     -10.21564		      -9.29651
     -10.03814		      -8.37813
      -9.00703		      -5.79450
      -7.79619		      -1.95882
      -6.89858		       2.30177
      -6.45374		       6.04239
      -6.25155		       8.52815
      -5.89305		       9.46333
      -5.02164		       9.03906
      -3.51356		       7.79548
      -1.54276		       6.37084
       0.50145		       5.25075
       2.19628		       4.62022
       3.27474		       4.36731
       3.73140		       4.21583
       3.79725		       3.90894
       3.80118		       3.34972
       3.99047		       2.63423
       4.40149		       1.97051
       4.84641		       1.53554
       5.02362		       1.35201
       4.69773		       1.25510
       3.85812		       0.97141
       2.77198		       0.27267
       1.89601		      -0.87570
       1.67852		      -2.25374
       2.33895		      -3.45727
       3.72877		      -4.07907
       5.34574		      -3.92183
       6.50728		      -3.13960
       6.61597		      -2.22841
       5.40531		      -1.85019
       3.05763		      -2.55101
       0.13846		      -4.48909
      -2.62893		      -7.29473
      -4.65423		     -10.13679
      -5.71082		     -11.98694
      -6.00478		     -11.98857
      -6.05029		      -9.78804
      -6.40463		      -5.69486
      -7.37922		      -0.60182
      -8.85677		       4.30899
     -10.30089		       7.96334
     -10.96216		       9.74338
     -10.19837		       9.65691
      -7.77472		       8.27035
      -4.01416		       6.44357
       0.27173		       4.98126
       4.05033		       4.34300
       6.43078		       4.52170
       6.97882		       5.12430
       5.86051		       5.60267
       3.76169		       5.52316
       1.62037		       4.75531
       0.28224		       3.50370
       0.21478		       2.18130
       1.38450		       1.19382
       3.33015		       0.74060
       5.38412		       0.72455
       6.93899		       0.80924
       7.64850		       0.59101
       7.49177		      -0.19856
       6.69600		      -1.55661
       5.57544		      -3.20300
       4.37415		      -4.70554
       3.18730		      -5.67623
       1.98771		      -5.94542
       0.72713		      -5.63205
      -0.55668		      -5.07782
      -1.69721		      -4.67739
      -2.45462		      -4.68561
      -2.64767		      -5.09366
      -2.29420		      -5.63314
      -1.67878		      -5.90663
      -1.29401		      -5.58244
      -1.66081		      -4.55982
      -3.09424		      -3.02355
      -5.51702		      -1.35819
      -8.41317		       0.04006
     -10.96049		       0.96512
     -12.30494		       1.51649
     -11.87499		       2.06509
      -9.60975		       3.07413
      -6.00354		       4.84968
      -1.94155		       7.33411
       1.61344		      10.04471
       3.96069		      12.20116
       4.89271		      13.00378
       4.72713		      11.95540
       4.13057		       9.09345
       3.81165		       5.02967
       4.21346		       0.77022
       5.33357		      -2.62143
       6.74373		      -4.39064
       7.79548		      -4.34496
       7.91950		      -2.89716
       6.88822		      -0.88468
       4.92966		       0.75879
       2.64574		       1.34742
       0.77245		       0.66916
      -0.11448		      -0.98711
       0.17552		      -3.00013
       1.38354		      -4.69836
       2.91777		      -5.63266
       4.09498		      -5.72872
       4.40102		      -5.26671
       3.66243		      -4.71205
       2.06582		      -4.48290
       0.03110		      -4.76045
      -1.99251		      -5.42140
      -3.70993		      -6.11155
      -5.06242		      -6.41580
      -6.18030		      -6.03930
      -7.24142		      -4.91708
      -8.31425		      -3.20893
      -9.26907		      -1.19455
      -9.80546		       0.86865
      -9.58498		       2.84808
      -8.40549		       4.74632
      -6.33027		       6.61768
      -3.70484		       8.44095
      -1.04608		      10.02541
       1.15072		      11.01433
       2.60089		      11.00329
       3.32842		       9.73081
       3.62608		       7.25502
       3.89430		       4.02483
       4.43251		       0.79288
       5.28140		      -1.61540
       6.19348		      -2.59510
       6.75116		      -2.00066
       6.58238		      -0.22685
       5.57479		       1.91221
       3.98411		       3.46857
       2.37562		       3.70377
       1.41039		       2.35662
       1.56017		      -0.26990
       2.87271		      -3.43600
       4.89527		      -6.25326
       6.80197		      -8.01660
       7.68596		      -8.44705
       6.90589		      -7.75273
       4.34913		      -6.49272
       0.50343		      -5.31041
      -3.69582		      -4.65462
      -7.18685		      -4.60671
      -9.14813		      -4.88158
      -9.27066		      -4.99271
      -7.83605		      -4.50045
      -5.57885		      -3.22952
      -3.39655		      -1.35871
      -2.02587		       0.65420
      -1.80939		       2.27548
      -2.63129		       3.13306
      -4.02746		       3.18195
      -5.40529		       2.72449
      -6.27173		       2.27778
      -6.37739		       2.34822
      -5.73256		       3.21207
      -4.51353		       4.79609
      -2.92491		       6.70614
      -1.09604		       8.38583
       0.93745		       9.33206
       3.16640		       9.27375
       5.50324		       8.24143
       7.70954		       6.50877
       9.41105		       4.44541
      10.21021		       2.35816
       9.85297		       0.39664
       8.37203		      -1.43728
       6.13100		      -3.19224
       3.73324		      -4.84385
       1.81996		      -6.22078
       0.83529		      -7.03159
       0.85737		      -6.99115
       1.57141		      -5.99078
       2.40262		      -4.22583
       2.75753		      -2.20508
       2.27341		      -0.61500
       0.96885		      -0.07825
      -0.77068		      -0.90005
      -2.36825		      -2.91109
      -3.31685		      -5.48403
      -3.41287		      -7.73160
      -2.85773		      -8.81845
      -2.17939		      -8.26723
      -2.00342		      -6.13702
      -2.76961		      -3.00027
      -4.51601		       0.27507
      -6.82551		       2.85257
      -8.96266		       4.23320
     -10.14764		       4.41923
      -9.85644		       3.87389
      -8.02458		       3.29875
      -5.07200		       3.32446
      -1.74154		       4.24347
       1.18027		       5.89227
       3.14451		       7.72596
       4.01091		       9.04721
       4.04596		       9.29000
       3.76003		       8.24012
       3.66177		       6.10657
       4.03834		       3.42404
       4.85280		       0.83742
       5.79393		      -1.13532
       6.44560		      -2.26425
       6.49199		      -2.63534
       5.86422		      -2.54983
       4.76523		      -2.35503
       3.56806		      -2.29073
       2.64072		      -2.41887
       2.18194		      -2.65783
       2.14330		      -2.88927
       2.26992		      -3.07057
       2.23503		      -3.28648
       1.80044		      -3.70777
       0.92472		      -4.47602
      -0.23133		      -5.57557
      -1.40118		      -6.76628
      -2.35934		      -7.62529
      -3.04204		      -7.69471
      -3.57732		      -6.67831
      -4.20511		      -4.59953
      -5.12348		      -1.84282
      -6.33767		       0.95350
      -7.59269		       3.11980
      -8.43560		       4.20630
      -8.39316		       4.15812
      -7.19336		       3.33671
      -4.93120		       2.37307
      -2.09512		       1.90930
       0.57350		       2.33416
       2.34336		       3.62304
       2.77747		       5.35010
       1.92083		       6.86798
       0.30797		       7.57934
      -1.22238		       7.18545
      -1.83897		       5.80651
      -1.03602		       3.92376
       1.16785		       2.16942
       4.22871		       1.05564
       7.27461		       0.75922
       9.42251		       1.05402
      10.09039		       1.41904
       9.18517		       1.27449
       7.10024		       0.24392
       4.53473		      -1.66992
       2.21645		      -4.06972
       0.64353		      -6.31387
      -0.05593		      -7.76771
      -0.10299		      -8.04970
       0.08778		      -7.17172
       0.11802		      -5.51971
      -0.22611		      -3.68974
      -0.91537		      -2.25337
      -1.74130		      -1.55191
      -2.45794		      -1.60032
      -2.92437		      -2.12984
      -3.17622		      -2.73725
      -3.39347		      -3.06545
      -3.78521		      -2.93387
      -4.45375		      -2.36723
      -5.31023		      -1.52395
      -6.08866		      -0.57276
      -6.45608		       0.41142
      -6.16800		       1.47616
      -5.19379		       2.73032
      -3.74807		       4.22795
      -2.20750		       5.86394
      -0.94689		       7.34589
      -0.16922		       8.27135
       0.18936		       8.28667
       0.43005		       7.25897
       0.94451		       5.37821
       2.01329		       3.13101
       3.64171		       1.14231
       5.51297		      -0.05844
       7.08903		      -0.25100
       7.82392		       0.37587
       7.40142		       1.28885
       5.89301		       1.82050
       3.76203		       1.44407
       1.70356		      -0.00023
       0.38017		      -2.22345
       0.16043		      -4.58911
       0.96927		      -6.35949
       2.31464		      -6.98818
       3.48232		      -6.33916
       3.82062		      -4.74225
       2.99885		      -2.86193
       1.13463		      -1.43363
      -1.26006		      -0.97517
      -3.48897		      -1.59037
      -4.94846		      -2.94136
      -5.35670		      -4.39589
      -4.84342		      -5.28410
      -3.86918		      -5.15716
      -3.01494		      -3.94415
      -2.73495		      -1.95056
      -3.17690		       0.29003
      -4.14005		       2.23945
      -5.18025		       3.55555
      -5.80823		       4.18916
      -5.69120		       4.34675
      -4.77267		       4.34923
      -3.26627		       4.46021
      -1.53801		       4.76469
       0.06059		       5.14973
       1.32905		       5.38704
       2.26444		       5.26894
       3.00541		       4.72595
       3.71091		       3.86665
       4.44119		       2.92095
       5.10470		       2.11760
       5.49924		       1.56021
       5.42668		       1.16773
       4.82142		       0.71433
       3.82310		      -0.04622
       2.74893		      -1.23048
       1.96941		      -2.72540
       1.74021		      -4.19483
       2.06903		      -5.20080
       2.68558		      -5.39276
       3.13881		      -4.68170
       2.98755		      -3.31619
       2.00444		      -1.81649
       0.30134		      -0.78374
      -1.68615		      -0.65848
      -3.35826		      -1.52964
      -4.19397		      -3.07831
      -3.97656		      -4.68680
      -2.90339		      -5.67371
      -1.52715		      -5.56130
      -0.54552		      -4.26528
      -0.52107		      -2.12789
      -1.64527		       0.22042
      -3.64455		       2.11384
      -5.86945		       3.11377
      -7.53332		       3.17278
      -8.00560		       2.63342
      -7.04332		       2.06516
      -4.87069		       2.01027
      -2.08000		       2.74662
       0.60072		       4.16609
       2.57537		       5.81687
       3.57572		       7.08839
       3.71290		       7.45853
       3.37563		       6.69957
       3.02967		       4.96021
       3.01051		       2.69603
       3.39717		       0.48487
       4.01340		      -1.19032
       4.54355		      -2.10081
       4.70061		      -2.31372
       4.36540		      -2.11084
       3.63435		      -1.83284
       2.75996		      -1.72526
       2.01925		      -1.85477
       1.57781		      -2.12553
       1.41644		      -2.37546
       1.35436		      -2.49465
       1.15471		      -2.50074
       0.65771		      -2.53057
      -0.12698		      -2.75287
      -1.01679		      -3.24846
      -1.74573		      -3.92444
      -2.10438		      -4.51424
      -2.06028		      -4.67463
      -1.79551		      -4.14169
      -1.63573		      -2.87426
      -1.89692		      -1.11295
      -2.71845		       0.68325
      -3.96262		       2.00642
      -5.23524		       2.50809
      -6.02892		       2.15672
      -5.93407		       1.27076
