      53.58980		      -5.41097
      51.43517		     -16.24444
      47.01565		     -26.38049
      40.53874		     -35.33632
      32.31586		     -42.68823
      22.74591		     -48.09402
      12.29405		     -51.31093
       1.46692		     -52.20800
      -9.21436		     -50.77234
     -19.24175		     -47.10880
     -28.14696		     -41.43324
     -35.52561		     -34.05979
     -41.05764		     -25.38285
     -44.52275		     -15.85501
     -45.81023		      -5.96213
     -44.92252		       3.80299
     -41.97258		      12.96667
     -37.17526		      21.09894
     -30.83331		      27.83503
     -23.31899		      32.89279
     -15.05238		      36.08513
      -6.47771		      37.32692
       1.96082		      36.63606
       9.84246		      34.12896
      16.79118		      30.01084
      22.49373		      24.56153
      26.71358		      18.11778
      29.30016		      11.05332
      30.19298		       3.75766
      29.42080		      -3.38492
      27.09595		     -10.01506
      23.40451		     -15.81581
      18.59304		     -20.52678
      12.95285		     -23.95468
       6.80269		     -25.97953
       0.47114		     -26.55676
      -5.72049		     -25.71516
     -11.47377		     -23.55113
     -16.52650		     -20.21982
     -20.66328		     -15.92388
     -23.72284		     -10.90059
     -25.60219		      -5.40826
     -26.25737		       0.28738
     -25.70134		       5.92595
     -23.99918		      11.26384
     -21.26133		      16.08376
     -17.63520		      20.20212
     -13.29608		      23.47411
      -8.43761		      25.79648
      -3.26261		      27.10815
       2.02548		      27.38907
       7.23014		      26.65736
      12.16803		      24.96547
      16.67401		      22.39553
      20.60481		      19.05427
      23.84151		      15.06792
      26.29102		      10.57727
      27.88669		       5.73300
      28.58829		       0.69151
      28.38166		      -4.38891
      27.27799		      -9.35158
      25.31300		     -14.04461
      22.54597		     -18.32396
      19.05859		     -22.05654
      14.95368		     -25.12327
      10.35343		     -27.42227
       5.39727		     -28.87214
       0.23903		     -29.41513
      -4.95656		     -29.02022
     -10.01826		     -27.68573
     -14.77336		     -25.44129
     -19.05360		     -22.34900
     -22.70146		     -18.50336
     -25.57688		     -14.02986
     -27.56385		      -9.08210
     -28.57663		      -3.83730
     -28.56519		       1.50964
     -27.51931		       6.75353
     -25.47129		      11.68733
     -22.49657		      16.11132
     -18.71238		      19.84262
     -14.27412		      22.72439
      -9.36959		      24.63431
      -4.21127		      25.49176
       0.97320		      25.26317
       5.95164		      23.96515
      10.49873		      21.66514
      14.40749		      18.47938
      17.50020		      14.56819
      19.63808		      10.12874
      20.72919		       5.38560
      20.73401		       0.57957
      19.66829		      -4.04467
      17.60300		      -8.25133
      14.66116		     -11.82616
      11.01187		     -14.58803
       6.86163		     -16.39893
       2.44357		     -17.17166
      -1.99506		     -16.87494
      -6.20612		     -15.53529
      -9.95412		     -13.23587
     -13.02904		     -10.11213
     -15.25788		      -6.34447
     -16.51412		      -2.14850
     -16.72469		       2.23676
     -15.87392		       6.56197
     -14.00433		      10.58110
     -11.21418		      14.06484
      -7.65198		      16.81311
      -3.50821		      18.66579
       0.99521		      19.51124
       5.61712		      19.29211
      10.11022		      18.00806
      14.23444		      15.71536
      17.76969		      12.52340
      20.52743		       8.58837
      22.36034		       4.10446
      23.16956		      -0.70687
      22.90927		      -5.60885
      21.58828		     -10.36200
      19.26870		     -14.73664
      16.06180		     -18.52454
      12.12129		     -21.54925
       7.63464		     -23.67444
       2.81277		     -24.80989
      -2.12119		     -24.91495
      -6.94343		     -23.99930
     -11.44065		     -22.12100
     -15.42034		     -19.38226
     -18.71967		     -15.92289
     -21.21246		     -11.91223
     -22.81408		      -7.53979
     -23.48404		      -3.00530
     -23.22617		       1.49139
     -22.08666		       5.75994
     -20.15003		       9.62823
     -17.53334		      12.94980
     -14.37918		      15.60958
     -10.84765		      17.52785
      -7.10798		      18.66225
      -3.33009		      19.00785
       0.32334		      18.59541
       3.70409		      17.48801
       6.68441		      15.77639
       9.16181		      13.57322
      11.06230		      11.00661
      12.34212		       8.21349
      12.98800		       5.33276
      13.01593		       2.49898
      12.46878		      -0.16348
      11.41278		      -2.54535
       9.93325		      -4.55651
       8.12972		      -6.12882
       6.11077		      -7.21794
       3.98878		      -7.80388
       1.87489		      -7.89065
      -0.12576		      -7.50479
      -1.91820		      -6.69318
      -3.42121		      -5.52007
      -4.57014		      -4.06362
      -5.31894		      -2.41209
      -5.64138		      -0.65972
      -5.53150		       1.09730
      -5.00323		       2.76489
      -4.08930		       4.25488
      -2.83952		       5.48846
      -1.31844		       6.39925
       0.39748		       6.93583
       2.22305		       7.06370
       4.06791		       6.76655
       5.84013		       6.04699
       7.45003		       4.92638
       8.81380		       3.44419
       9.85698		       1.65648
      10.51767		      -0.36618
      10.74927		      -2.54136
      10.52261		      -4.77805
       9.82759		      -6.98017
       8.67395		      -9.05057
       7.09132		     -10.89502
       5.12845		     -12.42625
       2.85159		     -13.56781
       0.34216		     -14.25757
      -2.30642		     -14.45074
      -4.99232		     -14.12215
      -7.60955		     -13.26785
     -10.05236		     -11.90575
     -12.21980		     -10.07536
     -14.02021		      -7.83652
     -15.37533		      -5.26723
     -16.22396		      -2.46065
     -16.52494		       0.47874
     -16.25921		       3.43947
     -15.43099		       6.30785
     -14.06787		       8.97290
     -12.21985		      11.33126
      -9.95735		      13.29179
      -7.36825		      14.77960
      -4.55408		      15.73952
      -1.62565		      16.13853
       1.30192		      15.96728
       4.11426		      15.24044
       6.70284		      13.99608
       8.96979		      12.29376
      10.83221		      10.21184
      12.22576		       7.84375
      13.10740		       5.29369
      13.45708		       2.67180
      13.27838		       0.08912
      12.59802		      -2.34749
      11.46432		      -4.54015
       9.94462		      -6.40426
       8.12191		      -7.87222
       6.09070		      -8.89618
       3.95247		      -9.44992
       1.81083		      -9.52969
      -0.23335		      -9.15391
      -2.08661		      -8.36190
      -3.66707		      -7.21167
      -4.90814		      -5.77677
      -5.76128		      -4.14262
      -6.19803		      -2.40221
      -6.21096		      -0.65158
      -5.81369		       1.01476
      -5.03989		       2.50829
      -3.94141		       3.75059
      -2.58555		       4.67692
      -1.05171		       5.23910
       0.57251		       5.40765
       2.19555		       5.17295
       3.72619		       4.54560
       5.07787		       3.55574
       6.17274		       2.25156
       6.94520		       0.69704
       7.34503		      -1.03115
       7.33962		      -2.84710
       6.91557		      -4.65968
       6.07931		      -6.37665
       4.85694		      -7.90891
       3.29308		      -9.17455
       1.44905		     -10.10258
      -0.59980		     -10.63622
      -2.76734		     -10.73553
      -4.96035		     -10.37940
      -7.08262		      -9.56660
      -9.03911		      -8.31612
     -10.74019		      -6.66649
     -12.10552		      -4.67438
     -13.06774		      -2.41230
     -13.57549		       0.03431
     -13.59583		       2.57065
     -13.11587		       5.09651
     -12.14354		       7.51054
     -10.70751		       9.71454
      -8.85614		      11.61773
      -6.65566		      13.14067
      -4.18749		      14.21879
      -1.54492		      14.80523
       1.17077		      14.87304
       3.85458		      14.41645
       6.40222		      13.45125
       8.71458		      12.01425
      10.70196		      10.16183
      12.28797		       7.96762
      13.41286		       5.51937
      14.03606		       2.91525
      14.13804		       0.25965
      13.72109		      -2.34133
      12.80927		      -4.78441
      11.44736		      -6.97367
       9.69884		      -8.82465
       7.64315		     -10.26802
       5.37213		     -11.25255
       2.98600		     -11.74733
       0.58890		     -11.74303
      -1.71569		     -11.25225
      -3.82955		     -10.30888
      -5.66400		      -8.96648
      -7.14391		      -7.29587
      -8.21088		      -5.38186
      -8.82591		      -3.31947
      -8.97103		      -1.20954
      -8.65009		       0.84574
      -7.88857		       2.74749
      -6.73235		       4.40460
      -5.24573		       5.73790
      -3.50847		       6.68374
      -1.61220		       7.19695
       0.34366		       7.25302
       2.25646		       6.84929
       4.02496		       6.00528
       5.55401		       4.76194
       6.75896		       3.18010
       7.56969		       1.33782
       7.93404		      -0.67286
       7.82052		      -2.74996
       7.22011		      -4.78604
       6.14713		      -6.67307
       4.63915		      -8.30734
       2.75571		      -9.59435
       0.57626		     -10.45341
      -1.80306		     -10.82168
      -4.27327		     -10.65762
      -6.71727		      -9.94349
      -9.01489		      -8.68696
     -11.04837		      -6.92156
     -12.70786		      -4.70603
     -13.89675		      -2.12242
     -14.53659		       0.72677
     -14.57140		       3.72269
     -13.97102		       6.73496
     -12.73354		       9.62734
     -10.88636		      12.26378
      -8.48607		      14.51482
      -5.61686		      16.26377
      -2.38765		      17.41274
       1.07213		      17.88781
       4.61785		      17.64343
       8.09593		      16.66557
      11.35077		      14.97348
      14.23203		      12.61993
      16.60199		       9.68987
      18.34244		       6.29740
      19.36103		       2.58127
      19.59643		      -1.30097
      19.02226		      -5.18005
      17.64933		      -8.88278
      15.52618		     -12.24031
      12.73769		     -15.09652
       9.40186		     -17.31592
       5.66483		     -18.79078
       1.69431		     -19.44710
      -2.32823		     -19.24899
      -6.21631		     -18.20119
      -9.78761		     -16.34962
     -12.87317		     -13.77982
     -15.32611		     -10.61331
     -17.02935		      -7.00199
     -17.90199		      -3.12088
     -17.90382		       0.84046
     -17.03791		       4.68746
     -15.35086		       8.23041
     -12.93081		      11.29426
      -9.90325		      13.72778
      -6.42479		      15.41147
      -2.67524		      16.26405
       1.15164		      16.24673
       4.85815		      15.36551
       8.25299		      13.67090
      11.16122		      11.25538
      13.43346		       8.24861
      14.95369		       4.81056
      15.64525		       1.12312
      15.47481		      -2.61951
      14.45389		      -6.22108
      12.63808		      -9.49353
      10.12383		     -12.26684
       7.04310		     -14.39777
       3.55620		     -15.77711
      -0.15691		     -16.33503
      -3.90614		     -16.04429
      -7.50128		     -14.92108
     -10.76186		     -13.02358
     -13.52622		     -10.44828
     -15.65954		      -7.32442
     -17.06015		      -3.80668
     -17.66404		      -0.06686
     -17.44719		       3.71522
     -16.42580		       7.36094
     -14.65438		      10.70178
     -12.22194		      13.58733
      -9.24650		      15.89213
      -5.86838		      17.52094
      -2.24255		      18.41225
       1.46930		      18.53985
       5.10676		      17.91266
       8.51812		      16.57268
      11.56702		      14.59149
      14.13785		      12.06547
      16.13989		       9.11011
      17.50988		       5.85383
      18.21311		       2.43157
      18.24311		      -1.02137
      17.62004		      -4.37503
      16.38795		      -7.50969
      14.61135		     -10.31990
      12.37112		     -12.71743
       9.76026		     -14.63321
       6.87955		     -16.01824
       3.83354		     -16.84363
       0.72681		     -17.09983
      -2.33920		     -16.79538
      -5.26881		     -15.95517
      -7.97419		     -14.61860
     -10.37696		     -12.83754
     -12.40934		     -10.67444
     -14.01499		      -8.20050
     -15.14972		      -5.49397
     -15.78200		      -2.63864
     -15.89348		       0.27779
     -15.47956		       3.16517
     -14.54989		       5.93261
     -13.12885		       8.49035
     -11.25594		      10.75192
      -8.98585		      12.63655
      -6.38814		      14.07197
      -3.54649		      14.99729
      -0.55715		      15.36609
       2.47327		      15.14939
       5.43080		      14.33835
       8.19795		      12.94649
      10.65820		      11.01112
      12.70105		       8.59388
      14.22737		       5.78005
      15.15487		       2.67669
      15.42316		      -0.59063
      14.99833		      -3.88233
      13.87642		      -7.05056
      12.08574		      -9.94581
       9.68760		     -12.42422
       6.77525		     -14.35514
       3.47113		     -15.62852
      -0.07776		     -16.16173
      -3.70609		     -15.90527
      -7.23787		     -14.84705
     -10.49506		     -13.01484
     -13.30689		     -10.47664
     -15.51915		      -7.33883
     -17.00305		      -3.74215
     -17.66303		       0.14451
     -17.44310		       4.13206
     -16.33114		       8.02063
     -14.36099		      11.60996
     -11.61196		      14.71012
      -8.20583		      17.15203
      -4.30139		      18.79708
      -0.08670		      19.54529
       4.23040		      19.34156
       8.43314		      18.17948
      12.30734		      16.10248
      15.65308		      13.20227
      18.29558		       9.61448
      20.09499		       5.51183
      20.95419		       1.09512
      20.82433		      -3.41742
      19.70767		      -7.80180
      17.65760		     -11.84037
      14.77574		     -15.33353
      11.20641		     -18.11043
       7.12865		     -20.03812
       2.74638		     -21.02837
      -1.72280		     -21.04215
      -6.05947		     -20.09110
     -10.05421		     -18.23632
     -13.51871		     -15.58430
     -16.29558		     -12.28036
     -18.26613		      -8.50011
     -19.35599		      -4.43926
     -19.53792		      -0.30263
     -18.83210		       3.70717
     -17.30354		       7.40060
     -15.05721		      10.61099
     -12.23094		      13.20276
      -8.98674		      15.07761
      -5.50107		      16.17833
      -1.95463		      16.49020
       1.47762		      16.03982
       4.63578		      14.89170
       7.38289		      13.14279
       9.61126		      10.91542
      11.24666		       8.34917
      12.25040		       5.59213
      12.61924		       2.79217
      12.38317		       0.08882
      11.60143		      -2.39394
      10.35703		      -4.55345
       8.75029		      -6.31241
       6.89171		      -7.62125
       4.89492		      -8.45847
       2.86988		      -8.82936
       0.91694		      -8.76314
      -0.87795		      -8.30887
      -2.44672		      -7.53049
      -3.74119		      -6.50142
      -4.73350		      -5.29908
      -5.41526		      -3.99971
      -5.79544		      -2.67398
      -5.89727		      -1.38337
      -5.75463		      -0.17774
      -5.40808		       0.90595
      -4.90092		       1.84375
      -4.27573		       2.62379
      -3.57137		       3.24453
      -2.82092		       3.71233
      -2.05048		       4.03872
      -1.27886		       4.23768
      -0.51820		       4.32300
       0.22470		       4.30630
       0.94657		       4.19553
       1.64547		       3.99438
       2.31868		       3.70236
       2.96074		       3.31576
       3.56193		       2.82913
       4.10744		       2.23737
       4.57727		       1.53788
       4.94688		       0.73288
       5.18871		      -0.16866
       5.27421		      -1.14955
       5.17653		      -2.18357
       4.87336		      -3.23550
       4.34981		      -4.26212
       3.60106		      -5.21397
       2.63444		      -6.03800
       1.47080		      -6.68083
       0.14496		      -7.09241
      -1.29489		      -7.22984
      -2.78886		      -7.06105
      -4.26803		      -6.56797
      -5.65798		      -5.74912
      -6.88300		      -4.62106
      -7.87073		      -3.21887
      -8.55686		      -1.59533
      -8.88960		       0.18109
      -8.83357		       2.02944
      -8.37290		       3.86040
      -7.51317		       5.58124
      -6.28204		       7.10113
      -4.72866		       8.33661
      -2.92149		       9.21674
      -0.94504		       9.68775
       1.10459		       9.71666
       3.12502		       9.29378
       5.01333		       8.43384
       6.67206		       7.17560
       8.01490		       5.58006
       8.97182		       3.72725
       9.49335		       1.71183
       9.55354		      -0.36226
       9.15163		      -2.38767
       8.31214		      -4.25988
       7.08348		      -5.88313
       5.53516		      -7.17600
       3.75365		      -8.07594
       1.83729		      -8.54282
      -0.10944		      -8.56098
      -1.98204		      -8.13993
      -3.68201		      -7.31340
      -5.12245		      -6.13705
      -6.23288		      -4.68488
      -6.96300		      -3.04458
      -7.28518		      -1.31217
      -7.19555		       0.41378
      -6.71360		       2.03792
      -5.88048		       3.47359
      -4.75594		       4.64762
      -3.41430		       5.50419
      -1.93966		       6.00753
      -0.42066		       6.14336
       1.05489		       5.91894
       2.40509		       5.36187
       3.55853		       4.51767
       4.45806		       3.44644
       5.06351		       2.21866
       5.35336		       0.91067
       5.32510		      -0.40012
       4.99452		      -1.63981
       4.39385		      -2.74214
       3.56905		      -3.65203
       2.57639		      -4.32816
       1.47857		      -4.74465
       0.34069		      -4.89170
      -0.77367		      -4.77516
      -1.80612		      -4.41523
      -2.70647		      -3.84433
      -3.43512		      -3.10440
      -3.96460		      -2.24377
      -4.28026		      -1.31386
      -4.38012		      -0.36599
      -4.27393		       0.55163
      -3.98160		       1.39637
      -3.53115		       2.13318
      -2.95627		       2.73588
      -2.29383		       3.18776
      -1.58140		       3.48157
      -0.85500		       3.61883
      -0.14718		       3.60872
       0.51440		       3.46651
       1.10793		       3.21190
       1.61787		       2.86715
       2.03486		       2.45538
       2.35519		       1.99905
       2.57999		       1.51869
       2.71416		       1.03206
       2.76513		       0.55365
       2.74176		       0.09459
       2.65323		      -0.33714
       2.50826		      -0.73618
       2.31451		      -1.09913
       2.07828		      -1.42371
       1.80456		      -1.70809
       1.49734		      -1.95015
       1.16004		      -2.14708
       0.79619		      -2.29510
       0.41007		      -2.38951
       0.00734		      -2.42500
      -0.40447		      -2.39617
      -0.81568		      -2.29823
      -1.21440		      -2.12784
      -1.58687		      -1.88392
      -1.91791		      -1.56845
      -2.19176		      -1.18702
      -2.39311		      -0.74923
      -2.50814		      -0.26874
      -2.52577		       0.23698
      -2.43868		       0.74728
      -2.24431		       1.23923
      -1.94552		       1.68880
      -1.55092		       2.07228
      -1.07491		       2.36773
      -0.53725		       2.55645
       0.03773		       2.62439
       0.62231		       2.56328
       1.18682		       2.37146
       1.70127		       2.05436
       2.13714		       1.62451
       2.46910		       1.10117
       2.67664		       0.50940
       2.74541		      -0.12112
       2.66829		      -0.75770
       2.44602		      -1.36641
       2.08730		      -1.91405
       1.60857		      -2.37002
       1.03313		      -2.70814
       0.39000		      -2.90823
      -0.28767		      -2.95730
      -0.96439		      -2.85041
      -1.60434		      -2.59100
      -2.17333		      -2.19078
      -2.64072		      -1.66908
      -2.98112		      -1.05186
      -3.17579		      -0.37021
      -3.21366		       0.34127
      -3.09187		       1.04643
      -2.81591		       1.70949
      -2.39926		       2.29700
      -1.86256		       2.77955
      -1.23247		       3.13333
      -0.54013		       3.34126
       0.18048		       3.39381
       0.89438		       3.28936
       1.56744		       3.03410
       2.16807		       2.64156
       2.66877		       2.13177
       3.04743		       1.53006
       3.28828		       0.86566
       3.38250		       0.17015
       3.32843		      -0.52418
       3.13141		      -1.18591
       2.80333		      -1.78601
       2.36181		      -2.29911
       1.82912		      -2.70457
       1.23103		      -2.98732
       0.59542		      -3.13830
      -0.04906		      -3.15463
      -0.67436		      -3.03954
      -1.25423		      -2.80192
      -1.76534		      -2.45572
      -2.18818		      -2.01908
      -2.50777		      -1.51340
      -2.71407		      -0.96224
      -2.80224		      -0.39021
      -2.77260		       0.17807
      -2.63040		       0.71905
      -2.38542		       1.21119
      -2.05132		       1.63572
      -1.64501		       1.97735
      -1.18578		       2.22472
      -0.69444		       2.37074
      -0.19248		       2.41269
       0.29890		       2.35225
       0.75953		       2.19521
       1.17113		       1.95120
       1.51793		       1.63313
       1.78725		       1.25664
       1.96996		       0.83942
       2.06076		       0.40039
       2.05831		      -0.04102
       1.96524		      -0.46570
       1.78797		      -0.85566
       1.53641		      -1.19474
       1.22347		      -1.46926
       0.86451		      -1.66859
       0.47666		      -1.78560
       0.07803		      -1.81688
      -0.31305		      -1.76292
      -0.67887		      -1.62804
      -1.00314		      -1.42014
      -1.27169		      -1.15039
      -1.47313		      -0.83263
      -1.59934		      -0.48275
      -1.64586		      -0.11792
      -1.61204		       0.24423
      -1.50108		       0.58644
      -1.31982		       0.89266
      -1.07838		       1.14881
      -0.78966		       1.34344
      -0.46866		       1.46829
      -0.13173		       1.51866
       0.20426		       1.49359
       0.52278		       1.39585
       0.80845		       1.23180
       1.04780		       1.01100
       1.22995		       0.74565
       1.34706		       0.44997
       1.39476		       0.13943
       1.37224		      -0.17007
       1.28228		      -0.46299
       1.13102		      -0.72498
       0.92755		      -0.94354
       0.68346		      -1.10867
       0.41213		      -1.21330
       0.12802		      -1.25359
      -0.15405		      -1.22907
      -0.41972		      -1.14258
      -0.65575		      -1.00004
      -0.85073		      -0.81013
      -0.99556		      -0.58371
      -1.08387		      -0.33330
      -1.11229		      -0.07238
      -1.08057		       0.18530
      -0.99147		       0.42638
      -0.85061		       0.63858
      -0.66615		       0.81124
      -0.44830		       0.93586
      -0.20883		       1.00640
       0.03949		       1.01960
       0.28360		       0.97509
       0.51068		       0.87534
       0.70877		       0.72554
       0.86737		       0.53337
       0.97785		       0.30861
       1.03392		       0.06269
       1.03185		      -0.19183
       0.97074		      -0.44181
       0.85250		      -0.67411
       0.68189		      -0.87623
       0.46627		      -1.03685
       0.21541		      -1.14638
      -0.05899		      -1.19743
      -0.34371		      -1.18521
      -0.62458		      -1.10785
      -0.88712		      -0.96654
      -1.11717		      -0.76564
      -1.30157		      -0.51255
      -1.42882		      -0.21756
      -1.48969		       0.10656
      -1.47773		       0.44504
      -1.38978		       0.78167
      -1.22624		       1.09957
      -0.99121		       1.38192
      -0.69255		       1.61280
      -0.34163		       1.77802
       0.04700		       1.86591
       0.45620		       1.86802
       0.86692		       1.77972
       1.25908		       1.60063
       1.61250		       1.33485
       1.90795		       0.99101
       2.12814		       0.58203
       2.25869		       0.12469
       2.28903		      -0.36102
       2.21312		      -0.85282
       2.02992		      -1.32714
       1.74372		      -1.76026
       1.36409		      -2.12957
       0.90566		      -2.41472
       0.38750		      -2.59880
      -0.16764		      -2.66931
      -0.73440		      -2.61896
      -1.28605		      -2.44623
      -1.79577		      -2.15561
      -2.23806		      -1.75754
      -2.59008		      -1.26803
      -2.83286		      -0.70799
      -2.95240		      -0.10228
      -2.94043		       0.52155
      -2.79495		       1.13452
      -2.52043		       1.70774
      -2.12767		       2.21386
      -1.63329		       2.62843
      -1.05895		       2.93118
      -0.43030		       3.10707
       0.22432		       3.14698
       0.87523		       3.04825
       1.49295		       2.81471
       2.04959		       2.45649
       2.52022		       1.98947
       2.88402		       1.43442
       3.12524		       0.81595
       3.23383		       0.16125
       3.20580		      -0.50121
       3.04328		      -1.14309
       2.75420		      -1.73743
       2.35181		      -2.25986
       1.85386		      -2.68958
       1.28167		      -3.01018
       0.65903		      -3.21013
       0.01114		      -3.28303
      -0.63656		      -3.22771
      -1.25938		      -3.04792
      -1.83432		      -2.75196
      -2.34086		      -2.35211
      -2.76150		      -1.86391
      -3.08225		      -1.30549
      -3.29278		      -0.69673
      -3.38661		      -0.05860
      -3.36096		       0.58752
      -3.21669		       1.22046
      -2.95802		       1.81975
      -2.59234		       2.36604
      -2.12990		       2.84146
      -1.58359		       3.22992
      -0.96867		       3.51742
      -0.30257		       3.69226
       0.39538		       3.74537
       1.10419		       3.67059
       1.80152		       3.46502
       2.46408		       3.12934
       3.06811		       2.66816
       3.58997		       2.09033
       4.00691		       1.40914
       4.29786		       0.64247
       4.44446		      -0.18736
       4.43202		      -1.05380
       4.25058		      -1.92663
       3.89586		      -2.77277
       3.37014		      -3.55730
       2.68287		      -4.24487
       1.85110		      -4.80114
       0.89944		      -5.19453
      -0.14026		      -5.39795
      -1.22971		      -5.39055
      -2.32545		      -5.15931
      -3.38044		      -4.70038
      -4.34607		      -4.02009
      -5.17447		      -3.13547
      -5.82091		      -2.07427
      -6.24634		      -0.87440
      -6.41972		       0.41728
      -6.32021		       1.74666
      -5.93885		       3.05468
      -5.27984		       4.28005
      -4.36110		       5.36222
      -3.21409		       6.24456
      -1.88301		       6.87751
      -0.42312		       7.22148
       1.10157		       7.24940
       2.62118		       6.94871
       4.06336		       6.32266
       5.35694		       5.39076
       6.43567		       4.18847
       7.24187		       2.76587
       7.72973		       1.18558
       7.86806		      -0.48011
       7.64237		      -2.15269
       7.05609		      -3.75143
       6.13085		      -5.19747
       4.90576		      -6.41801
       3.43576		      -7.35027
       1.78902		      -7.94490
       0.04366		      -8.16886
      -1.71622		      -8.00732
      -3.40487		      -7.46474
      -4.93926		      -6.56482
      -6.24354		      -5.34945
      -7.25297		      -3.87664
      -7.91739		      -2.21765
      -8.20385		      -0.45324
      -8.09840		       1.33042
      -7.60676		       3.04630
      -6.75400		       4.61096
      -5.58317		       5.94893
      -4.15295		       6.99647
      -2.53452		       7.70485
      -0.80776		       8.04264
       0.94296		       7.99717
       2.63316		       7.57491
       4.18255		       6.80082
       5.51910		       5.71675
       6.58247		       4.37900
       7.32687		       2.85513
       7.72297		       1.22029
       7.75898		      -0.44676
       7.44071		      -2.06771
       6.79078		      -3.56857
       5.84689		      -4.88318
       4.65946		      -5.95624
       3.28868		      -6.74558
       1.80115		      -7.22368
       0.26644		      -7.37839
      -1.24646		      -7.21280
      -2.67231		      -6.74438
      -3.95260		      -6.00337
      -5.03783		      -5.03075
      -5.88936		      -3.87569
      -6.48048		      -2.59282
      -6.79687		      -1.23946
      -6.83644		       0.12714
      -6.60856		       1.45227
      -6.13283		       2.68589
      -5.43751		       3.78441
      -4.55769		       4.71198
      -3.53332		       5.44123
      -2.40731		       5.95365
      -1.22366		       6.23955
      -0.02578		       6.29758
       1.14488		       6.13406
       2.25003		       5.76212
       3.25539		       5.20068
       4.13134		       4.47348
       4.85330		       3.60800
       5.40198		       2.63463
       5.76344		       1.58572
       5.92912		       0.49490
       5.89578		      -0.60363
       5.66549		      -1.67575
       5.24557		      -2.68800
       4.64853		      -3.60826
       3.89199		      -4.40637
       2.99857		      -5.05495
       1.99566		      -5.53016
       0.91502		      -5.81262
      -0.20776		      -5.88829
      -1.33402		      -5.74940
      -2.42311		      -5.39523
      -3.43364		      -4.83275
      -4.32493		      -4.07710
      -5.05877		      -3.15165
      -5.60111		      -2.08776
      -5.92394		      -0.92414
      -6.00693		       0.29431
      -5.83901		       1.51802
      -5.41952		       2.69466
      -4.75897		       3.77147
      -3.87934		       4.69768
      -2.81370		       5.42714
      -1.60530		       5.92087
      -0.30598		       6.14937
       1.02593		       6.09469
       2.32826		       5.75187
       3.53793		       5.12989
       4.59421		       4.25182
       5.44195		       3.15425
       6.03463		       1.88596
       6.33720		       0.50584
       6.32829		      -0.91983
       6.00183		      -2.32063
       5.36783		      -3.62558
       4.45240		      -4.76688
       3.29672		      -5.68363
       1.95532		      -6.32522
       0.49345		      -6.65428
      -1.01618		      -6.64903
      -2.49711		      -6.30466
      -3.87317		      -5.63398
      -5.07259		      -4.66699
      -6.03188		      -3.44955
      -6.69936		      -2.04107
      -7.03804		      -0.51154
      -7.02780		       1.06215
      -6.66653		       2.60030
      -5.97041		       4.02463
      -4.97307		       5.26246
      -3.72388		       6.25068
      -2.28528		       6.93905
      -0.72947		       7.29294
       0.86550		       7.29511
       2.41990		       6.94654
       3.85658		       6.26628
       5.10507		       5.29029
       6.10524		       4.06937
       6.81037		       2.66628
       7.18947		       1.15226
       7.22867		      -0.39686
       6.93163		      -1.90478
       6.31910		      -3.29871
       5.42737		      -4.51321
       4.30608		      -5.49340
       3.01526		      -6.19763
       1.62190		      -6.59932
       0.19626		      -6.68789
      -1.19195		      -6.46888
      -2.47716		      -5.96312
      -3.60122		      -5.20512
      -4.51621		      -4.24080
      -5.18650		      -3.12463
      -5.59014		      -1.91649
      -5.71943		      -0.67833
      -5.58066		       0.52914
      -5.19318		       1.64951
      -4.58778		       2.63339
      -3.80450		       3.44060
      -2.89014		       4.04174
      -1.89548		       4.41912
      -0.87249		       4.56700
       0.12842		       4.49119
       1.06076		       4.20807
       1.88415		       3.74311
       2.56587		       3.12898
       3.08200		       2.40352
       3.41800		       1.60746
       3.56872		       0.78227
       3.53798		      -0.03191
       3.33774		      -0.79807
       2.98685		      -1.48383
       2.50967		      -2.06258
       1.93450		      -2.51420
       1.29197		      -2.82543
       0.61354		      -2.98981
      -0.06993		      -3.00742
      -0.72941		      -2.88424
      -1.33863		      -2.63140
      -1.87489		      -2.26426
      -2.31953		      -1.80150
      -2.65819		      -1.26411
      -2.88091		      -0.67457
      -2.98204		      -0.05599
      -2.96007		       0.56857
      -2.81732		       1.17670
      -2.55966		       1.74715
      -2.19620		       2.26020
      -1.73894		       2.69803
      -1.20251		       3.04501
      -0.60383		       3.28800
       0.03816		       3.41664
       0.70283		       3.42359
       1.36825		       3.30492
       2.01164		       3.06033
       2.60988		       2.69342
       3.14014		       2.21195
       3.58064		       1.62788
       3.91139		       0.95742
       4.11512		       0.22079
       4.17812		      -0.55811
       4.09111		      -1.35232
       3.84996		      -2.13260
       3.45636		      -2.86844
       2.91819		      -3.52927
       2.24969		      -4.08574
       1.47133		      -4.51114
       0.60931		      -4.78277
      -0.30519		      -4.88326
      -1.23714		      -4.80172
      -2.14906		      -4.53465
      -3.00262		      -4.08655
      -3.76043		      -3.47012
      -4.38783		      -2.70611
      -4.85477		      -1.82271
      -5.13738		      -0.85449
      -5.21945		       0.15897
      -5.09349		       1.17484
      -4.76143		       2.14901
      -4.23484		       3.03822
      -3.53461		       3.80223
      -2.69026		       4.40590
      -1.73860		       4.82106
      -0.72210		       5.02808
       0.31309		       5.01702
       1.31945		       4.78832
       2.25043		       4.35296
       3.06280		       3.73199
       3.71891		       2.95568
       4.18863		       2.06199
       4.45097		       1.09477
       4.49517		       0.10153
       4.32138		      -0.86894
       3.94060		      -1.76911
       3.37421		      -2.55509
       2.65286		      -3.18891
       1.81487		      -3.64047
       0.90429		      -3.88908
      -0.03141		      -3.92449
      -0.94380		      -3.74737
      -1.78595		      -3.36923
      -2.51490		      -2.81177
      -3.09375		      -2.10569
      -3.49358		      -1.28904
      -3.69486		      -0.40519
      -3.68829		       0.49937
      -3.47526		       1.37754
      -3.06759		       2.18393
      -2.48682		       2.87715
      -1.76302		       3.42189
      -0.93314		       3.79059
      -0.03905		       3.96468
       0.87463		       3.93539
       1.76274		       3.70403
       2.58187		       3.28171
       3.29242		       2.68863
       3.86045		       1.95292
       4.25920		       1.10911
       4.47022		       0.19634
       4.48404		      -0.74363
       4.30037		      -1.66843
       3.92791		      -2.53706
       3.38370		      -3.31178
       2.69203		      -3.95974
       1.88321		      -4.45427
       0.99195		      -4.77595
       0.05571		      -4.91316
      -0.88705		      -4.86237
      -1.79859		      -4.62795
      -2.64343		      -4.22172
      -3.38981		      -3.66215
      -4.01083		      -2.97330
      -4.48537		      -2.18361
      -4.79866		      -1.32455
      -4.94264		      -0.42927
      -4.91591		       0.46884
      -4.72355		       1.33741
      -4.37656		       2.14629
      -3.89120		       2.86855
      -3.28813		       3.48134
      -2.59151		       3.96652
      -1.82789		       4.31106
      -1.02528		       4.50731
      -0.21204		       4.55297
       0.58402		       4.45098
       1.33659		       4.20919
       2.02162		       3.83994
       2.61805		       3.35949
       3.10838		       2.78739
       3.47910		       2.14576
       3.72107		       1.45854
       3.82970		       0.75072
       3.80503		       0.04747
       3.65168		      -0.62659
       3.37869		      -1.24823
       2.99920		      -1.79638
       2.53003		      -2.25277
       1.99113		      -2.60267
       1.40494		      -2.83535
       0.79560		      -2.94458
       0.18809		      -2.92890
      -0.39267		      -2.79179
      -0.92277		      -2.54164
      -1.38032		      -2.19153
      -1.74634		      -1.75884
      -2.00566		      -1.26461
      -2.14766		      -0.73283
      -2.16687		      -0.18941
      -2.06335		       0.33884
      -1.84292		       0.82543
      -1.51702		       1.24541
      -1.10241		       1.57655
      -0.62052		       1.80055
      -0.09662		       1.90396
       0.44130		       1.87910
       0.96382		       1.72458
       1.44147		       1.44560
       1.84622		       1.05393
       2.15297		       0.56755
       2.34090		       0.00994
       2.39469		      -0.59090
       2.30550		      -1.20377
       2.07170		      -1.79575
       1.69910		      -2.33382
       1.20101		      -2.78664
       0.59772		      -3.12615
      -0.08431		      -3.32922
      -0.81360		      -3.37894
      -1.55521		      -3.26574
      -2.27237		      -2.98810
      -2.92843		      -2.55284
      -3.48871		      -1.97498
      -3.92239		      -1.27723
      -4.20419		      -0.48894
      -4.31582		       0.35528
      -4.24707		       1.21719
      -3.99653		       2.05688
      -3.57176		       2.83479
      -2.98911		       3.51377
      -2.27294		       4.06105
      -1.45453		       4.44999
      -0.57043		       4.66152
       0.33929		       4.68521
       1.23315		       4.51984
       2.07042		       4.17355
       2.81321		       3.66344
       3.42849		       3.01466
       3.88977		       2.25909
       4.17854		       1.43370
       4.28515		       0.57851
       4.20930		      -0.26550
       3.96000		      -1.05857
       3.55495		      -1.76429
       3.01956		      -2.35154
       2.38548		      -2.79602
       1.68876		      -3.08157
       0.96788		      -3.20088
       0.26156		      -3.15577
      -0.39333		      -2.95693
      -0.96381		      -2.62321
      -1.42258		      -2.18038
      -1.74938		      -1.65962
      -1.93208		      -1.09560
      -1.96714		      -0.52452
      -1.85974		       0.01801
      -1.62325		       0.49901
      -1.27837		       0.88992
      -0.85177		       1.16822
      -0.37450		       1.31858
       0.11992		       1.33365
       0.59743		       1.21435
       1.02542		       0.96971
       1.37459		       0.61618
       1.62058		       0.17666
       1.74529		      -0.32097
       1.73783		      -0.84546
       1.59507		      -1.36401
       1.32168		      -1.84412
       0.92977		      -2.25543
       0.43818		      -2.57135
      -0.12870		      -2.77047
      -0.74228		      -2.83764
      -1.37142		      -2.76471
      -1.98405		      -2.55087
      -2.54892		      -2.20252
      -3.03718		      -1.73286
      -3.42380		      -1.16108
      -3.68878		      -0.51123
      -3.81796		       0.18903
      -3.80366		       0.90991
      -3.64480		       1.62095
      -3.34679		       2.29251
      -2.92109		       2.89713
      -2.38442		       3.41067
      -1.75790		       3.81333
      -1.06588		       4.09031
      -0.33477		       4.23229
       0.40816		       4.23554
       1.13596		       4.10186
       1.82310		       3.83821
       2.44637		       3.45619
       2.98569		       2.97133
       3.42470		       2.40235
       3.75113		       1.77021
       3.95705		       1.09734
       4.03885		       0.40674
       3.99719		      -0.27883
       3.83671		      -0.93751
       3.56571		      -1.54901
       3.19574		      -2.09515
       2.74114		      -2.56025
       2.21852		      -2.93155
       1.64628		      -3.19943
       1.04403		      -3.35762
       0.43212		      -3.40334
      -0.16896		      -3.33737
      -0.73913		      -3.16402
      -1.25925		      -2.89115
      -1.71175		      -2.52992
      -2.08117		      -2.09468
      -2.35473		      -1.60255
      -2.52292		      -1.07306
      -2.57995		      -0.52755
      -2.52418		       0.01148
      -2.35846		       0.52116
      -2.09023		       0.97912
      -1.73156		       1.36447
      -1.29894		       1.65873
      -0.81279		       1.84685
      -0.29685		       1.91810
       0.22273		       1.86686
       0.71847		       1.69319
       1.16279		       1.40327
       1.52942		       1.00942
       1.79476		       0.52994
       1.93927		      -0.01149
       1.94875		      -0.58665
       1.81542		      -1.16401
       1.53872		      -1.71016
       1.12578		      -2.19148
       0.59153		      -2.57595
      -0.04169		      -2.83491
      -0.74486		      -2.94487
      -1.48349		      -2.88902
      -2.21916		      -2.65854
      -2.91143		      -2.25351
      -3.51989		      -1.68337
      -4.00636		      -0.96689
      -4.33706		      -0.13162
      -4.48466		       0.78717
      -4.43003		       1.74805
      -4.16363		       2.70537
      -3.68644		       3.61153
      -3.01031		       4.41946
      -2.15777		       5.08511
      -1.16117		       5.56994
      -0.06132		       5.84311
       1.09442		       5.88337
       2.25439		       5.68044
       3.36534		       5.23581
       4.37505		       4.56298
       5.23518		       3.68698
       5.90383		       2.64329
       6.34779		       1.47613
       6.54441		       0.23633
       6.48290		      -1.02130
       6.16496		      -2.24074
       5.60473		      -3.36768
       4.82815		      -4.35231
       3.87156		      -5.15194
       2.77984		      -5.73315
       1.60397		      -6.07352
       0.39839		      -6.16267
      -0.78191		      -6.00269
      -1.88425		      -5.60789
      -2.86095		      -5.00379
      -3.67180		      -4.22569
      -4.28597		      -3.31650
      -4.68345		      -2.32439
      -4.85583		      -1.30005
      -4.80643		      -0.29397
      -4.54975		       0.64629
      -4.11041		       1.47854
      -3.52140		       2.16804
      -2.82203		       2.68913
      -2.05558		       3.02628
      -1.26675		       3.17452
      -0.49913		       3.13934
       0.20711		       2.93586
       0.81733		       2.58761
       1.30408		       2.12484
       1.64828		       1.58250
       1.83992		       0.99805
       1.87815		       0.40924
       1.77083		      -0.14805
       1.53369		      -0.64170
       1.18896		      -1.04501
       0.76381		      -1.33787
       0.28849		      -1.50756
      -0.20553		      -1.54900
      -0.68738		      -1.46462
      -1.12856		      -1.26375
      -1.50427		      -0.96166
      -1.79463		      -0.57831
      -1.98542		      -0.13699
      -2.06843		       0.33726
      -2.04147		       0.81908
      -1.90806		       1.28419
      -1.67672		       1.71057
      -1.36014		       2.07944
      -0.97412		       2.37591
      -0.53650		       2.58935
      -0.06603		       2.71345
       0.41861		       2.74611
       0.89968		       2.68897
       1.36109		       2.54686
       1.78885		       2.32718
       2.17138		       2.03915
       2.49954		       1.69317
       2.76656		       1.30018
       2.96776		       0.87123
       3.10030		       0.41708
       3.16279		      -0.05198
       3.15495		      -0.52617
       3.07739		      -0.99622
       2.93139		      -1.45321
       2.71885		      -1.88841
       2.44230		      -2.29308
       2.10514		      -2.65840
       1.71175		      -2.97544
       1.26787		      -3.23519
       0.78080		      -3.42884
       0.25966		      -3.54806
      -0.28451		      -3.58551
      -0.83868		      -3.53533
      -1.38810		      -3.39375
      -1.91655		      -3.15964
      -2.40692		      -2.83503
      -2.84187		      -2.42549
      -3.20468		      -1.94033
      -3.48014		      -1.39262
      -3.65549		      -0.79894
      -3.72132		      -0.17889
      -3.67236		       0.44566
      -3.50807		       1.05147
      -3.23303		       1.61508
      -2.85707		       2.11403
      -2.39497		       2.52810
      -1.86605		       2.84047
      -1.29323		       3.03889
      -0.70200		       3.11641
      -0.11912		       3.07206
       0.42889		       2.91104
       0.91716		       2.64465
       1.32395		       2.28975
       1.63199		       1.86795
       1.82950		       1.40448
       1.91104		       0.92671
       1.87786		       0.46264
       1.73794		       0.03919
       1.50558		      -0.31937
       1.20062		      -0.59300
       0.84726		      -0.76707
       0.47262		      -0.83338
       0.10507		      -0.79068
      -0.22751		      -0.64486
      -0.49948		      -0.40860
      -0.68911		      -0.10069
      -0.77997		       0.25515
      -0.76202		       0.63167
      -0.63235		       0.99978
      -0.39544		       1.33039
      -0.06296		       1.59624
       0.34685		       1.77361
       0.81028		       1.84390
       1.29948		       1.79482
       1.78422		       1.62128
       2.23366		       1.32573
       2.61825		       0.91812
       2.91156		       0.41543
       3.09185		      -0.15938
       3.14347		      -0.77862
       3.05776		      -1.41153
       2.83363		      -2.02606
       2.47763		      -2.59072
       2.00354		      -3.07645
       1.43158		      -3.45826
       0.78721		      -3.71661
       0.09960		      -3.83852
      -0.60004		      -3.81819
      -1.28024		      -3.65722
      -1.91109		      -3.36439
      -2.46583		      -2.95497
      -2.92232		      -2.44971
      -3.26408		      -1.87353
      -3.48108		      -1.25394
      -3.56998		      -0.61939
      -3.53410		       0.00231
      -3.38286		       0.58563
      -3.13098		       1.10858
      -2.79727		       1.55382
      -2.40336		       1.90936
      -1.97217		       2.16893
      -1.52653		       2.33193
      -1.08775		       2.40307
      -0.67446		       2.39163
      -0.30165		       2.31050
       0.01996		       2.17505
       0.28423		       2.00188
       0.48957		       1.80755
       0.63861		       1.60747
       0.73755		       1.41487
       0.79535		       1.24006
       0.82268		       1.08994
       0.83095		       0.96779
       0.83120		       0.87340
       0.83320		       0.80341
       0.84466		       0.75198
       0.87070		       0.71149
       0.91351		       0.67350
       0.97237		       0.62963
       1.04385		       0.57243
       1.12227		       0.49614
       1.20038		       0.39722
       1.27009		       0.27475
       1.32338		       0.13048
       1.35307		      -0.03128
       1.35356		      -0.20407
       1.32144		      -0.37985
       1.25588		      -0.54975
       1.15878		      -0.70488
       1.03465		      -0.83714
       0.89033		      -0.94002
       0.73441		      -1.00923
       0.57651		      -1.04317
       0.42646		      -1.04317
       0.29338		      -1.01344
       0.18490		      -0.96084
       0.10632		      -0.89437
       0.06010		      -0.82439
       0.04550		      -0.76181
       0.05840		      -0.71708
       0.09157		      -0.69929
       0.13507		      -0.71519
       0.17696		      -0.76848
       0.20417		      -0.85925
       0.20362		      -0.98368
       0.16323		      -1.13406
       0.07310		      -1.29913
      -0.07356		      -1.46461
      -0.27960		      -1.61419
      -0.54335		      -1.73053
      -0.85841		      -1.79652
      -1.21365		      -1.79654
      -1.59368		      -1.71777
      -1.97960		      -1.55122
      -2.34996		      -1.29272
      -2.68208		      -0.94352
      -2.95346		      -0.51058
      -3.14318		      -0.00649
      -3.23337		       0.55093
      -3.21048		       1.13950
      -3.06636		       1.73378
      -2.79897		       2.30643
      -2.41282		       2.82977
      -1.91891		       3.27741
      -1.33439		       3.62576
      -0.68172		       3.85557
       0.01248		       3.95306
       0.71880		       3.91086
       1.40669		       3.72857
       2.04612		       3.41281
       2.60930		       2.97697
       3.07218		       2.44048
       3.41586		       1.82776
       3.62757		       1.16680
       3.70137		       0.48763
       3.63840		      -0.17937
       3.44668		      -0.80521
       3.14059		      -1.36386
       2.73988		      -1.83367
       2.26843		      -2.19843
       1.75276		      -2.44819
       1.22045		      -2.57961
       0.69847		      -2.59590
       0.21164		      -2.50638
      -0.21871		      -2.32571
      -0.57590		      -2.07271
      -0.84868		      -1.76909
      -1.03161		      -1.43796
      -1.12514		      -1.10230
      -1.13526		      -0.78357
      -1.07278		      -0.50039
      -0.95238		      -0.26752
      -0.79146		      -0.09511
      -0.60876		       0.01171
      -0.42307		       0.05287
      -0.25193		       0.03309
      -0.11049		      -0.03875
      -0.01060		      -0.15046
       0.03987		      -0.28759
       0.03732		      -0.43461
      -0.01753		      -0.57604
      -0.11994		      -0.69762
      -0.26172		      -0.78726
      -0.43201		      -0.83582
      -0.61822		      -0.83761
      -0.80710		      -0.79062
      -0.98571		      -0.69649
      -1.14238		      -0.56014
      -1.26754		      -0.38927
      -1.35431		      -0.19353
      -1.39884		       0.01627
      -1.40042		       0.22913
      -1.36132		       0.43471
      -1.28639		       0.62411
      -1.18246		       0.79051
      -1.05762		       0.92961
      -0.92037		       1.03975
      -0.77885		       1.12191
      -0.64003		       1.17935
      -0.50913		       1.21716
      -0.38915		       1.24156
      -0.28065		       1.25916
      -0.18177		       1.27613
      -0.08846		       1.29745
       0.00500		       1.32627
       0.10541		       1.36341
       0.21981		       1.40706
       0.35467		       1.45280
       0.51505		       1.49372
       0.70384		       1.52097
       0.92114		       1.52439
       1.16391		       1.49334
       1.42575		       1.41766
       1.69708		       1.28862
       1.96550		       1.09989
       2.21642		       0.84830
       2.43401		       0.53451
       2.60213		       0.16334
       2.70556		      -0.25612
       2.73104		      -0.71072
       2.66841		      -1.18380
       2.51151		      -1.65595
       2.25888		      -2.10609
       1.91414		      -2.51262
       1.48616		      -2.85479
       0.98875		      -3.11395
       0.44013		      -3.27479
      -0.13797		      -3.32642
      -0.72144		      -3.26316
      -1.28512		      -3.08506
      -1.80422		      -2.79806
      -2.25576		      -2.41381
      -2.61991		      -1.94910
      -2.88120		      -1.42495
      -3.02947		      -0.86550
      -3.06041		      -0.29662
      -2.97594		       0.25560
      -2.78397		       0.76629
      -2.49800		       1.21331
      -2.13626		       1.57848
      -1.72055		       1.84859
      -1.27495		       2.01612
      -0.82431		       2.07960
      -0.39278		       2.04356
      -0.00230		       1.91810
       0.32863		       1.71817
       0.58605		       1.46250
       0.76124		       1.17232
       0.85116		       0.86994
       0.85846		       0.57727
       0.79114		       0.31448
       0.66182		       0.09863
       0.48684		      -0.05726
       0.28499		      -0.14502
       0.07617		      -0.16172
      -0.11992		      -0.10971
      -0.28523		       0.00368
      -0.40446		       0.16678
      -0.46610		       0.36450
      -0.46312		       0.57946
      -0.39337		       0.79324
      -0.25957		       0.98771
      -0.06909		       1.14622
       0.16674		       1.25480
       0.43344		       1.30302
       0.71445		       1.28463
       0.99234		       1.19792
       1.25002		       1.04571
       1.47184		       0.83507
       1.64471		       0.57673
       1.75882		       0.28420
       1.80828		      -0.02716
       1.79134		      -0.34129
       1.71039		      -0.64253
       1.57160		      -0.91669
       1.38437		      -1.15194
       1.16050		      -1.33951
       0.91324		      -1.47419
       0.65630		      -1.55447
       0.40280		      -1.58244
       0.16434		      -1.56343
      -0.04975		      -1.50542
      -0.23303		      -1.41817
      -0.38224		      -1.31241
      -0.49738		      -1.19881
      -0.58151		      -1.08712
      -0.64023		      -0.98530
      -0.68112		      -0.89893
      -0.71281		      -0.83073
      -0.74417		      -0.78043
      -0.78336		      -0.74483
      -0.83697		      -0.71815
      -0.90935		      -0.69262
      -1.00203		      -0.65926
      -1.11350		      -0.60869
      -1.23915		      -0.53213
      -1.37153		      -0.42232
      -1.50084		      -0.27425
      -1.61566		      -0.08591
      -1.70384		       0.14135
      -1.75345		       0.40263
      -1.75383		       0.68958
      -1.69652		       0.99080
      -1.57608		       1.29250
      -1.39074		       1.57933
      -1.14277		       1.83541
      -0.83856		       2.04543
      -0.48844		       2.19574
      -0.10620		       2.27537
       0.29172		       2.27692
       0.68716		       2.19720
       1.06138		       2.03756
       1.39627		       1.80403
       1.67551		       1.50701
       1.88570		       1.16073
       2.01724		       0.78242
       2.06505		       0.39125
       2.02891		       0.00715
       1.91358		      -0.35052
       1.72845		      -0.66413
       1.48702		      -0.91903
       1.20597		      -1.10443
       0.90412		      -1.21413
       0.60112		      -1.24694
       0.31618		      -1.20671
       0.06676		      -1.10204
      -0.13259		      -0.94572
      -0.27124		      -0.75375
      -0.34315		      -0.54430
      -0.34730		      -0.33638
      -0.28772		      -0.14853
      -0.17324		       0.00251
      -0.01678		       0.10296
       0.16550		       0.14302
       0.35536		       0.11755
       0.53381		       0.02645
       0.68243		      -0.12524
       0.78468		      -0.32771
       0.82712		      -0.56704
       0.80040		      -0.82606
       0.69994		      -1.08560
       0.52634		      -1.32576
       0.28540		      -1.52726
      -0.01219		      -1.67281
      -0.35153		      -1.74829
      -0.71444		      -1.74373
      -1.08064		      -1.65406
      -1.42904		      -1.47945
      -1.73915		      -1.22538
      -1.99235		      -0.90234
      -2.17317		      -0.52513
      -2.27022		      -0.11197
      -2.27693		       0.31665
      -2.19197		       0.73929
      -2.01926		       1.13487
      -1.76772		       1.48402
      -1.45065		       1.77022
      -1.08483		       1.98080
      -0.68940		       2.10768
      -0.28465		       2.14770
       0.10926		       2.10276
       0.47360		       1.97953
       0.79213		       1.78888
       1.05211		       1.54504
       1.24490		       1.26460
       1.36640		       0.96532
       1.41708		       0.66494
       1.40177		       0.38002
       1.32908		       0.12491
       1.21067		      -0.08911
       1.06025		      -0.25443
       0.89258		      -0.36742
       0.72231		      -0.42851
       0.56297		      -0.44187
       0.42604		      -0.41495
       0.32024		      -0.35769
       0.25096		      -0.28170
       0.22009		      -0.19923
       0.22603		      -0.12217
       0.26396		      -0.06121
       0.32640		      -0.02495
       0.40394		      -0.01935
       0.48603		      -0.04731
       0.56192		      -0.10858
       0.62156		      -0.19983
       0.65636		      -0.31505
       0.65991		      -0.44610
       0.62846		      -0.58340
       0.56111		      -0.71680
       0.45993		      -0.83636
       0.32964		      -0.93322
       0.17725		      -1.00024
       0.01142		      -1.03260
      -0.15826		      -1.02814
      -0.32210		      -0.98745
      -0.47105		      -0.91384
      -0.59747		      -0.81294
      -0.69575		      -0.69222
      -0.76266		      -0.56036
      -0.79768		      -0.42641
      -0.80291		      -0.29908
      -0.78288		      -0.18594
      -0.74410		      -0.09275
      -0.69446		      -0.02301
      -0.64246		       0.02240
      -0.59647		       0.04530
      -0.56387		       0.05006
      -0.55036		       0.04322
      -0.55935		       0.03294
      -0.59155		       0.02824
      -0.64474		       0.03822
      -0.71385		       0.07114
      -0.79123		       0.13365
      -0.86719		       0.22999
      -0.93068		       0.36149
      -0.97019		       0.52617
      -0.97469		       0.71865
      -0.93457		       0.93031
      -0.84257		       1.14972
      -0.69451		       1.36329
      -0.48992		       1.55615
      -0.23229		       1.71316
       0.07078		       1.81999
       0.40791		       1.86418
       0.76443		       1.83621
       1.12317		       1.73026
       1.46544		       1.54487
       1.77221		       1.28332
       2.02532		       0.95361
       2.20869		       0.56826
       2.30940		       0.14366
       2.31872		      -0.30078
       2.23274		      -0.74368
       2.05280		      -1.16299
       1.78561		      -1.53731
       1.44293		      -1.84719
       1.04105		      -2.07639
       0.59982		      -2.21292
       0.14160		      -2.24985
      -0.31012		      -2.18579
      -0.73210		      -2.02506
      -1.10272		      -1.77746
      -1.40335		      -1.45775
      -1.61946		      -1.08475
      -1.74151		      -0.68025
      -1.76554		      -0.26764
      -1.69340		       0.12949
      -1.53262		       0.48878
      -1.29591		       0.79048
      -1.00036		       1.01867
      -0.66633		       1.16214
      -0.31619		       1.21515
       0.02710		       1.17762
       0.34145		       1.05517
       0.60698		       0.85864
       0.80726		       0.60339
       0.93031		       0.30825
       0.96927		      -0.00570
       0.92278		      -0.31650
       0.79501		      -0.60269
       0.59528		      -0.84468
       0.33744		      -1.02596
       0.03886		      -1.13409
      -0.28062		      -1.16144
      -0.60007		      -1.10557
      -0.89879		      -0.96931
      -1.15755		      -0.76051
      -1.35985		      -0.49141
      -1.49282		      -0.17784
      -1.54800		       0.16187
      -1.52176		       0.50810
      -1.41537		       0.84113
      -1.23483		       1.14243
      -0.99038		       1.39569
      -0.69569		       1.58784
      -0.36694		       1.70966
      -0.02177		       1.75625
       0.32192		       1.72718
       0.64702		       1.62627
       0.93824		       1.46121
       1.18296		       1.24288
       1.37186		       0.98453
       1.49930		       0.70079
       1.56345		       0.40672
       1.56615		       0.11681
       1.51254		      -0.15588
       1.41046		      -0.40045
       1.26976		      -0.60867
       1.10143		      -0.77535
       0.91679		      -0.89833
       0.72667		      -0.97838
       0.54069		      -1.01884
       0.36668		      -1.02505
       0.21033		      -1.00379
       0.07494		      -0.96247
      -0.03849		      -0.90853
      -0.13112		      -0.84871
      -0.20581		      -0.78855
      -0.26668		      -0.73195
      -0.31844		      -0.68101
      -0.36586		      -0.63594
      -0.41311		      -0.59523
      -0.46328		      -0.55598
      -0.51800		      -0.51434
      -0.57723		      -0.46602
      -0.63917		      -0.40696
      -0.70043		      -0.33381
      -0.75635		      -0.24448
      -0.80140		      -0.13855
      -0.82978		      -0.01745
      -0.83600		       0.11541
      -0.81551		       0.25479
      -0.76527		       0.39395
      -0.68419		       0.52506
      -0.57345		       0.63986
      -0.43665		       0.73030
      -0.27969		       0.78924
      -0.11055		       0.81115
       0.06122		       0.79268
       0.22509		       0.73311
       0.37033		       0.63462
       0.48680		       0.50228
       0.56577		       0.34397
       0.60067		       0.16989
       0.58772		      -0.00804
       0.52641		      -0.17691
       0.41970		      -0.32377
       0.27402		      -0.43657
       0.09903		      -0.50503
      -0.09295		      -0.52160
      -0.28765		      -0.48204
      -0.46977		      -0.38600
      -0.62403		      -0.23720
      -0.73625		      -0.04341
      -0.79443		       0.18390
      -0.78969		       0.43016
      -0.71703		       0.67855
      -0.57593		       0.91109
      -0.37055		       1.10977
      -0.10975		       1.25779
       0.19338		       1.34079
       0.52209		       1.34789
       0.85703		       1.27260
       1.17731		       1.11343
       1.46187		       0.87421
       1.69082		       0.56408
       1.84677		       0.19709
       1.91607		      -0.20849
       1.88977		      -0.63120
       1.76440		      -1.04762
       1.54232		      -1.43377
       1.23182		      -1.76660
       0.84671		      -2.02547
       0.40566		      -2.19344
      -0.06883		      -2.25846
      -0.55172		      -2.21419
      -1.01691		      -2.06049
      -1.43880		      -1.80361
      -1.79384		      -1.45587
      -2.06200		      -1.03499
      -2.22800		      -0.56318
      -2.28230		      -0.06577
      -2.22172		       0.43024
      -2.04969		       0.89780
      -1.77604		       1.31141
      -1.41650		       1.64867
      -0.99172		       1.89162
      -0.52607		       2.02782
      -0.04614		       2.05106
       0.42080		       1.96176
       0.84849		       1.76688
       1.21322		       1.47948
       1.49521		       1.11789
       1.67982		       0.70455
       1.75832		       0.26467
       1.72838		      -0.17537
       1.59410		      -0.58960
       1.36570		      -0.95399
       1.05882		      -1.24790
       0.69345		      -1.45526
       0.29269		      -1.56542
      -0.11870		      -1.57374
      -0.51587		      -1.48171
      -0.87529		      -1.29675
      -1.17624		      -1.03163
      -1.40187		      -0.70354
      -1.54022		      -0.33302
      -1.58472		       0.05745
      -1.53448		       0.44479
      -1.39414		       0.80673
      -1.17345		       1.12310
      -0.88647		       1.37701
      -0.55062		       1.55566
      -0.18547		       1.65100
       0.18845		       1.65995
       0.55093		       1.58444
       0.88328		       1.43100
       1.16932		       1.21016
       1.39618		       0.93564
       1.55493		       0.62334
       1.64078		       0.29026
       1.65317		      -0.04650
       1.59544		      -0.37082
       1.47437		      -0.66842
       1.29950		      -0.92751
       1.08231		      -1.13928
       0.83539		      -1.29819
       0.57152		      -1.40188
       0.30296		      -1.45103
       0.04067		      -1.44891
      -0.20608		      -1.40085
      -0.43017		      -1.31361
      -0.62665		      -1.19470
      -0.79272		      -1.05177
      -0.92754		      -0.89201
      -1.03179		      -0.72175
      -1.10726		      -0.54614
      -1.15634		      -0.36901
      -1.18155		      -0.19298
      -1.18509		      -0.01953
      -1.16852		       0.15057
      -1.13261		       0.31697
      -1.07724		       0.47926
      -1.00153		       0.63657
      -0.90414		       0.78723
      -0.78356		       0.92854
      -0.63862		       1.05660
      -0.46893		       1.16646
      -0.27536		       1.25223
      -0.06041		       1.30753
       0.17149		       1.32595
       0.41391		       1.30164
       0.65842		       1.22996
       0.89492		       1.10813
       1.11206		       0.93571
       1.29783		       0.71512
       1.44039		       0.45185
       1.52881		       0.15452
       1.55401		      -0.16528
       1.50955		      -0.49345
       1.39231		      -0.81399
       1.20308		      -1.10987
       0.94682		      -1.36398
       0.63276		      -1.56027
       0.27414		      -1.68477
      -0.11229		      -1.72670
      -0.50708		      -1.67930
      -0.88906		      -1.54054
      -1.23659		      -1.31357
      -1.52878		      -1.00680
      -1.74688		      -0.63371
      -1.87547		      -0.21230
      -1.90361		       0.23582
      -1.82565		       0.68649
      -1.64190		       1.11438
      -1.35875		       1.49449
      -0.98861		       1.80359
      -0.54936		       2.02174
      -0.06348		       2.13355
       0.44313		       2.12924
       0.94259		       2.00545
       1.40661		       1.76555
       1.80817		       1.41966
       2.12315		       0.98423
       2.33176		       0.48119
       2.41986		      -0.06318
       2.37983		      -0.61975
       2.21118		      -1.15814
       1.92066		      -1.64849
       1.52200		      -2.06319
       1.03513		      -2.37854
       0.48519		      -2.57608
      -0.09894		      -2.64379
      -0.68628		      -2.57677
      -1.24546		      -2.37754
      -1.74658		      -2.05598
      -2.16287		      -1.62873
      -2.47225		      -1.11822
      -2.65855		      -0.55143
      -2.71242		       0.04169
      -2.63180		       0.62997
      -2.42201		       1.18274
      -2.09532		       1.67159
