     583.65193		       6.97030
    1067.13875		    -317.63055
     602.26948		    -637.29094
     266.15946		    -756.84568
    -238.24184		    -679.79842
    -479.42655		    -427.02036
    -607.37030		    -113.46190
    -427.46944		     131.29294
    -212.14502		     234.29725
      53.05293		     197.30412
     172.42371		      67.59289
     225.73522		     -85.36370
     117.53141		    -190.60673
      12.77482		    -237.07005
    -125.27835		    -210.39954
    -172.59256		    -141.35048
    -199.02130		     -76.92302
    -177.37911		     -29.47962
    -176.12344		      -9.05497
    -165.96075		      18.31570
    -185.68011		      46.56571
    -175.99577		     100.29108
    -157.10296		     144.26204
     -84.00530		     174.23753
     -12.71184		     160.41195
      62.86999		     104.81923
      80.20736		      40.39621
      65.84133		     -27.43229
      19.46551		     -53.49878
     -40.38491		     -27.03963
     -97.94288		      29.69877
     -96.54075		      99.79884
     -71.25250		     143.08881
      -5.93105		     164.08164
      48.94682		     137.19104
      97.56643		     105.56163
      93.43767		      62.41975
      95.98978		      46.71474
      87.05942		      21.42408
      89.58979		      13.48656
      93.06862		      -0.56129
     108.40730		     -22.70865
      89.88587		     -55.81534
      70.89304		     -97.12521
      18.98840		    -115.84721
     -20.80581		     -97.32696
     -64.19101		     -59.16591
     -63.97322		      -7.71030
     -39.06764		      41.83544
      14.49204		      52.63113
      51.79105		      31.36941
      76.86586		     -10.54968
      54.16055		     -57.08913
      13.34358		     -79.37892
     -40.41503		     -87.91651
     -78.32287		     -59.90127
     -95.98635		      -8.25464
     -68.06696		      33.14775
     -31.66837		      54.80232
      17.66579		      51.96964
      36.84467		      22.82407
      48.70049		     -11.83689
      24.91509		     -37.11574
       6.02588		     -38.01102
     -24.76440		     -28.42453
     -37.78336		      -2.22457
     -28.84238		      11.40170
     -20.30107		      24.47064
      -0.77304		      16.56500
       4.14799		      -1.49068
      -5.19115		     -16.66490
     -24.01845		     -14.02880
     -35.52241		      -2.66845
     -25.15020		      17.09065
     -15.36942		      31.86027
       3.65778		      37.91098
      19.93952		      35.75801
      31.15926		      12.88971
      23.51302		       1.59726
       0.22069		     -16.13255
     -15.38472		      -9.45304
     -26.59424		       5.99005
     -16.60107		      29.27065
      -0.17671		      32.71053
      26.88963		      35.82515
      42.01956		      16.86262
      46.72025		      -8.68441
      39.56501		     -36.92077
      12.59906		     -44.55671
     -12.43747		     -44.40904
     -31.99591		     -25.98204
     -34.96651		       7.86781
     -16.62175		      35.57732
       5.85752		      43.92195
      35.25162		      25.28078
      51.99991		       7.29180
      44.69424		     -20.97973
      29.98053		     -44.87050
       9.01558		     -44.79693
     -12.95855		     -50.05850
     -29.94182		     -35.66539
     -39.53375		     -24.45554
     -37.48768		      -6.97141
     -26.83581		       0.44019
     -27.32140		       9.94525
     -23.20562		       7.09452
     -23.28587		      14.40680
     -22.40259		      23.53663
      -7.24763		      24.59658
       6.11016		      34.19637
      17.86258		      25.94290
      27.25754		       9.36158
      25.37012		     -10.42117
       7.58883		     -17.07557
      -8.14960		     -18.01848
     -21.53585		      -0.17828
     -33.18735		      13.12624
     -16.78518		      28.05426
      -2.01595		      32.52146
      28.60455		      29.54038
      33.87928		      18.01947
      32.34525		      -5.55395
      28.22113		     -20.31899
      11.50553		     -20.16849
      -9.74761		     -21.52563
      -7.18378		      -7.25910
     -11.77347		       1.93750
      -4.25382		       9.37775
       4.60238		      16.43087
       9.59082		      16.45815
      16.28579		       5.34810
       5.22456		      -2.98881
       3.41960		      -0.92722
       5.16158		      -1.49414
       4.98549		       3.66698
      21.35814		       4.76767
      18.97609		       0.96641
      29.12864		     -11.88457
      23.36285		     -21.43650
       9.97278		     -21.05836
      -2.11274		     -31.57686
     -16.33730		     -23.77850
     -20.96447		     -12.29014
     -26.12909		       1.83893
     -18.51881		      10.58210
      -1.43093		      13.17875
       0.16374		      10.04817
      12.39999		      -0.67148
       7.77069		     -12.17823
       2.77523		     -11.90279
      -4.73468		     -21.57658
     -12.87702		     -17.60414
     -14.39315		      -8.40662
     -18.20053		      -2.77181
     -16.49278		      11.69893
      -1.47560		       9.65752
       6.23153		      17.04208
       7.04967		      10.32071
       7.24784		       4.54060
       9.85236		      -5.33188
       9.64279		      -9.29689
       2.48507		     -16.05111
      -0.82396		     -13.89300
      -4.52713		     -14.13733
     -10.62719		     -11.48600
     -15.04816		      -3.27258
     -12.05000		       6.73002
      -3.92723		      14.65140
       0.47875		       6.88712
       7.71750		      10.66320
       8.16992		       9.59456
      14.12390		       2.79894
      16.88460		       1.60964
      18.35748		      -7.17246
       8.89621		     -12.12249
       6.35686		     -13.19745
       0.85693		     -15.50816
      -2.14957		      -7.82938
       2.54385		     -13.29696
      -5.73277		     -10.06754
       1.02614		      -7.00891
       5.81584		     -11.86226
       0.90103		     -12.78591
      -2.56209		     -14.40575
     -17.78941		     -15.83549
     -12.46370		     -17.01967
     -14.52229		     -15.71044
     -18.13310		      -5.41166
     -14.90276		      -3.59190
     -18.71215		      -8.85582
     -13.29612		       6.25267
     -19.00477		      -1.54458
     -16.04309		      11.39448
     -14.40374		      10.08587
      -9.93625		      13.74300
      -6.96543		       5.81310
      -8.08256		      11.88583
      -3.82834		      12.26439
       0.97580		       5.02757
       0.79598		      -2.11919
       1.79903		       4.13808
      -6.44159		      10.13293
      -1.36267		       7.09994
       1.06482		      10.28472
       2.91218		       3.87727
      -0.44115		       7.54777
       3.85247		       7.31697
      -2.47384		       0.81174
       3.53903		       7.16368
       1.98362		       1.57636
       6.93133		       1.13665
      -5.55641		       4.75725
       3.51775		       0.18076
       2.31481		       2.97253
      -4.11290		       1.67542
       6.04186		       8.47988
       4.91790		       7.63477
       2.05117		       4.32751
       7.58640		       2.51232
       3.27230		      -1.61575
      12.00274		      -1.14603
       5.28230		      -8.09112
      -0.30097		      -7.70545
      -2.03173		      -8.90527
      -5.09018		     -10.08031
      -7.87628		     -13.05419
      -8.92304		      -7.42834
     -10.71716		      -7.73929
      -6.88077		       2.68714
      -7.73164		       9.21219
      -7.09643		       6.78114
      -7.19065		       2.73045
      -3.73440		       3.48745
       1.79069		       2.95305
       0.08870		       3.33115
     -11.52415		       2.89508
      -5.63264		       4.45307
      -4.63476		      -4.54920
      -5.70764		       3.59566
      -4.02934		       4.32335
       2.93338		       8.33988
      -0.61658		       6.54200
       3.46881		       4.23729
       0.90935		       4.86663
      -2.45258		      -1.82197
       3.67109		       4.03731
      -1.79256		      10.53262
      -4.93492		       7.06101
       4.34043		       4.11762
      -1.85346		       2.51115
      -1.74414		       4.84600
      -5.12415		       8.24176
       2.64352		      11.36572
       7.64526		       9.18338
      10.83475		       6.63068
       7.21549		      12.52257
      10.53649		       7.06306
       9.91233		       1.23116
       7.66269		       0.22752
      10.92040		       0.56440
       1.69352		      -4.38425
      -1.28800		       0.41333
       2.30517		      -1.94955
       0.04122		       1.13574
      11.96924		       0.17803
       7.00091		       1.27734
       8.79557		      -0.87948
       3.51410		      -2.46519
       5.77284		      -1.68997
      -0.56963		      -0.25526
       8.78291		      -3.80621
      -1.63724		      -1.97228
       0.53852		      -6.18616
      -4.89634		      -5.41594
      -2.04346		      -7.34133
      -5.94827		      -5.38228
      -7.69611		      -1.08624
      -7.19867		       2.72829
      -7.72335		       4.78525
      -3.10824		       8.79986
      -1.57249		       2.32399
      -4.94518		       1.48109
      -0.67120		       3.81275
      -4.61586		       1.73909
      -5.65743		      -0.46414
     -10.41398		       0.06002
      -2.87760		       7.11730
      -0.84315		       4.40434
      -3.01299		       3.33110
       0.60524		       7.06543
       1.00497		       3.48364
       0.03711		       3.94028
       5.26967		       3.50609
       8.36986		      -5.27575
       3.40564		      -6.13447
       8.71419		      -8.64529
       1.36046		       0.98720
       4.30397		      -8.11168
       1.34893		      -0.64211
       1.94128		      -7.64846
       4.03665		      -3.47881
      -5.37535		      -3.99722
      -8.27142		       0.62499
       3.42646		       0.34564
      -5.15184		       0.63433
       1.22132		       5.44442
       1.21824		      -2.88122
       4.96380		       3.55795
       3.75159		       1.78273
       5.09576		      -2.37108
       1.28299		       1.75384
       6.94833		      -3.42256
       7.48470		       1.95920
       4.43188		      -1.03068
       3.29582		      -2.82732
      -0.94137		       0.12249
       3.49033		      -3.42630
       6.16729		      -4.78594
       0.22453		      -3.27308
      -1.26425		      -3.31462
      -3.53000		      -0.86658
      -6.09489		      -2.63288
      -4.21956		       2.92379
      -4.82568		      -1.90087
      -2.60108		       1.15634
       5.11606		       4.54374
      -4.20648		       6.26258
       2.22512		       3.01490
      -9.26667		       1.96058
       6.59795		       3.84368
      -2.56573		       5.39574
       5.20629		       5.57573
      -1.28896		      -0.31327
      -0.50567		      -0.96806
       2.99649		      -3.53014
       0.45434		       3.33118
      -0.78159		       4.51958
      -1.75539		       4.53585
       3.14622		      -2.70780
      -0.11802		       3.71920
       6.36793		       6.75261
      -2.39163		      -0.58472
       3.83189		      -0.13790
       0.50876		      -2.41590
      -4.41721		      -6.40232
       0.65847		      -2.63973
       1.52798		       1.19059
      -3.31011		       1.35341
       0.48737		      -2.84839
      -2.87313		       1.22511
       5.29828		       4.07354
       0.52088		      -1.95062
       7.36565		       1.21962
       2.84847		       0.36504
       2.27710		      -5.43665
       1.08657		      -3.12165
      -0.48674		      -7.36536
      -6.92581		      -7.70890
      -4.19389		      -5.05266
      -4.40503		      -4.30631
      -3.09363		      -2.94911
      -9.09990		       4.30596
      -4.81415		      -2.39163
      -3.33961		      -0.79496
       2.96942		       4.01820
      -5.17530		       0.12263
      -1.55760		       1.37935
       1.02251		      -0.22367
       3.68955		      -0.36125
       2.23893		       4.03153
       1.54278		       2.30511
      -0.36285		      -0.88737
       1.45513		       4.15923
      -0.97935		      -0.41532
       6.15885		      -1.43870
       1.43335		       0.67708
       0.06921		      -0.74342
       3.23281		      -0.70776
       2.44421		       0.67487
       2.29152		      -1.63964
      -1.91618		      -0.91284
       1.10165		      -1.38612
      -2.33893		      -4.12439
      -4.74819		      -3.18754
       1.95559		      -3.20834
      -1.50096		      -2.71342
       0.58594		      -2.84405
       2.74937		       1.18248
      -0.84650		       3.36114
      -3.67319		      -0.70351
       4.20862		      -5.44871
      -2.31462		      -4.90262
      -0.66024		      -4.63646
       1.59014		      -3.30913
       4.05146		      -3.20820
      -1.76386		      -4.55559
      -1.21216		      -6.97603
       2.14994		      -0.54925
       0.41221		      -4.35165
       5.26060		      -2.97872
       0.59328		       1.53964
      -0.45848		      -0.10951
       0.01844		       0.30815
      -1.48779		      -4.27599
       0.79046		      -3.58983
       0.77881		       1.08613
       0.00882		       1.46947
       0.07346		       0.44210
       1.05631		      -1.54645
      -0.81694		       1.09751
      -4.21565		      -1.29543
       1.13032		      -0.02757
      -0.98009		       2.65499
       1.03248		       3.37739
       6.52765		       2.81101
       4.03924		      -6.28443
      -1.98278		       2.46553
       0.71980		      -0.01803
      -5.71076		       0.01057
       0.48700		      -2.39839
       5.05180		       0.23931
      -1.66503		       1.04807
      -1.47313		      -0.54094
       0.50523		      -2.15599
      -4.29690		       1.02221
       0.83332		      -4.70914
       4.49854		       4.76501
       0.27624		      -1.12125
      -3.27257		      -0.82826
       0.24979		      -1.96244
       2.13158		       2.81229
       5.49335		      -1.51363
       4.92228		       0.71414
      -0.15121		      -1.64357
      -0.31163		       0.64033
      -0.30034		       0.33568
      -3.57213		       0.15862
       1.75626		      -4.96197
      -0.34052		      -8.24116
       0.31173		       1.49627
       2.11821		      -0.23506
      -0.28388		       1.63994
       1.00802		       0.25341
      -3.90530		      -4.46659
       2.51909		      -1.45084
      -0.17104		       0.18448
      -3.14095		       0.94545
      -0.28979		      -4.79088
      -4.00898		      -1.17857
      -3.88722		      -2.84237
      -0.38438		      -2.78116
       2.19635		       4.16839
       0.68907		      -2.60178
      -0.57941		       4.34085
      -2.81656		       2.18277
       0.94764		       1.87645
      -2.34774		       1.18524
      -4.17259		       4.71213
      -0.57727		      -0.21950
       2.93297		       1.98274
       2.23062		       4.48832
       2.92239		      -1.32893
      -3.93814		      -2.82224
       7.27175		       1.58703
       0.43350		       5.09418
       5.69843		      -2.81340
       1.67699		      -3.32032
       1.79798		      -1.69888
      -1.74839		      -4.60489
      -1.53999		       5.69501
      -3.79821		      -4.41085
       2.01807		      -2.45406
      -0.78092		      -1.06876
      -0.07410		       0.33968
       4.59933		      -2.34431
      -2.30233		      -0.26000
       2.09835		      -0.35982
      -6.20997		      -1.90500
      -0.51717		      -2.33182
       3.26432		      -1.01402
      -2.80972		      -2.23989
      -1.86006		       0.96671
      -1.03768		      -5.88062
       2.27137		       0.06286
      -0.26075		      -1.81256
       3.22150		       0.36087
       3.19031		       2.03764
       3.09052		      -3.39887
       0.25395		      -4.03217
       0.88240		      -9.26248
       1.78637		       0.20296
      -3.49356		       1.52437
       2.56402		      -0.61272
       1.21581		      -4.52721
      -1.98641		      -2.09712
      -0.37266		       0.10134
       3.65710		       1.13613
       0.51047		       0.15719
       2.18491		      -1.93688
       0.35406		      -3.79145
      -1.54110		      -0.36774
       0.83760		       2.45239
      -2.31741		      -0.52904
       4.33109		      -0.66002
      -3.37627		      -2.76096
      -1.14955		       5.02980
       0.31207		       3.26019
       1.13662		       0.37235
       0.60532		      -2.62329
       0.97688		      -1.32794
      -3.63440		      -0.29913
       4.88852		      -4.47349
      -0.67646		      -1.42713
      -3.11045		       0.24223
      -3.29999		      -1.78186
       0.66262		      -4.57739
      -3.90018		       0.84585
      -1.40783		      -0.41617
      -2.97030		       1.65526
       0.16849		       1.93154
       0.97825		       0.38571
       1.27990		      -0.14172
       1.17554		       2.09575
      -4.80844		      -4.42267
      -2.17115		      -0.07629
       1.22692		       0.38802
      -6.47915		       3.81481
       2.70390		      -5.12826
       0.56314		       4.70496
      -0.68771		      -0.29688
       0.91913		       0.38894
       3.27339		       0.28800
       1.09704		       0.43746
      -0.33290		       0.36975
       2.93326		       0.37167
      -0.05026		       1.32023
      -0.33612		      -2.35409
       0.75528		      -2.77580
       0.66617		      -0.75234
      -4.36883		      -1.89273
      -3.35455		      -0.12784
       1.47503		      -2.52665
      -2.92411		       1.70987
      -1.20571		      -0.12427
      -7.34659		      -1.74782
       1.45611		       0.72211
       3.39351		       4.58024
       2.70014		       4.59983
       1.15708		      -0.08789
       1.13458		      -2.00752
       1.61629		      -0.00756
      -1.03269		      -2.39521
      -3.26215		      -5.32462
      -0.83304		      -0.97458
      -1.82135		       2.48520
      -2.06993		      -0.39367
      -2.24763		       2.28482
       5.53679		      -1.83032
      -0.76166		       3.65333
       2.17545		       1.87178
       1.84359		      -2.41159
      -5.34283		      -0.47108
       6.08309		       0.38570
      -0.38455		       2.84899
      -0.46154		      -3.49055
      -2.11031		       1.05547
      -2.30808		       1.54012
      -5.13860		      -3.52672
       0.37436		       3.54831
       2.00530		       2.33635
       1.12649		      -3.65080
       5.77121		      -0.81904
       1.07335		       2.37222
      -1.08551		       1.29622
       1.53239		       3.35226
       3.65526		      -1.32471
       1.40588		      -0.21822
      -2.00284		      -1.13646
      -1.24614		       1.71282
       0.40061		       3.54294
      -2.64743		       3.56865
      -0.92799		       3.77625
       2.19422		      -0.03730
      -2.84345		       6.16724
       2.68036		      -1.13286
       2.84930		       0.56370
      -0.56186		      -0.22958
       0.64541		       1.54732
       0.44402		      -5.00331
      -0.80775		      -1.91823
       0.89363		      -1.29119
      -0.01928		       2.90853
       2.77704		      -2.64301
       0.85353		      -0.18084
      -1.45578		       1.15202
       1.60081		      -0.57581
       0.16841		      -1.00426
       1.45182		       1.64368
       3.08609		      -0.54777
       0.58450		      -5.37036
       2.23870		      -5.75628
       4.00680		       1.11851
       2.41782		       1.01994
       1.68088		       0.22478
       1.23991		       2.74753
      -0.41590		      -0.58504
      -2.17899		      -3.44557
      -1.62384		      -2.07200
      -0.94312		      -2.05729
      -1.28548		      -3.06957
       1.64749		      -7.34460
      -2.75122		      -2.16685
       6.45666		       2.04386
       2.83572		       3.38128
      -2.12124		      -0.63916
      -1.81533		      -4.18953
       1.26705		       2.00271
      -0.84450		      -1.22486
       0.53205		      -4.63567
       3.00101		      -1.39942
      -1.66845		      -0.65041
       3.43765		       0.39430
      -2.97164		       2.03626
      -0.50734		      -3.41774
      -5.48360		      -1.06505
      -5.24751		       1.07157
       5.66466		      -2.94434
      -1.43124		       1.88889
      -0.17505		       0.13750
       1.08562		      -0.11998
       2.05614		       2.38811
       3.33435		       2.41542
      -2.21816		      -0.80367
      -2.80362		      -0.72296
      -1.24000		       1.95107
       0.06834		      -4.75358
       1.82362		      -2.61687
       0.34288		      -3.00484
       1.70055		      -1.93966
      -0.68039		       4.27529
      -0.09622		       1.98259
      -0.69891		       1.72294
      -2.27225		       1.47683
       1.61348		       1.72902
      -1.95882		      -2.30732
      -0.37877		       0.44677
      -1.00376		       2.20556
       3.13685		       3.49635
      -0.51729		      -2.78406
      -0.57559		       1.34792
      -2.37335		       3.53729
      -3.38901		      -6.51611
      -3.09539		      -3.13733
       1.44379		       0.95065
       0.78131		       1.21442
      -0.84337		      -3.62871
      -3.08967		      -0.15400
      -1.08348		      -1.59072
      -1.51772		      -3.32330
       0.64101		       1.56397
      -2.65286		       1.36872
       0.90157		      -3.40510
      -0.92314		       0.95054
       1.63000		       2.40498
       1.00023		      -0.56665
       1.59622		       2.88265
      -0.32903		      -0.91255
      -0.54150		      -0.38767
      -0.02774		      -0.92129
       1.33172		      -1.12246
       2.42528		      -1.50263
      -1.35609		       4.37087
       0.91217		      -0.57355
      -2.87539		      -2.85457
      -4.18910		       1.60914
       1.01925		       0.02280
       1.74819		      -3.04569
      -1.27025		      -2.42936
      -0.13865		       0.87245
      -0.73744		       2.33499
       4.78104		       0.56079
       3.68565		      -0.84126
       4.08538		       0.94616
      -2.77795		       2.10357
      -0.07210		       1.98372
      -1.45688		       0.96226
      -2.02062		      -2.27990
       1.42615		      -3.45711
       0.86679		      -2.83718
      -0.24691		      -1.25609
      -1.98050		      -0.01607
       2.08120		       4.67644
       1.13977		      -3.18249
       1.06292		       2.12074
       0.34781		      -0.95110
      -1.49823		      -0.89146
      -3.02351		      -2.57373
      -1.57334		       5.90314
       0.99371		       1.67088
       5.50481		      -1.18851
       0.34670		      -0.36345
       0.04813		       1.58496
      -0.84470		       0.20820
      -0.69646		       0.80818
      -1.35333		      -3.36374
      -0.97974		      -0.05861
      -0.82215		       5.92413
      -0.00411		       1.38226
      -1.01442		       1.49188
      -1.35057		       4.12194
       1.53124		      -2.52704
      -2.42268		       0.80793
      -2.53370		      -4.97344
       1.59439		      -2.56119
      -1.70276		      -1.23672
       2.22662		      -3.40037
       2.02625		       1.13683
      -1.92085		       2.37938
       2.22879		      -0.24321
      -1.55733		      -1.72230
       0.42456		       2.51160
       1.14684		      -6.93737
      -3.40874		       1.54611
      -2.15369		       1.68878
      -2.15188		       0.02036
       1.86351		      -4.82439
       0.58650		      -1.09347
      -1.77341		      -0.29447
       0.89536		       2.28473
       0.37609		       3.82923
      -0.64612		       1.11356
      -1.22914		      -1.76523
       1.60986		      -0.30532
       3.14346		       0.88424
       1.38352		      -1.31271
      -0.05880		       0.10333
      -3.18996		       1.50219
      -1.27832		      -1.93588
      -1.35771		       0.90712
       2.64629		      -0.03142
       0.51273		       3.75665
       0.00418		       1.99663
      -1.85188		      -1.47542
       2.95896		      -2.16546
       0.76015		       0.97641
      -2.12808		      -1.86536
       0.96925		       3.96417
      -0.91781		      -0.19562
      -0.82912		       0.59266
       1.11051		      -1.77956
      -1.36414		      -0.60288
       0.45127		      -0.70240
       0.50259		       1.41312
      -2.79086		       1.23398
       6.74911		       0.67053
       3.66643		      -4.11960
       4.40355		       0.82975
      -0.31379		      -4.37534
       1.43739		       0.00424
       1.83981		       0.36235
      -1.05777		      -2.82057
      -2.98524		       2.03975
      -1.54455		       5.15225
      -3.49204		       1.12200
      -0.72806		      -0.92906
      -0.75164		       1.63436
      -1.11368		       0.97024
       1.28157		       0.58125
      -5.45222		       1.60214
      -0.47258		      -1.17150
       2.59725		       0.46081
      -0.49451		       0.11826
       1.43956		       3.15073
       1.52368		       2.10510
      -0.07637		      -2.60556
       0.47699		       2.51928
       2.59067		      -1.08718
      -1.80429		      -1.63027
       1.24009		       2.50767
       2.60123		       0.44901
      -2.00638		       3.27434
       4.45012		      -0.70649
       0.51746		       0.87534
      -1.61962		       3.71398
       1.72396		      -1.04336
      -0.36037		      -0.48515
      -1.50705		       0.15806
      -0.72237		       1.10123
      -0.94539		      -0.18781
      -0.18893		      -5.07583
      -2.90426		       3.34543
       0.43706		       1.55046
       1.19569		      -0.92062
       1.40651		      -1.57989
       0.10019		      -0.42987
       1.15477		      -0.49566
      -1.27343		       0.94056
       0.03398		      -2.82513
       2.22404		      -2.67103
       2.60808		      -2.87088
      -1.07183		       0.57621
       5.74242		       0.57468
      -0.58864		      -2.43795
       0.48973		      -0.23633
       3.15888		       1.07415
       2.29045		      -1.25025
       4.12094		      -0.59613
       0.37439		      -3.15342
       1.29946		      -1.04678
      -1.39004		       0.67130
      -1.87757		       1.45636
      -3.91373		       2.49111
      -0.80981		       1.60963
       2.51542		      -1.56193
       2.91398		      -1.46736
       1.07244		      -1.41738
       4.81854		       1.60431
      -1.57305		       0.28978
      -5.32281		       1.51260
       1.91810		       3.20593
       1.20965		      -0.85366
       0.23439		       2.15288
       0.34349		      -4.49518
       2.92329		       2.08569
       2.23065		       1.11739
      -3.51407		      -0.25344
       0.27227		      -2.23662
       3.89300		      -2.58105
       2.89033		      -2.52928
       1.25070		       1.33533
       1.43821		       2.66650
      -1.10438		       2.19325
       1.67479		       1.48018
      -4.36897		       1.58093
       1.19896		       1.59460
       1.52830		       0.61045
       1.10408		       1.41685
      -0.71382		      -1.09239
      -1.76466		       3.44522
      -0.34480		      -1.93278
      -1.46904		      -1.39300
      -0.54911		      -0.35112
      -2.84656		      -1.26889
       3.24723		      -1.25316
       1.25225		      -2.70845
       2.79197		       0.91160
       2.49136		      -0.62799
       0.47598		       1.48401
       3.72521		      -0.72490
       0.18471		      -0.15707
       1.89249		       2.09178
       0.70085		      -1.37257
       3.01542		      -0.58572
      -2.28121		       2.28015
      -0.27901		       1.77329
      -2.32597		      -1.39610
      -0.87259		       0.43676
      -0.03966		       1.46133
      -2.93225		      -2.44513
      -2.08974		      -0.99984
      -0.75656		      -0.47474
       0.51370		      -0.21740
      -1.41091		      -0.56128
       1.04092		      -0.61330
       1.40455		       4.69961
       0.14407		       0.30532
       0.87871		       0.29967
       3.45155		       1.83008
       1.40267		       2.86822
      -3.23715		      -0.95398
       2.21182		       0.86327
       3.33678		      -0.19165
       3.97896		      -2.75747
      -2.59869		      -2.06556
       1.68270		       0.57555
      -1.09426		       2.06270
      -1.42734		       0.18615
      -0.37679		       0.46665
       0.57201		       0.41511
      -3.70103		       1.19847
      -1.91912		      -2.23125
       1.38761		       0.83130
       0.91295		       1.90457
      -1.75284		      -0.53596
      -1.88053		       1.20877
      -0.52358		       1.43305
      -2.78780		       0.65096
      -1.64602		       3.43798
       0.00402		       0.75488
       5.27247		       2.69145
      -1.80437		       0.70906
      -0.05234		      -0.27757
       3.40015		       2.17268
       0.89299		       0.73784
      -1.46374		      -3.56282
      -0.22811		      -1.16618
      -0.89210		       0.07433
      -2.50934		       0.93968
      -0.76009		      -0.12435
      -1.33892		      -0.66508
      -0.40139		       0.72402
      -1.26389		       0.23827
      -2.96997		       2.35016
       0.47787		      -2.32505
      -0.96100		       1.93999
       1.24224		       0.26716
      -0.02376		      -3.81639
      -0.85092		      -3.93534
       0.14767		      -4.39935
      -3.34708		      -0.58166
       1.04907		       1.70778
       0.14803		      -0.03381
       2.67085		       1.30011
       1.29116		      -2.38735
      -0.56567		      -2.89365
       1.62625		       1.23348
      -1.10519		      -4.14024
      -0.46491		       0.10794
      -2.35267		      -0.07894
       1.27942		       1.41028
      -1.49487		      -0.69955
      -0.87798		       1.09605
       0.53233		       1.22670
      -0.96862		       0.39294
       1.75708		      -2.01101
      -1.06878		      -1.46325
      -0.21920		       0.99578
       1.25809		      -2.85300
      -2.88904		      -0.57561
      -2.67883		       0.41537
       2.34896		       2.00556
       0.01239		      -1.35563
      -1.80642		       2.56049
      -0.16946		       1.30450
      -1.56856		       0.05809
       1.71248		      -0.72869
      -1.08450		      -0.02183
       0.63669		       1.47200
      -0.31432		       1.17628
       1.11841		      -0.65010
      -2.72139		       1.20228
      -2.62059		       2.36995
       0.41532		      -0.17020
      -4.65443		      -0.10978
       0.29580		      -0.40835
      -3.22737		      -0.29372
       0.32238		       2.27762
      -2.25747		      -2.01446
      -1.56751		       6.45416
       1.75943		      -0.32241
      -0.18165		       3.45642
       1.36382		      -2.91248
      -0.31845		       0.14007
      -0.77722		      -0.34462
      -0.16587		       0.31489
       1.01229		       1.10836
      -1.92966		      -1.05059
      -2.14620		       4.45688
       0.38484		       2.01034
       0.93960		       1.90993
       0.37777		       0.15755
       3.48239		      -0.57887
      -3.40804		       0.98589
       0.99006		      -0.92789
      -0.47460		       2.54025
      -1.69641		      -1.81944
      -0.43309		      -1.27504
       1.74702		       1.92282
      -2.77414		       2.57566
      -0.78179		       1.17030
      -0.80931		      -0.37143
      -1.70751		       0.56108
       1.15674		      -0.14537
       4.25752		      -0.65478
       1.51459		       0.44478
      -1.41198		      -1.67028
      -3.78899		      -3.35749
      -0.08424		       0.07908
       1.40114		      -0.79924
       0.93846		      -2.42987
      -1.80682		       0.61127
      -1.36190		      -1.39142
      -1.63442		       1.67584
      -0.21861		       0.66543
       0.20045		       3.15840
       0.48597		       2.15005
      -1.92280		       2.02288
       0.89987		       0.19416
       1.80003		      -2.63528
       2.88226		       2.20267
      -0.45673		      -0.33804
      -3.23690		      -1.39520
      -1.61728		       0.82328
      -1.38043		      -0.81966
       1.31230		       3.03255
       2.05934		      -0.92431
       1.95460		      -2.56322
       0.48599		      -1.98071
       0.09210		      -3.83390
      -0.00871		       0.97601
       2.21520		       1.10896
       1.14354		      -1.45117
       0.90457		       1.90229
       1.57019		      -1.21115
      -0.11321		      -0.33956
      -1.24833		       0.62726
       1.20219		       3.06724
      -0.52261		       1.07522
       0.88840		       0.89722
       0.87301		       0.17857
       2.42066		      -0.26693
      -0.18018		       1.42045
      -1.27756		      -0.69187
      -1.17458		       1.35435
      -1.22798		      -2.59446
       1.64848		       0.46682
       0.16830		      -4.44713
       0.86290		       3.47140
      -1.29286		       0.51407
       0.08071		       1.91802
       1.40222		      -0.62386
      -1.79659		       0.15728
       1.70682		      -1.01624
       1.24217		       1.18911
      -0.31682		       0.22139
      -0.31213		       0.22059
      -0.30747		       0.21978
      -0.30285		       0.21895
      -0.29826		       0.21811
      -0.29372		       0.21724
      -0.28921		       0.21637
      -0.28473		       0.21548
      -0.28030		       0.21457
      -0.27590		       0.21365
      -0.27154		       0.21272
      -0.26721		       0.21177
      -0.26292		       0.21081
      -0.25867		       0.20983
      -0.25445		       0.20884
      -0.25027		       0.20784
      -0.24613		       0.20682
      -0.24202		       0.20579
      -0.23794		       0.20475
      -0.23390		       0.20370
      -0.22990		       0.20263
      -0.22593		       0.20155
      -0.22200		       0.20047
      -0.21810		       0.19936
      -0.21423		       0.19825
      -0.21041		       0.19713
      -0.20661		       0.19600
      -0.20285		       0.19485
      -0.19912		       0.19370
      -0.19543		       0.19253
      -0.19177		       0.19136
      -0.18815		       0.19017
      -0.18456		       0.18898
      -0.18100		       0.18778
      -0.17747		       0.18656
      -0.17398		       0.18534
      -0.17052		       0.18411
      -0.16710		       0.18288
      -0.16370		       0.18163
      -0.16034		       0.18037
      -0.15702		       0.17911
      -0.15372		       0.17784
      -0.15046		       0.17656
      -0.14722		       0.17528
      -0.14402		       0.17399
      -0.14086		       0.17269
      -0.13772		       0.17138
      -0.13461		       0.17007
      -0.13154		       0.16875
      -0.12850		       0.16742
      -0.12549		       0.16609
      -0.12250		       0.16476
      -0.11955		       0.16341
      -0.11663		       0.16206
      -0.11374		       0.16071
      -0.11088		       0.15935
      -0.10806		       0.15799
      -0.10526		       0.15662
      -0.10249		       0.15525
      -0.09975		       0.15387
      -0.09704		       0.15249
      -0.09435		       0.15110
      -0.09170		       0.14971
      -0.08908		       0.14832
      -0.08648		       0.14692
      -0.08392		       0.14552
      -0.08138		       0.14411
      -0.07887		       0.14271
      -0.07639		       0.14129
      -0.07394		       0.13988
      -0.07152		       0.13846
      -0.06912		       0.13705
      -0.06675		       0.13563
      -0.06441		       0.13420
      -0.06210		       0.13278
      -0.05981		       0.13135
      -0.05755		       0.12992
      -0.05532		       0.12849
      -0.05311		       0.12706
      -0.05093		       0.12562
      -0.04878		       0.12419
      -0.04665		       0.12275
      -0.04455		       0.12131
      -0.04248		       0.11988
      -0.04043		       0.11844
      -0.03841		       0.11700
      -0.03641		       0.11556
      -0.03444		       0.11412
      -0.03249		       0.11268
      -0.03057		       0.11124
      -0.02867		       0.10980
      -0.02680		       0.10836
      -0.02496		       0.10692
      -0.02313		       0.10548
      -0.02134		       0.10404
      -0.01956		       0.10260
      -0.01781		       0.10117
      -0.01609		       0.09973
      -0.01438		       0.09830
      -0.01270		       0.09686
      -0.01105		       0.09543
      -0.00942		       0.09400
      -0.00781		       0.09257
      -0.00622		       0.09114
      -0.00466		       0.08972
      -0.00312		       0.08829
      -0.00160		       0.08687
      -0.00011		       0.08545
       0.00137		       0.08403
       0.00282		       0.08262
       0.00425		       0.08120
       0.00565		       0.07979
       0.00704		       0.07838
       0.00840		       0.07698
       0.00975		       0.07558
       0.01107		       0.07418
       0.01237		       0.07278
       0.01365		       0.07139
       0.01491		       0.06999
       0.01614		       0.06861
       0.01736		       0.06722
       0.01856		       0.06584
       0.01974		       0.06447
       0.02089		       0.06309
       0.02203		       0.06172
       0.02315		       0.06036
       0.02425		       0.05900
       0.02532		       0.05764
       0.02638		       0.05628
       0.02742		       0.05493
       0.02844		       0.05359
       0.02945		       0.05225
       0.03043		       0.05091
       0.03139		       0.04958
       0.03234		       0.04825
       0.03327		       0.04693
       0.03418		       0.04561
       0.03507		       0.04429
       0.03594		       0.04298
       0.03680		       0.04168
       0.03764		       0.04038
       0.03846		       0.03909
       0.03926		       0.03780
       0.04005		       0.03651
       0.04082		       0.03523
       0.04157		       0.03396
       0.04231		       0.03269
       0.04303		       0.03143
       0.04373		       0.03017
       0.04442		       0.02892
       0.04509		       0.02767
       0.04574		       0.02643
       0.04638		       0.02520
       0.04700		       0.02397
       0.04761		       0.02274
       0.04820		       0.02153
       0.04878		       0.02031
       0.04934		       0.01911
       0.04988		       0.01791
       0.05042		       0.01671
       0.05093		       0.01553
       0.05143		       0.01435
       0.05192		       0.01317
       0.05239		       0.01200
       0.05285		       0.01084
       0.05329		       0.00968
       0.05372		       0.00853
       0.05414		       0.00739
       0.05454		       0.00625
       0.05493		       0.00512
       0.05530		       0.00400
       0.05567		       0.00288
       0.05601		       0.00177
       0.05635		       0.00066
       0.05667		      -0.00043
       0.05698		      -0.00152
       0.05728		      -0.00261
       0.05756		      -0.00368
       0.05783		      -0.00475
       0.05809		      -0.00582
       0.05834		      -0.00687
       0.05857		      -0.00792
       0.05879		      -0.00897
       0.05900		      -0.01000
       0.05920		      -0.01103
       0.05939		      -0.01205
       0.05957		      -0.01307
       0.05973		      -0.01408
       0.05988		      -0.01508
       0.06003		      -0.01607
       0.06016		      -0.01705
       0.06028		      -0.01803
       0.06039		      -0.01901
       0.06049		      -0.01997
       0.06057		      -0.02093
       0.06065		      -0.02188
       0.06072		      -0.02282
       0.06078		      -0.02375
       0.06082		      -0.02468
       0.06086		      -0.02560
       0.06089		      -0.02652
       0.06091		      -0.02742
       0.06091		      -0.02832
       0.06091		      -0.02921
       0.06090		      -0.03010
       0.06088		      -0.03097
       0.06085		      -0.03184
       0.06081		      -0.03270
       0.06077		      -0.03356
       0.06071		      -0.03440
       0.06064		      -0.03524
       0.06057		      -0.03608
       0.06049		      -0.03690
       0.06040		      -0.03772
       0.06030		      -0.03853
       0.06019		      -0.03933
       0.06008		      -0.04012
       0.05995		      -0.04091
       0.05982		      -0.04169
       0.05968		      -0.04246
       0.05954		      -0.04322
       0.05938		      -0.04398
       0.05922		      -0.04473
       0.05905		      -0.04547
       0.05888		      -0.04620
       0.05870		      -0.04693
       0.05850		      -0.04765
       0.05831		      -0.04836
       0.05810		      -0.04907
       0.05789		      -0.04976
       0.05768		      -0.05045
       0.05745		      -0.05113
       0.05722		      -0.05181
       0.05699		      -0.05247
       0.05674		      -0.05313
       0.05649		      -0.05378
       0.05624		      -0.05443
       0.05598		      -0.05507
       0.05571		      -0.05569
       0.05544		      -0.05632
       0.05516		      -0.05693
       0.05488		      -0.05754
       0.05459		      -0.05814
       0.05429		      -0.05873
       0.05399		      -0.05931
       0.05369		      -0.05989
       0.05337		      -0.06046
       0.05306		      -0.06102
       0.05274		      -0.06158
       0.05241		      -0.06213
       0.05208		      -0.06267
       0.05175		      -0.06320
       0.05141		      -0.06373
       0.05106		      -0.06424
       0.05072		      -0.06476
       0.05036		      -0.06526
       0.05001		      -0.06576
       0.04964		      -0.06625
       0.04928		      -0.06673
       0.04891		      -0.06720
       0.04854		      -0.06767
       0.04816		      -0.06813
       0.04778		      -0.06859
       0.04739		      -0.06903
       0.04701		      -0.06947
       0.04661		      -0.06991
       0.04622		      -0.07033
       0.04582		      -0.07075
       0.04542		      -0.07116
       0.04501		      -0.07157
       0.04460		      -0.07196
       0.04419		      -0.07236
       0.04378		      -0.07274
       0.04336		      -0.07312
       0.04294		      -0.07349
       0.04252		      -0.07385
       0.04209		      -0.07421
       0.04166		      -0.07456
       0.04123		      -0.07490
       0.04080		      -0.07523
       0.04036		      -0.07556
       0.03993		      -0.07589
       0.03949		      -0.07620
       0.03904		      -0.07651
       0.03860		      -0.07681
       0.03815		      -0.07711
       0.03770		      -0.07740
       0.03725		      -0.07768
       0.03680		      -0.07796
       0.03634		      -0.07823
       0.03589		      -0.07849
       0.03543		      -0.07875
       0.03497		      -0.07900
       0.03451		      -0.07924
       0.03405		      -0.07948
       0.03358		      -0.07971
       0.03312		      -0.07994
       0.03265		      -0.08016
       0.03218		      -0.08037
       0.03171		      -0.08058
       0.03124		      -0.08078
       0.03077		      -0.08097
       0.03030		      -0.08116
       0.02983		      -0.08134
       0.02935		      -0.08152
       0.02888		      -0.08169
       0.02840		      -0.08185
       0.02793		      -0.08201
       0.02745		      -0.08216
       0.02697		      -0.08231
       0.02649		      -0.08245
       0.02602		      -0.08259
       0.02554		      -0.08272
       0.02506		      -0.08284
       0.02458		      -0.08296
       0.02410		      -0.08307
       0.02362		      -0.08317
       0.02314		      -0.08327
       0.02266		      -0.08337
       0.02218		      -0.08346
       0.02169		      -0.08354
       0.02121		      -0.08362
       0.02073		      -0.08369
       0.02025		      -0.08376
       0.01977		      -0.08382
       0.01929		      -0.08388
       0.01881		      -0.08393
       0.01833		      -0.08398
       0.01785		      -0.08402
       0.01737		      -0.08405
       0.01690		      -0.08408
       0.01642		      -0.08411
       0.01594		      -0.08413
       0.01546		      -0.08415
       0.01499		      -0.08416
       0.01451		      -0.08416
       0.01404		      -0.08416
       0.01356		      -0.08416
       0.01309		      -0.08415
       0.01261		      -0.08413
       0.01214		      -0.08411
       0.01167		      -0.08409
       0.01120		      -0.08406
       0.01073		      -0.08403
       0.01026		      -0.08399
       0.00980		      -0.08395
       0.00933		      -0.08390
       0.00887		      -0.08385
       0.00840		      -0.08379
       0.00794		      -0.08373
       0.00748		      -0.08366
       0.00702		      -0.08359
       0.00656		      -0.08352
       0.00610		      -0.08344
       0.00565		      -0.08336
       0.00519		      -0.08327
       0.00474		      -0.08318
       0.00429		      -0.08308
       0.00383		      -0.08298
       0.00339		      -0.08288
       0.00294		      -0.08277
       0.00249		      -0.08266
       0.00205		      -0.08254
       0.00161		      -0.08242
       0.00116		      -0.08230
       0.00072		      -0.08217
       0.00029		      -0.08204
      -0.00015		      -0.08190
      -0.00058		      -0.08176
      -0.00102		      -0.08162
      -0.00145		      -0.08147
      -0.00187		      -0.08132
      -0.00230		      -0.08117
      -0.00273		      -0.08101
      -0.00315		      -0.08085
      -0.00357		      -0.08068
      -0.00399		      -0.08051
      -0.00441		      -0.08034
      -0.00482		      -0.08016
      -0.00524		      -0.07998
      -0.00565		      -0.07980
      -0.00606		      -0.07962
      -0.00646		      -0.07943
      -0.00687		      -0.07923
      -0.00727		      -0.07904
      -0.00767		      -0.07884
      -0.00807		      -0.07864
      -0.00846		      -0.07843
      -0.00886		      -0.07822
      -0.00925		      -0.07801
      -0.00964		      -0.07780
      -0.01003		      -0.07758
      -0.01041		      -0.07736
      -0.01079		      -0.07714
      -0.01117		      -0.07691
      -0.01155		      -0.07668
      -0.01193		      -0.07645
      -0.01230		      -0.07622
      -0.01267		      -0.07598
      -0.01304		      -0.07574
      -0.01341		      -0.07550
      -0.01377		      -0.07525
      -0.01413		      -0.07501
      -0.01449		      -0.07476
      -0.01485		      -0.07450
      -0.01520		      -0.07425
      -0.01555		      -0.07399
      -0.01590		      -0.07373
      -0.01625		      -0.07347
      -0.01659		      -0.07320
      -0.01693		      -0.07294
      -0.01727		      -0.07267
      -0.01760		      -0.07240
      -0.01794		      -0.07212
      -0.01827		      -0.07185
      -0.01860		      -0.07157
      -0.01892		      -0.07129
      -0.01925		      -0.07101
      -0.01957		      -0.07072
      -0.01988		      -0.07043
      -0.02020		      -0.07015
      -0.02051		      -0.06986
      -0.02082		      -0.06956
      -0.02113		      -0.06927
      -0.02143		      -0.06897
      -0.02173		      -0.06868
      -0.02203		      -0.06838
      -0.02233		      -0.06807
      -0.02262		      -0.06777
      -0.02292		      -0.06747
      -0.02320		      -0.06716
      -0.02349		      -0.06685
      -0.02377		      -0.06654
      -0.02405		      -0.06623
      -0.02433		      -0.06592
      -0.02460		      -0.06560
      -0.02488		      -0.06529
      -0.02515		      -0.06497
      -0.02541		      -0.06465
      -0.02568		      -0.06433
      -0.02594		      -0.06401
      -0.02620		      -0.06369
      -0.02645		      -0.06336
      -0.02670		      -0.06304
      -0.02695		      -0.06271
      -0.02720		      -0.06239
      -0.02745		      -0.06206
      -0.02769		      -0.06173
      -0.02793		      -0.06140
      -0.02816		      -0.06106
      -0.02840		      -0.06073
      -0.02863		      -0.06040
      -0.02886		      -0.06006
      -0.02908		      -0.05972
      -0.02930		      -0.05939
      -0.02952		      -0.05905
      -0.02974		      -0.05871
      -0.02995		      -0.05837
      -0.03017		      -0.05803
      -0.03037		      -0.05769
      -0.03058		      -0.05735
      -0.03078		      -0.05700
      -0.03098		      -0.05666
      -0.03118		      -0.05631
      -0.03138		      -0.05597
      -0.03157		      -0.05562
      -0.03176		      -0.05528
      -0.03195		      -0.05493
      -0.03213		      -0.05458
      -0.03231		      -0.05424
      -0.03249		      -0.05389
      -0.03267		      -0.05354
      -0.03284		      -0.05319
      -0.03301		      -0.05284
      -0.03318		      -0.05249
      -0.03334		      -0.05214
      -0.03351		      -0.05179
      -0.03367		      -0.05144
      -0.03382		      -0.05108
      -0.03398		      -0.05073
      -0.03413		      -0.05038
      -0.03428		      -0.05003
      -0.03443		      -0.04967
      -0.03457		      -0.04932
      -0.03471		      -0.04897
      -0.03485		      -0.04861
      -0.03499		      -0.04826
      -0.03512		      -0.04791
      -0.03525		      -0.04755
      -0.03538		      -0.04720
      -0.03550		      -0.04685
      -0.03563		      -0.04649
      -0.03575		      -0.04614
      -0.03587		      -0.04579
      -0.03598		      -0.04543
      -0.03609		      -0.04508
      -0.03620		      -0.04473
      -0.03631		      -0.04437
      -0.03642		      -0.04402
      -0.03652		      -0.04367
      -0.03662		      -0.04331
      -0.03672		      -0.04296
      -0.03681		      -0.04261
      -0.03690		      -0.04226
      -0.03699		      -0.04191
      -0.03708		      -0.04155
      -0.03717		      -0.04120
      -0.03725		      -0.04085
      -0.03733		      -0.04050
      -0.03741		      -0.04015
      -0.03748		      -0.03980
      -0.03756		      -0.03945
      -0.03763		      -0.03910
      -0.03770		      -0.03875
      -0.03776		      -0.03841
      -0.03782		      -0.03806
      -0.03789		      -0.03771
      -0.03794		      -0.03737
      -0.03800		      -0.03702
      -0.03805		      -0.03667
      -0.03811		      -0.03633
      -0.03816		      -0.03598
      -0.03820		      -0.03564
      -0.03825		      -0.03530
      -0.03829		      -0.03495
      -0.03833		      -0.03461
      -0.03837		      -0.03427
      -0.03841		      -0.03393
      -0.03844		      -0.03359
      -0.03847		      -0.03325
      -0.03850		      -0.03291
      -0.03853		      -0.03258
      -0.03855		      -0.03224
      -0.03858		      -0.03190
      -0.03860		      -0.03157
      -0.03861		      -0.03123
      -0.03863		      -0.03090
      -0.03864		      -0.03057
      -0.03866		      -0.03023
      -0.03867		      -0.02990
      -0.03868		      -0.02957
      -0.03868		      -0.02924
      -0.03868		      -0.02891
      -0.03869		      -0.02859
      -0.03869		      -0.02826
      -0.03868		      -0.02793
      -0.03868		      -0.02761
      -0.03867		      -0.02728
      -0.03867		      -0.02696
      -0.03866		      -0.02664
      -0.03864		      -0.02632
      -0.03863		      -0.02600
      -0.03861		      -0.02568
      -0.03860		      -0.02536
      -0.03858		      -0.02505
      -0.03855		      -0.02473
      -0.03853		      -0.02442
      -0.03851		      -0.02410
      -0.03848		      -0.02379
      -0.03845		      -0.02348
      -0.03842		      -0.02317
      -0.03839		      -0.02286
      -0.03835		      -0.02255
      -0.03832		      -0.02224
      -0.03828		      -0.02194
      -0.03824		      -0.02163
      -0.03820		      -0.02133
      -0.03815		      -0.02103
      -0.03811		      -0.02073
      -0.03806		      -0.02043
      -0.03801		      -0.02013
      -0.03796		      -0.01983
      -0.03791		      -0.01954
      -0.03786		      -0.01924
      -0.03780		      -0.01895
      -0.03775		      -0.01865
      -0.03769		      -0.01836
      -0.03763		      -0.01807
      -0.03757		      -0.01778
      -0.03751		      -0.01750
      -0.03744		      -0.01721
      -0.03738		      -0.01693
      -0.03731		      -0.01664
      -0.03724		      -0.01636
      -0.03717		      -0.01608
      -0.03710		      -0.01580
      -0.03703		      -0.01552
      -0.03695		      -0.01525
      -0.03688		      -0.01497
      -0.03680		      -0.01470
      -0.03672		      -0.01443
      -0.03664		      -0.01415
      -0.03656		      -0.01388
      -0.03647		      -0.01362
      -0.03639		      -0.01335
      -0.03630		      -0.01308
      -0.03622		      -0.01282
      -0.03613		      -0.01256
      -0.03604		      -0.01230
      -0.03595		      -0.01204
      -0.03586		      -0.01178
      -0.03576		      -0.01152
      -0.03567		      -0.01126
      -0.03557		      -0.01101
      -0.03548		      -0.01076
      -0.03538		      -0.01051
      -0.03528		      -0.01026
      -0.03518		      -0.01001
      -0.03508		      -0.00976
      -0.03497		      -0.00952
      -0.03487		      -0.00927
      -0.03477		      -0.00903
      -0.03466		      -0.00879
      -0.03455		      -0.00855
      -0.03444		      -0.00831
      -0.03433		      -0.00807
      -0.03422		      -0.00784
      -0.03411		      -0.00760
      -0.03400		      -0.00737
      -0.03389		      -0.00714
      -0.03377		      -0.00691
      -0.03366		      -0.00668
      -0.03354		      -0.00646
      -0.03342		      -0.00623
      -0.03331		      -0.00601
      -0.03319		      -0.00579
      -0.03307		      -0.00557
      -0.03295		      -0.00535
      -0.03282		      -0.00513
      -0.03270		      -0.00492
      -0.03258		      -0.00470
      -0.03245		      -0.00449
      -0.03233		      -0.00428
      -0.03220		      -0.00407
      -0.03208		      -0.00386
      -0.03195		      -0.00366
      -0.03182		      -0.00345
      -0.03169		      -0.00325
      -0.03156		      -0.00305
      -0.03143		      -0.00285
      -0.03130		      -0.00265
      -0.03117		      -0.00245
      -0.03104		      -0.00225
      -0.03090		      -0.00206
      -0.03077		      -0.00187
      -0.03063		      -0.00168
      -0.03050		      -0.00149
      -0.03036		      -0.00130
      -0.03023		      -0.00111
      -0.03009		      -0.00093
      -0.02995		      -0.00074
      -0.02981		      -0.00056
      -0.02967		      -0.00038
      -0.02953		      -0.00020
      -0.02939		      -0.00002
      -0.02925		       0.00015
      -0.02911		       0.00033
      -0.02897		       0.00050
      -0.02883		       0.00067
      -0.02869		       0.00084
      -0.02854		       0.00101
      -0.02840		       0.00118
      -0.02826		       0.00134
      -0.02811		       0.00151
      -0.02797		       0.00167
      -0.02782		       0.00183
      -0.02767		       0.00199
      -0.02753		       0.00215
      -0.02738		       0.00230
      -0.02724		       0.00246
      -0.02709		       0.00261
      -0.02694		       0.00276
      -0.02679		       0.00291
      -0.02664		       0.00306
      -0.02650		       0.00321
      -0.02635		       0.00336
      -0.02620		       0.00350
      -0.02605		       0.00364
      -0.02590		       0.00379
      -0.02575		       0.00393
      -0.02560		       0.00406
      -0.02545		       0.00420
      -0.02530		       0.00434
      -0.02515		       0.00447
      -0.02499		       0.00460
      -0.02484		       0.00474
      -0.02469		       0.00487
      -0.02454		       0.00499
      -0.02439		       0.00512
      -0.02424		       0.00525
      -0.02408		       0.00537
      -0.02393		       0.00549
      -0.02378		       0.00562
      -0.02363		       0.00574
      -0.02347		       0.00585
      -0.02332		       0.00597
      -0.02317		       0.00609
      -0.02301		       0.00620
      -0.02286		       0.00631
      -0.02271		       0.00642
      -0.02255		       0.00654
      -0.02240		       0.00664
      -0.02225		       0.00675
      -0.02209		       0.00686
      -0.02194		       0.00696
      -0.02179		       0.00706
      -0.02163		       0.00717
      -0.02148		       0.00727
      -0.02133		       0.00737
      -0.02117		       0.00746
      -0.02102		       0.00756
      -0.02087		       0.00766
      -0.02072		       0.00775
      -0.02056		       0.00784
      -0.02041		       0.00793
      -0.02026		       0.00802
      -0.02010		       0.00811
      -0.01995		       0.00820
      -0.01980		       0.00828
      -0.01965		       0.00837
      -0.01949		       0.00845
      -0.01934		       0.00853
      -0.01919		       0.00862
      -0.01904		       0.00869
      -0.01888		       0.00877
      -0.01873		       0.00885
      -0.01858		       0.00893
      -0.01843		       0.00900
      -0.01828		       0.00907
      -0.01813		       0.00914
      -0.01798		       0.00922
      -0.01783		       0.00929
      -0.01768		       0.00935
      -0.01753		       0.00942
      -0.01738		       0.00949
      -0.01723		       0.00955
      -0.01708		       0.00961
      -0.01693		       0.00968
      -0.01678		       0.00974
      -0.01663		       0.00980
      -0.01648		       0.00986
      -0.01633		       0.00991
      -0.01619		       0.00997
      -0.01604		       0.01002
      -0.01589		       0.01008
      -0.01574		       0.01013
      -0.01560		       0.01018
      -0.01545		       0.01023
      -0.01530		       0.01028
      -0.01516		       0.01033
      -0.01501		       0.01038
      -0.01487		       0.01042
      -0.01472		       0.01047
      -0.01458		       0.01051
      -0.01444		       0.01056
      -0.01429		       0.01060
      -0.01415		       0.01064
      -0.01401		       0.01068
      -0.01386		       0.01072
      -0.01372		       0.01075
      -0.01358		       0.01079
      -0.01344		       0.01083
      -0.01330		       0.01086
      -0.01316		       0.01089
      -0.01302		       0.01093
      -0.01288		       0.01096
      -0.01274		       0.01099
      -0.01260		       0.01102
      -0.01246		       0.01104
      -0.01232		       0.01107
      -0.01218		       0.01110
      -0.01205		       0.01112
      -0.01191		       0.01115
      -0.01177		       0.01117
      -0.01164		       0.01119
      -0.01150		       0.01121
      -0.01137		       0.01123
      -0.01123		       0.01125
      -0.01110		       0.01127
      -0.01097		       0.01129
      -0.01083		       0.01131
      -0.01070		       0.01132
      -0.01057		       0.01134
      -0.01044		       0.01135
      -0.01031		       0.01136
      -0.01018		       0.01138
      -0.01005		       0.01139
      -0.00992		       0.01140
      -0.00979		       0.01141
      -0.00966		       0.01142
      -0.00953		       0.01142
      -0.00940		       0.01143
      -0.00928		       0.01144
      -0.00915		       0.01144
      -0.00903		       0.01145
      -0.00890		       0.01145
      -0.00878		       0.01145
      -0.00865		       0.01145
      -0.00853		       0.01146
      -0.00840		       0.01146
      -0.00828		       0.01146
      -0.00816		       0.01145
      -0.00804		       0.01145
      -0.00792		       0.01145
      -0.00780		       0.01145
      -0.00768		       0.01144
      -0.00756		       0.01144
      -0.00744		       0.01143
      -0.00732		       0.01143
      -0.00721		       0.01142
      -0.00709		       0.01141
      -0.00697		       0.01140
      -0.00686		       0.01139
      -0.00674		       0.01138
      -0.00663		       0.01137
      -0.00651		       0.01136
      -0.00640		       0.01135
      -0.00629		       0.01133
      -0.00618		       0.01132
      -0.00606		       0.01131
      -0.00595		       0.01129
      -0.00584		       0.01128
      -0.00573		       0.01126
      -0.00562		       0.01124
      -0.00552		       0.01123
      -0.00541		       0.01121
      -0.00530		       0.01119
      -0.00519		       0.01117
      -0.00509		       0.01115
      -0.00498		       0.01113
      -0.00488		       0.01111
      -0.00477		       0.01109
      -0.00467		       0.01107
      -0.00457		       0.01104
      -0.00447		       0.01102
      -0.00436		       0.01100
      -0.00426		       0.01097
      -0.00416		       0.01095
      -0.00406		       0.01092
      -0.00396		       0.01089
      -0.00387		       0.01087
      -0.00377		       0.01084
      -0.00367		       0.01081
      -0.00357		       0.01079
      -0.00348		       0.01076
      -0.00338		       0.01073
      -0.00329		       0.01070
      -0.00320		       0.01067
      -0.00310		       0.01064
      -0.00301		       0.01061
      -0.00292		       0.01057
      -0.00283		       0.01054
      -0.00273		       0.01051
      -0.00264		       0.01048
      -0.00255		       0.01044
      -0.00247		       0.01041
      -0.00238		       0.01038
      -0.00229		       0.01034
      -0.00220		       0.01031
      -0.00212		       0.01027
      -0.00203		       0.01023
      -0.00195		       0.01020
      -0.00186		       0.01016
      -0.00178		       0.01012
      -0.00169		       0.01009
      -0.00161		       0.01005
      -0.00153		       0.01001
      -0.00145		       0.00997
      -0.00137		       0.00993
      -0.00129		       0.00989
      -0.00121		       0.00985
      -0.00113		       0.00981
      -0.00105		       0.00977
      -0.00098		       0.00973
      -0.00090		       0.00969
      -0.00082		       0.00965
      -0.00075		       0.00961
      -0.00067		       0.00957
      -0.00060		       0.00953
      -0.00052		       0.00948
      -0.00045		       0.00944
      -0.00038		       0.00940
      -0.00031		       0.00935
      -0.00024		       0.00931
      -0.00017		       0.00927
      -0.00010		       0.00922
      -0.00003		       0.00918
       0.00004		       0.00913
       0.00011		       0.00909
       0.00018		       0.00904
       0.00024		       0.00900
       0.00031		       0.00895
       0.00038		       0.00890
       0.00044		       0.00886
       0.00050		       0.00881
       0.00057		       0.00877
       0.00063		       0.00872
       0.00069		       0.00867
       0.00076		       0.00862
       0.00082		       0.00858
       0.00088		       0.00853
       0.00094		       0.00848
       0.00100		       0.00843
       0.00105		       0.00839
       0.00111		       0.00834
       0.00117		       0.00829
       0.00123		       0.00824
       0.00128		       0.00819
       0.00134		       0.00814
       0.00139		       0.00809
       0.00145		       0.00804
       0.00150		       0.00799
       0.00156		       0.00794
       0.00161		       0.00789
       0.00166		       0.00784
       0.00171		       0.00779
       0.00176		       0.00774
       0.00181		       0.00769
       0.00186		       0.00764
       0.00191		       0.00759
       0.00196		       0.00754
       0.00201		       0.00749
       0.00206		       0.00744
       0.00210		       0.00739
       0.00215		       0.00734
       0.00220		       0.00729
       0.00224		       0.00724
       0.00228		       0.00719
       0.00233		       0.00714
       0.00237		       0.00708
       0.00242		       0.00703
       0.00246		       0.00698
       0.00250		       0.00693
       0.00254		       0.00688
       0.00258		       0.00683
       0.00262		       0.00678
       0.00266		       0.00672
       0.00270		       0.00667
       0.00274		       0.00662
       0.00278		       0.00657
       0.00281		       0.00652
       0.00285		       0.00647
       0.00289		       0.00641
       0.00292		       0.00636
       0.00296		       0.00631
       0.00299		       0.00626
       0.00303		       0.00621
       0.00306		       0.00615
       0.00309		       0.00610
       0.00313		       0.00605
       0.00316		       0.00600
       0.00319		       0.00595
       0.00322		       0.00590
       0.00325		       0.00584
       0.00328		       0.00579
       0.00331		       0.00574
       0.00334		       0.00569
       0.00337		       0.00564
       0.00340		       0.00559
       0.00342		       0.00554
       0.00345		       0.00548
       0.00348		       0.00543
       0.00350		       0.00538
       0.00353		       0.00533
       0.00356		       0.00528
       0.00358		       0.00523
       0.00360		       0.00518
       0.00363		       0.00513
       0.00365		       0.00507
       0.00367		       0.00502
       0.00370		       0.00497
       0.00372		       0.00492
       0.00374		       0.00487
       0.00376		       0.00482
       0.00378		       0.00477
       0.00380		       0.00472
       0.00382		       0.00467
       0.00384		       0.00462
       0.00386		       0.00457
       0.00388		       0.00452
       0.00389		       0.00447
       0.00391		       0.00442
       0.00393		       0.00437
       0.00394		       0.00432
       0.00396		       0.00427
       0.00398		       0.00422
       0.00399		       0.00417
       0.00401		       0.00412
       0.00402		       0.00408
       0.00403		       0.00403
       0.00405		       0.00398
       0.00406		       0.00393
       0.00407		       0.00388
       0.00409		       0.00383
       0.00410		       0.00378
       0.00411		       0.00374
       0.00412		       0.00369
       0.00413		       0.00364
       0.00414		       0.00359
       0.00415		       0.00355
       0.00416		       0.00350
       0.00417		       0.00345
       0.00418		       0.00340
       0.00419		       0.00336
       0.00419		       0.00331
       0.00420		       0.00326
       0.00421		       0.00322
       0.00422		       0.00317
       0.00422		       0.00313
       0.00423		       0.00308
       0.00424		       0.00303
       0.00424		       0.00299
       0.00425		       0.00294
       0.00425		       0.00290
       0.00425		       0.00285
       0.00426		       0.00281
       0.00426		       0.00276
       0.00427		       0.00272
       0.00427		       0.00267
       0.00427		       0.00263
       0.00427		       0.00259
       0.00428		       0.00254
       0.00428		       0.00250
       0.00428		       0.00246
