      53.12161		      -4.41340
      46.31195		     -20.36086
      28.32321		     -32.07695
       3.70627		     -37.43279
     -21.29794		     -35.48724
     -40.44641		     -26.63563
     -49.16261		     -12.56240
     -45.71290		       4.01245
     -31.56848		      19.78753
     -10.87459		      31.49435
      10.78991		      36.58087
      27.98141		      33.82511
      36.82950		      23.71680
      35.94685		       8.46906
      26.58979		      -8.40198
      12.08014		     -22.87632
      -3.28864		     -31.43359
     -15.50646		     -31.99967
     -21.89272		     -24.55961
     -21.65937		     -11.23049
     -15.88500		       4.26769
      -6.97642		      17.62556
       2.16608		      25.16792
       9.00519		      24.92947
      12.00138		      17.25090
      10.88181		       4.69528
       6.52719		      -8.71173
       0.57167		     -18.70361
      -5.12557		     -22.08962
      -8.97489		     -17.75950
     -10.00022		      -7.05586
      -7.98482		       6.61374
      -3.43485		      18.81704
       2.58566		      25.47412
       8.68819		      24.14591
      13.41784		      14.83126
      15.51299		       0.01991
      14.15368		     -16.02095
       9.17687		     -28.51141
       1.21660		     -33.58917
      -8.29010		     -29.47130
     -17.28525		     -16.99823
     -23.47746		       0.59680
     -24.88793		      18.61374
     -20.43660		      32.22170
     -10.39969		      37.80584
       3.43175		      33.93663
      18.00367		      21.69938
      29.66060		       4.31974
      35.08348		     -13.77324
      32.25916		     -28.15370
      21.19089		     -35.52776
       4.10255		     -34.48678
     -14.98081		     -25.71835
     -31.21200		     -11.67281
     -40.21634		       4.17004
     -39.34093		      18.20200
     -28.48444		      27.51247
     -10.23746		      30.45323
      10.74239		      26.85315
      28.96873		      17.89447
      39.63556		       5.73746
      39.96253		      -6.98674
      29.98026		     -17.70074
      12.51986		     -24.33821
      -7.59475		     -25.68316
     -24.91614		     -21.56415
     -34.90272		     -12.88736
     -35.16244		      -1.49587
     -26.05577		      10.14718
     -10.49918		      19.42886
       6.95025		      24.14644
      21.43941		      23.04828
      29.18787		      16.21864
      28.48568		       5.17601
      20.05244		      -7.39122
       6.69060		     -18.23545
      -7.62467		     -24.38194
     -18.92257		     -23.96954
     -24.32763		     -16.85351
     -22.76380		      -4.76582
     -15.10650		       9.05866
      -3.78983		      20.72545
       7.97053		      26.77686
      17.08740		      25.22851
      21.38577		      16.22746
      20.06771		       2.10922
      13.77834		     -13.19682
       4.31030		     -25.26521
      -5.92792		     -30.46458
     -14.51733		     -27.05673
     -19.55849		     -15.76550
     -20.02624		       0.37178
     -15.91037		      16.84333
      -8.15430		      28.95425
       1.56596		      33.19053
      11.17100		      28.24965
      18.56660		      15.42947
      22.04422		      -1.74042
      20.64137		     -18.51338
      14.39906		     -30.28317
       4.44861		     -33.88280
      -7.12752		     -28.44840
     -17.67746		     -15.60873
     -24.55920		       1.03463
     -25.80344		      16.96265
     -20.69397		      28.00820
     -10.08899		      31.47079
       3.64813		      26.77172
      17.14368		      15.49430
      26.84453		       0.83775
      29.98099		     -13.32338
      25.39276		     -23.48809
      13.96164		     -27.39511
      -1.51011		     -24.49369
     -16.98196		     -15.93575
     -28.25427		      -4.14343
     -32.14895		       7.88874
     -27.44787		      17.35154
     -15.30039		      22.24808
       1.04135		      21.76262
      17.10358		      16.32687
      28.44507		       7.41598
      31.92300		      -2.84259
      26.59760		     -12.14534
      14.00567		     -18.47946
      -2.28113		     -20.50637
     -17.68474		     -17.81150
     -27.93267		     -10.98842
     -30.26802		      -1.54076
     -24.20620		       8.39589
     -11.62603		      16.48299
       3.81673		      20.69449
      17.76667		      19.81811
      26.41185		      13.82054
      27.53062		       3.96171
      21.05112		      -7.41152
       8.98599		     -17.38420
      -5.20955		     -23.20410
     -17.64555		     -23.04490
     -25.06997		     -16.58681
     -25.70612		      -5.22573
     -19.64209		       8.18835
      -8.69978		      20.05182
       4.14061		      26.97864
      15.57190		      26.77747
      22.80883		      19.14650
      24.23743		       5.86193
      19.72366		      -9.62565
      10.54312		     -23.09981
      -1.00926		     -30.74796
     -12.20388		     -30.25936
     -20.50439		     -21.52679
     -24.10259		      -6.73464
     -22.26396		      10.20773
     -15.43813		      24.73530
      -5.13499		      32.89681
       6.39703		      32.45952
      16.62915		      23.53108
      23.26922		       8.52121
      24.74890		      -8.54114
      20.58931		     -23.13300
      11.56184		     -31.47882
      -0.41204		     -31.55571
     -12.63107		     -23.58738
     -22.20147		      -9.90657
     -26.72437		       5.75128
     -24.92152		      19.30226
     -17.02953		      27.40934
      -4.83284		      28.31753
       8.70947		      22.21825
      20.17823		      11.07628
      26.58035		      -1.99593
      26.17149		     -13.61555
      18.97858		     -21.00739
       6.85477		     -22.65445
      -6.97473		     -18.57521
     -18.77075		     -10.19365
     -25.31226		       0.12421
     -24.81056		       9.71906
     -17.43630		      16.29692
      -5.29534		      18.44216
       8.15262		      15.88384
      19.07383		       9.48212
      24.35861		       0.96587
      22.51849		      -7.50134
      14.11831		     -13.82554
       1.61469		     -16.45310
     -11.35332		     -14.71727
     -21.01455		      -8.99481
     -24.55058		      -0.63953
     -20.90073		       8.30223
     -11.05752		      15.54707
       2.22633		      19.11455
      15.22665		      17.83577
      24.29970		      11.70599
      26.89454		       1.97722
      22.24365		      -9.06207
      11.54844		     -18.59780
      -2.37566		     -23.98819
     -15.87934		     -23.48049
     -25.45835		     -16.75277
     -28.66213		      -5.11425
     -24.69623		       8.72284
     -14.57736		      21.27342
      -0.82487		      29.16804
      13.20734		      30.06987
      24.17184		      23.36522
      29.52643		      10.42007
      28.10266		      -5.69341
      20.32663		     -20.94997
       8.06445		     -31.41466
      -5.84830		     -34.29637
     -18.26999		     -28.71941
     -26.45520		     -15.99204
     -28.64553		       0.71158
     -24.43133		      17.17636
     -14.81826		      29.25494
      -1.99228		      33.95702
      11.16468		      30.22201
      21.70846		      19.16746
      27.28481		       3.75385
      26.66134		     -12.03206
      20.01951		     -24.24292
       8.93236		     -29.99158
      -3.98112		     -28.15533
     -15.65903		     -19.58802
     -23.32546		      -6.80548
     -25.17275		       6.74685
     -20.82442		      17.62913
     -11.45081		      23.28781
       0.50820		      22.65500
      11.95715		      16.32806
      19.94588		       6.31055
      22.44899		      -4.58911
      18.91198		     -13.52379
      10.40780		     -18.33226
      -0.64935		     -18.04292
     -11.16345		     -13.04620
     -18.21253		      -4.91633
     -19.86373		       4.04994
     -15.71691		      11.44701
      -7.01936		      15.36921
       3.68555		      14.86943
      13.27960		      10.16627
      18.95774		       2.56145
      19.03028		      -5.90347
      13.40997		     -12.96469
       3.64452		     -16.70448
      -7.51534		     -16.03678
     -16.88925		     -10.99516
     -21.76303		      -2.75104
     -20.65410		       6.64903
     -13.73271		      14.77349
      -2.78388		      19.41243
       9.27603		      19.15597
      19.19081		      13.79742
      24.24479		       4.44901
      22.99258		      -6.67674
      15.64451		     -16.78356
       4.01085		     -23.18933
      -8.97292		     -24.03299
     -20.00779		     -18.80429
     -26.27742		      -8.54567
     -26.16050		       4.34541
     -19.63193		      16.68191
      -8.25927		      25.28709
       5.19534		      27.82569
      17.46113		      23.44502
      25.55922		      13.04721
      27.52199		      -0.89282
      22.86092		     -14.92896
      12.67597		     -25.51567
      -0.61380		     -29.92388
     -13.85013		     -26.95881
     -23.88705		     -17.28651
     -28.33708		      -3.27901
     -26.13749		      11.58455
     -17.80430		      23.60478
      -5.31340		      29.80478
       8.36529		      28.68305
      19.97312		      20.58238
      26.74230		       7.58386
      27.06380		      -7.04012
      20.88122		     -19.66603
       9.71101		     -27.23229
      -3.72132		     -27.99149
     -16.14499		     -21.91537
     -24.54737		     -10.65974
     -26.91845		       2.88950
     -22.74871		      15.36326
     -13.15225		      23.75414
      -0.58060		      26.14656
      11.80208		      22.15536
      20.92396		      12.97378
      24.58343		       1.03155
      21.99891		     -10.64098
      13.98862		     -19.17806
       2.73517		     -22.58146
      -8.80037		     -20.19058
     -17.65842		     -12.80978
     -21.64792		      -2.46933
     -19.89923		       8.11363
     -13.06052		      16.23528
      -3.09210		      19.88969
       7.27992		      18.26659
      15.29974		      11.93881
      18.90977		       2.69396
      17.27832		      -6.94526
      10.99229		     -14.38840
       1.87109		     -17.66000
      -7.54125		     -15.92008
     -14.66585		      -9.68554
     -17.57603		      -0.69209
     -15.50214		       8.56961
      -9.02505		      15.52308
       0.08731		      18.20397
       9.35355		      15.79983
      16.23680		       8.88464
      18.81585		      -0.71893
      16.29643		     -10.41696
       9.23178		     -17.53695
      -0.60484		     -20.05106
     -10.66453		     -17.13537
     -18.27352		      -9.41261
     -21.32665		       1.18997
     -18.84753		      11.93296
     -11.27066		      19.97871
      -0.36776		      23.13825
      11.17069		      20.45401
      20.40075		      12.46461
      24.87359		       1.08202
      23.27848		     -10.88645
      15.81235		     -20.44698
       4.17328		     -25.17610
      -8.83143		     -23.83256
     -19.97262		     -16.67075
     -26.41297		      -5.37983
     -26.43999		       7.33230
     -19.92634		      18.40322
      -8.39179		      25.16256
       5.35782		      25.97778
      17.92856		      20.64440
      26.19695		      10.42978
      28.10721		      -2.23606
      23.19872		     -14.34537
      12.72398		     -23.03213
      -0.67525		     -26.25485
     -13.64885		     -23.28139
     -22.99749		     -14.86128
     -26.48414		      -3.04475
     -23.38678		       9.31017
     -14.65182		      19.22644
      -2.61512		      24.32940
       9.62731		      23.42669
      19.02703		      16.80367
      23.35458		       6.15724
      21.73625		      -5.82164
      14.82564		     -16.11918
       4.57940		     -22.15924
      -6.28933		     -22.46143
     -15.02669		     -17.02552
     -19.53338		      -7.33697
     -18.86439		       4.01555
     -13.41678		      14.01744
      -4.77354		      20.02571
       4.74069		      20.47556
      12.66848		      15.30380
      17.03595		       5.96995
      16.82628		      -4.93677
      12.20245		     -14.40206
       4.43586		     -19.81249
      -4.43169		     -19.67574
     -12.10456		     -14.03447
     -16.60245		      -4.45693
     -16.74789		       6.39546
     -12.45857		      15.50423
      -4.77614		      20.32911
       4.37696		      19.50965
      12.65954		      13.23849
      17.88755		       3.20444
      18.58893		      -7.87564
      14.40158		     -17.00247
       6.20952		     -21.70924
      -4.02973		     -20.72134
     -13.73990		     -14.28470
     -20.36289		      -4.08105
     -22.02480		       7.23654
     -18.05920		      16.75332
      -9.24152		      22.05223
       2.34473		      21.82249
      13.79608		      16.16567
      22.12056		       6.53349
      25.02813		      -4.67009
      21.56880		     -14.70673
      12.43700		     -21.17814
      -0.15598		     -22.59040
     -13.02450		     -18.67954
     -22.83251		     -10.43525
     -26.98175		       0.16580
     -24.32116		      10.64106
     -15.47782		      18.57935
      -2.71015		      22.18355
      10.68339		      20.66327
      21.24202		      14.39864
      26.26643		       4.84628
      24.53399		      -5.78955
      16.60913		     -15.05077
       4.66649		     -20.78081
      -8.11834		     -21.62277
     -18.43565		     -17.34893
     -23.72288		      -8.94035
     -22.81855		       1.61428
     -16.21779		      11.76892
      -5.87417		      19.02588
       5.37952		      21.55762
      14.61730		      18.68898
      19.59043		      11.10737
      19.27621		       0.72915
      14.07175		      -9.76351
       5.60416		     -17.60994
      -3.76649		     -20.70817
     -11.59895		     -18.20189
     -15.99645		     -10.74680
     -16.04795		      -0.36698
     -11.98876		      10.07591
      -5.06519		      17.66515
       2.83718		      20.24902
       9.69048		      17.06429
      13.81844		       8.97748
      14.27424		      -1.73606
      11.02787		     -12.02260
       4.93783		     -18.91553
      -2.47137		     -20.38860
      -9.36881		     -15.94857
     -14.03557		      -6.79180
     -15.25723		       4.52491
     -12.61229		      14.80660
      -6.59574		      21.12759
       1.45548		      21.66204
       9.63280		      16.19904
      15.87867		       6.19691
      18.47925		      -5.63328
      16.51703		     -16.08960
      10.16701		     -22.36448
       0.74333		     -22.80242
      -9.54461		     -17.32280
     -18.09458		      -7.40275
     -22.56566		       4.35796
     -21.52108		      14.95319
     -14.88163		      21.76130
      -4.04526		      23.19661
       8.38960		      19.05938
      19.25198		      10.51490
      25.62624		      -0.26520
      25.65946		     -10.68194
      19.11750		     -18.34705
       7.51744		     -21.62150
      -6.22264		     -19.93883
     -18.53796		     -13.86210
     -26.17603		      -4.89075
     -27.09319		       4.91510
     -21.03184		      13.39723
      -9.60708		      18.75056
       4.12894		      19.88007
      16.52565		      16.60618
      24.33844		       9.68961
      25.61277		       0.67446
      20.19766		      -8.42520
       9.74748		     -15.54469
      -2.77939		     -19.01985
     -13.97118		     -17.97996
     -20.91229		     -12.59028
     -21.96007		      -4.07099
     -17.13668		       5.53808
      -8.04242		      13.83770
       2.66172		      18.66062
      12.03439		      18.65100
      17.66435		      13.67299
      18.28432		       4.91863
      14.03305		      -5.34299
       6.32037		     -14.33477
      -2.63570		     -19.52076
     -10.44656		     -19.33213
     -15.17932		     -13.65705
     -15.80897		      -3.93615
     -12.39830		       7.18699
      -5.99144		      16.58061
       1.71787		      21.51100
       8.83494		      20.44520
      13.71011		      13.52933
      15.28373		       2.58989
      13.27226		      -9.35603
       8.18107		     -18.94870
       1.16466		     -23.44810
      -6.22432		     -21.52842
     -12.34833		     -13.66860
     -15.81083		      -2.02170
     -15.74580		      10.19939
     -12.02279		      19.63861
      -5.32253		      23.74569
       2.95027		      21.48112
      10.92488		      13.57714
      16.66328		       2.28984
      18.62601		      -9.27188
      16.09649		     -18.03351
       9.44366		     -21.79678
       0.12691		     -19.79893
      -9.59438		     -12.84604
     -17.20229		      -3.00736
     -20.58699		       7.01584
     -18.65898		      14.64893
     -11.72235		      18.11135
      -1.47754		      16.81827
       9.37828		      11.43249
      17.86527		       3.58763
      21.55903		      -4.60911
      19.31076		     -11.13997
      11.62806		     -14.55434
       0.58575		     -14.25436
     -10.72760		     -10.54744
     -19.07985		      -4.48939
     -22.03296		       2.41351
     -18.66948		       8.55831
      -9.88586		      12.57776
       1.84375		      13.59714
      13.17081		      11.38632
      20.83886		       6.39681
      22.62788		      -0.31575
      17.99697		      -7.27680
       8.23616		     -12.86951
      -3.91386		     -15.67033
     -15.05676		     -14.78848
     -22.11161		     -10.13472
     -23.17423		      -2.53907
     -18.02291		       6.34419
      -8.13446		      14.36060
       3.77560		      19.36073
      14.53777		      19.77432
      21.40112		      15.09897
      22.74512		       6.14938
      18.44386		      -5.03757
       9.80765		     -15.65525
      -0.84885		     -22.84310
     -10.86334		     -24.48075
     -17.91220		     -19.83283
     -20.54446		      -9.84173
     -18.44493		       3.04344
     -12.39513		      15.48101
      -3.98398		      24.13764
       4.82539		      26.62433
      12.15055		      22.19340
      16.56419		      11.98313
      17.32709		      -1.27414
      14.46381		     -14.00610
       8.69854		     -22.80236
       1.28533		     -25.37223
      -6.23165		     -21.17811
     -12.29630		     -11.55971
     -15.62705		       0.68244
     -15.47595		      12.11448
     -11.81455		      19.65776
      -5.39626		      21.44527
       2.34574		      17.29988
       9.57561		       8.70809
      14.47111		      -1.68252
      15.69194		     -10.87418
      12.77792		     -16.38654
       6.35121		     -16.92573
      -1.96466		     -12.67298
      -9.92204		      -5.13425
     -15.24472		       3.37480
     -16.28562		      10.43278
     -12.55246		      14.18939
      -4.92872		      13.82573
       4.50344		       9.68959
      13.01464		       3.10142
      18.01076		      -4.07925
      17.82029		      -9.98139
      12.24409		     -13.19185
       2.68562		     -13.05348
      -8.19954		      -9.74318
     -17.24836		      -4.14730
     -21.71702		       2.40051
     -20.11277		       8.43610
     -12.67491		      12.66258
      -1.34978		      14.18117
      10.74308		      12.63480
      20.20134		       8.26247
      24.32364		       1.86788
      21.89397		      -5.29643
      13.53343		     -11.72878
       1.51748		     -15.95238
     -10.88214		     -16.83227
     -20.33084		     -13.87666
     -24.36235		      -7.44294
     -22.03822		       1.23073
     -14.15505		      10.21793
      -2.95855		      17.31290
       8.53086		      20.57862
      17.36941		      18.89715
      21.46815		      12.36005
      20.08632		       2.36082
      13.92522		      -8.67512
       4.83127		     -17.88306
      -4.77415		     -22.72941
     -12.55648		     -21.74561
     -16.83507		     -15.00334
     -16.91927		      -4.17069
     -13.15850		       7.89345
      -6.73675		      17.91042
       0.69670		      23.10525
       7.44362		      22.01265
      12.11682		      14.92130
      13.87873		       3.81426
      12.53850		      -8.18719
       8.52327		     -17.71788
       2.75625		     -22.13830
      -3.52545		     -20.29099
      -8.98896		     -12.81926
     -12.44163		      -1.95601
     -13.06311		       9.14886
     -10.60052		      17.35603
      -5.48013		      20.43962
       1.21226		      17.69918
       7.91274		      10.10920
      12.91347		      -0.02216
      14.79020		      -9.76559
      12.81780		     -16.42974
       7.24901		     -18.30932
      -0.65019		     -15.11129
      -8.85564		      -7.95522
     -15.09244		       1.02406
     -17.47061		       9.32965
     -15.06851		      14.80627
      -8.27919		      16.19250
       1.20887		      13.38184
      10.82167		       7.35027
      17.80444		      -0.19309
      20.02538		      -7.30580
      16.63816		     -12.31131
       8.39257		     -14.16993
      -2.51947		     -12.64871
     -13.05591		      -8.28374
     -20.19182		      -2.18123
     -21.80775		       4.26751
     -17.33129		       9.68299
      -7.93280		      12.95139
       3.79121		      13.40687
      14.55830		      10.93391
      21.34581		       5.98920
      22.26102		      -0.45833
      17.07792		      -7.07377
       7.28508		     -12.38725
      -4.36276		     -15.09026
     -14.64845		     -14.35026
     -20.80824		     -10.07053
     -21.29043		      -3.01228
     -16.14334		       5.28656
      -6.93662		      12.81540
       3.73917		      17.57100
      13.02950		      18.10211
      18.60010		      13.96665
      19.22664		       5.95293
      15.04068		      -4.03080
       7.39245		     -13.40228
      -1.59697		     -19.58642
      -9.64227		     -20.74824
     -14.88011		     -16.36115
     -16.28357		      -7.42818
     -13.82003		       3.73277
      -8.34905		      14.09947
      -1.32501		      20.78819
       5.59211		      21.88625
      10.91278		      17.02495
      13.60232		       7.51411
      13.23541		      -4.01209
      10.02007		     -14.34118
       4.71408		     -20.60331
      -1.53556		     -21.09468
      -7.40283		     -15.75946
     -11.62029		      -6.18871
     -13.22069		       4.85913
     -11.75028		      14.26849
      -7.41059		      19.46323
      -1.08132		      19.12471
       5.81047		      13.52649
      11.57730		       4.40059
      14.67048		      -5.60757
      14.10173		     -13.72029
       9.76991		     -17.80811
       2.58168		     -16.94587
      -5.70029		     -11.59941
     -12.87292		      -3.41394
     -16.87957		       5.30744
     -16.41029		      12.26539
     -11.33537		      15.77107
      -2.82587		      15.13696
       6.90139		      10.76805
      15.16506		       3.96183
      19.57284		      -3.49576
      18.72996		      -9.80836
      12.68657		     -13.59099
       2.97693		     -14.14146
      -7.77760		     -11.52228
     -16.59761		      -6.46767
     -20.99794		      -0.16758
     -19.71124		       6.00567
     -13.06518		      10.76938
      -2.89694		      13.15961
       7.97219		      12.69403
      16.54723		       9.45605
      20.51429		       4.09150
      18.88775		      -2.28920
      12.26262		      -8.30369
       2.60630		     -12.56941
      -7.33826		     -14.01387
     -14.85209		     -12.15831
     -18.00335		      -7.29643
     -16.15425		      -0.49947
     -10.07701		       6.58550
      -1.66512		      12.12044
       6.65529		      14.56033
      12.62804		      13.10708
      14.77680		       7.99466
      12.75705		       0.50071
       7.37119		      -7.34716
       0.27014		     -13.31053
      -6.54933		     -15.58231
     -11.29608		     -13.34469
     -12.83280		      -7.06680
     -10.91408		       1.56594
      -6.17696		      10.09165
       0.08387		      15.96775
       6.27439		      17.32392
      10.89132		      13.54664
      12.85231		       5.51154
      11.70507		      -4.61953
       7.69103		     -13.98961
       1.67124		     -19.85992
      -5.05734		     -20.40851
     -11.01758		     -15.27739
     -14.83989		      -5.70394
     -15.54081		       5.80564
     -12.74865		      16.16748
      -6.83161		      22.57569
       1.11151		      23.27617
       9.42053		      18.03965
      16.19444		       8.20623
      19.71379		      -3.70023
      18.87654		     -14.66723
      13.53615		     -21.99522
       4.63651		     -23.98251
      -5.92183		     -20.31485
     -15.68239		     -12.07344
     -22.22105		      -1.38528
     -23.77796		       9.16562
     -19.76026		      17.19428
     -10.96400		      21.06477
       0.56822		      20.20756
      12.03647		      15.15174
      20.60066		       7.29883
      24.13316		      -1.47512
      21.79538		      -9.27386
      14.27023		     -14.58209
       3.57754		     -16.53543
      -7.48031		     -15.02443
     -16.08693		     -10.63877
     -20.17527		      -4.48686
     -18.96793		       2.05997
     -13.14263		       7.64774
      -4.58294		      11.19880
       4.20367		      12.11106
      10.82201		      10.36640
      13.66057		       6.52678
      12.30490		       1.61101
       7.58258		      -3.13400
       1.24308		      -6.52787
      -4.61634		      -7.75422
      -8.19650		      -6.58538
      -8.51906		      -3.46569
      -5.67746		       0.58587
      -0.75540		       4.24549
       4.54575		       6.26540
       8.44598		       5.86268
       9.62508		       2.99784
       7.60408		      -1.55373
       2.86801		      -6.37932
      -3.29124		      -9.82326
      -9.15225		     -10.49365
     -13.04538		      -7.73237
     -13.80184		      -1.89760
     -11.05413		       5.64505
      -5.32020		      12.84380
       2.13513		      17.51906
       9.61257		      18.00545
      15.37916		      13.68817
      18.06129		       5.26559
      16.94557		      -5.35586
      12.13148		     -15.52286
       4.51389		     -22.53390
      -4.39395		     -24.38273
     -12.75952		     -20.33500
     -18.79736		     -11.16998
     -21.13695		       0.98740
     -19.12423		      13.20237
     -12.99541		      22.48839
      -3.87815		      26.57955
       6.39655		      24.50770
      15.65083		      16.83204
      21.82340		       5.46789
      23.44452		      -6.82814
      20.01053		     -17.16904
      12.15683		     -23.25075
       1.56702		     -23.88437
      -9.38164		     -19.22157
     -18.16654		     -10.63642
     -22.73339		      -0.31752
     -22.01843		       9.30557
     -16.23639		      16.14730
      -6.84628		      18.91963
       3.80810		      17.35843
      13.09651		      12.19197
      18.78272		       4.88608
      19.60316		      -2.75216
      15.58371		      -9.00762
       8.00622		     -12.62798
      -0.96603		     -13.05877
      -8.89763		     -10.50661
     -13.75228		      -5.83379
     -14.43659		      -0.32011
     -11.06534		       4.65002
      -4.87915		       7.90736
       2.15325		       8.75855
       7.92590		       7.13446
      10.80480		       3.59440
      10.07990		      -0.81715
       6.13521		      -4.83323
       0.29749		      -7.28981
      -5.58180		      -7.43738
      -9.68199		      -5.15903
     -10.74218		      -1.03148
      -8.41385		       3.79924
      -3.34336		       7.90802
       3.02896		       9.97959
       8.88662		       9.19489
      12.54783		       5.50463
      12.92620		      -0.29710
       9.81853		      -6.73620
       3.95011		     -12.02977
      -3.22454		     -14.57301
      -9.90374		     -13.40923
     -14.39858		      -8.54625
     -15.55256		      -1.01831
     -13.01998		       7.33897
      -7.34189		      14.35181
       0.18986		      18.08948
       7.84096		      17.40414
      13.83917		      12.27552
      16.78147		       3.85721
      15.95382		      -5.79696
      11.49510		     -14.25814
       4.37119		     -19.35907
      -3.83487		     -19.76908
     -11.27255		     -15.35003
     -16.23895		      -7.19636
     -17.56956		       2.65106
     -14.91677		      11.73809
      -8.84883		      17.83237
      -0.73940		      19.49030
       7.53592		      16.40796
      14.03290		       9.46978
      17.20346		       0.49115
      16.27979		      -8.26761
      11.47879		     -14.68254
       3.96798		     -17.28981
      -4.40861		     -15.62167
     -11.58312		     -10.27855
     -15.78444		      -2.73250
     -15.99282		       5.07529
     -12.20739		      11.23247
      -5.45110		      14.32147
       2.49351		      13.74161
       9.55176		       9.81688
      13.90446		       3.67491
      14.46885		      -3.06260
      11.18203		      -8.69493
       5.00912		     -11.85993
      -2.32657		     -11.85495
      -8.81715		      -8.78885
     -12.71740		      -3.53403
     -13.01543		       2.50540
      -9.69838		       7.75098
      -3.74244		      10.84625
       3.16688		      10.99636
       9.10432		       8.16881
      12.43337		       3.10491
      12.24885		      -2.86327
       8.61484		      -8.14861
       2.53705		     -11.31636
      -4.31828		     -11.46169
     -10.07876		      -8.45992
     -13.16926		      -3.02062
     -12.72965		       3.47509
      -8.83858		       9.31919
      -2.48822		      12.91895
       4.67884		      13.22346
      10.79815		      10.02058
      14.26479		       4.02089
      14.14415		      -3.30076
      10.40945		     -10.07167
       3.94904		     -14.50381
      -3.65552		     -15.36711
     -10.52271		     -12.32690
     -14.93745		      -6.05271
     -15.77562		       1.93509
     -12.78329		       9.64459
      -6.64338		      15.12058
       1.18629		      16.94908
       8.82442		      14.62583
      14.42237		       8.69148
      16.61478		       0.59788
      14.85522		      -7.65958
       9.55395		     -14.04751
       1.98265		     -17.00695
      -6.03297		     -15.84107
     -12.55871		     -10.88074
     -16.02700		      -3.38897
     -15.62351		       4.76737
     -11.48804		      11.59147
      -4.67757		      15.45408
       3.10068		      15.48956
       9.92001		      11.79359
      14.11977		       5.37777
      14.72160		      -2.10218
      11.66946		      -8.77199
       5.83178		     -13.00944
      -1.23414		     -13.84230
      -7.69321		     -11.17623
     -11.91064		      -5.79938
     -12.87178		       0.83413
     -10.43416		       6.98462
      -5.34754		      11.07417
       0.96033		      12.08794
       6.77261		       9.82856
      10.54194		       4.95961
      11.29664		      -1.17276
       8.88863		      -6.89487
       4.02018		     -10.64660
      -1.95375		     -11.39506
      -7.39219		      -8.91265
     -10.80543		      -3.84526
     -11.24778		       2.45032
      -8.56476		       8.26042
      -3.43260		      11.96940
       2.81746		      12.49608
       8.54302		       9.59525
      12.21365		       3.94105
      12.80576		      -3.03407
      10.07005		      -9.50607
       4.60506		     -13.73720
      -2.28175		     -14.53906
      -8.89132		     -11.59694
     -13.55163		      -5.56743
     -15.03536		       2.07909
     -12.87403		       9.43122
      -7.49025		      14.62724
      -0.11255		      16.33475
       7.51009		      14.09350
      13.52828		       8.43256
      16.44612		       0.73298
      15.49777		      -7.12562
      10.85124		     -13.24060
       3.58437		     -16.15998
      -4.56680		     -15.23384
     -11.62974		     -10.75764
     -15.88450		      -3.87713
     -16.29734		       3.71384
     -12.78672		      10.20072
      -6.24972		      14.09077
       1.66231		      14.56186
       8.96455		      11.63613
      13.84842		       6.14387
      15.14713		      -0.50508
      12.63325		      -6.67996
       7.06839		     -10.92715
      -0.00950		     -12.31203
      -6.70408		     -10.62609
     -11.27075		      -6.41474
     -12.58037		      -0.82456
     -10.41062		       4.69035
      -5.48681		       8.73095
       0.73613		      10.29847
       6.48760		       9.03991
      10.17429		       5.33467
      10.81508		       0.19955
       8.29908		      -4.96740
       3.39886		      -8.74474
      -2.45957		     -10.06011
      -7.60152		      -8.48330
     -10.56835		      -4.36129
     -10.51360		       1.24682
      -7.42513		       6.82745
      -2.11783		      10.80396
       3.99433		      11.96392
       9.27993		       9.80893
      12.32027		       4.72752
      12.27480		      -2.06543
       9.09040		      -8.81872
       3.50710		     -13.69650
      -3.13362		     -15.27497
      -9.22354		     -12.94933
     -13.27925		      -7.13433
     -14.29545		       0.80569
     -11.97906		       8.88836
      -6.81428		      15.02414
       0.05087		      17.57140
       7.06668		      15.78422
      12.63228		      10.02777
      15.45684		       1.69840
      14.85361		      -7.13338
      10.90284		     -14.26192
       4.44676		     -17.92138
      -3.08593		     -17.24114
      -9.99256		     -12.45976
     -14.68110		      -4.84358
     -16.04283		       3.66255
     -13.72612		      10.95231
      -8.24169		      15.30010
      -0.86491		      15.78387
       6.65229		      12.48205
      12.49898		       6.40366
      15.25365		      -0.81605
      14.25054		      -7.36163
       9.76447		     -11.70084
       2.95725		     -12.94535
      -4.41062		     -11.02439
     -10.43456		      -6.64213
     -13.56982		      -1.04720
     -13.04803		       4.31214
      -9.08900		       8.15297
      -2.84349		       9.65270
       3.92278		       8.61086
       9.31989		       5.45231
      11.86272		       1.08581
      10.88792		      -3.33780
       6.73848		      -6.70649
       0.66110		      -8.20380
      -5.55546		      -7.48912
     -10.09702		      -4.76716
     -11.64618		      -0.73576
      -9.75881		       3.57642
      -4.98629		       7.04935
       1.28988		       8.73947
       7.26056		       8.11836
      11.20956		       5.22573
      12.00071		       0.69390
       9.39251		      -4.37399
       4.09435		      -8.65586
      -2.44534		     -10.94115
      -8.45174		     -10.46131
     -12.31513		      -7.13149
     -13.02202		      -1.62885
     -10.40985		       4.73073
      -5.18399		      10.30236
       1.29555		      13.53855
       7.38813		      13.42194
      11.59930		       9.78196
      12.94668		       3.39607
      11.17654		      -4.16878
       6.78848		     -10.94628
       0.87826		     -15.09480
      -5.14808		     -15.41243
      -9.91091		     -11.69466
     -12.36408		      -4.82542
     -12.00853		       3.43501
      -8.97633		      10.91447
      -3.97934		      15.61969
       1.85700		      16.28754
       7.23664		      12.73878
      10.96486		       5.93133
      12.19938		      -2.30374
      10.63471		      -9.76874
       6.58270		     -14.50378
       0.92729		     -15.31734
      -5.04739		     -12.09447
      -9.93087		      -5.80080
     -12.51092		       1.81101
     -12.07779		       8.70078
      -8.63113		      13.09990
      -2.92627		      13.97217
       3.66985		      11.25433
       9.49451		       5.82169
      13.00850		      -0.79510
      13.21311		      -6.84923
       9.94886		     -10.84351
       3.98242		     -11.89654
      -3.15855		      -9.92102
      -9.57279		      -5.58473
     -13.49780		      -0.08567
     -13.80657		       5.18263
     -10.34443		       8.98002
      -4.00098		      10.49697
       3.51434		       9.50346
      10.13790		       6.35249
      14.03025		       1.85678
      14.10099		      -2.91842
      10.32582		      -6.89440
       3.75996		      -9.20154
      -3.75929		      -9.34830
     -10.13586		      -7.31310
     -13.61163		      -3.54756
     -13.26232		       1.10929
      -9.24878		       5.59558
      -2.75353		       8.84702
       4.37402		      10.03622
      10.15471		       8.78236
      13.03929		       5.27837
      12.32863		       0.29191
       8.33851		      -4.97921
       2.27205		      -9.18007
      -4.15101		     -11.14380
      -9.19079		     -10.22176
     -11.56270		      -6.50362
     -10.75986		      -0.85102
      -7.14296		       5.28464
      -1.78972		      10.22872
       3.83597		      12.54315
       8.29034		      11.45160
      10.51623		       7.10128
      10.07754		       0.57190
       7.21572		      -6.38755
       2.73487		     -11.83168
      -2.23481		     -14.17182
      -6.52259		     -12.64836
      -9.17968		      -7.57832
      -9.66491		      -0.29619
      -7.92748		       7.20412
      -4.38672		      12.82817
       0.17260		      14.97961
       4.76252		      13.02265
       8.38310		       7.47052
      10.21560		      -0.15696
       9.79078		      -7.76548
       7.10451		     -13.28063
       2.65343		     -15.23018
      -2.63026		     -13.14559
      -7.54959		      -7.67045
     -10.89925		      -0.35217
     -11.75932		       6.81340
      -9.75588		      11.94532
      -5.21232		      13.78440
       0.86758		      12.00291
       7.00400		       7.24150
      11.59895		       0.87985
      13.36256		      -5.37653
      11.69126		      -9.96566
       6.88231		     -11.86161
       0.10698		     -10.79122
      -6.86921		      -7.23483
     -12.15483		      -2.23481
     -14.26302		       2.91526
     -12.55020		       7.00587
      -7.42810		       9.18407
      -0.27611		       9.10661
       6.93162		       6.95753
      12.18226		       3.35011
      14.00310		      -0.84450
      11.89124		      -4.69411
       6.46385		      -7.38803
      -0.71876		      -8.37982
      -7.60664		      -7.47734
     -12.25589		      -4.87499
     -13.38928		      -1.12499
     -10.75566		       2.95387
      -5.18427		       6.42645
       1.67711		       8.43515
       7.85621		       8.40542
      11.63106		       6.21604
      12.01433		       2.28201
       9.00852		      -2.49087
       3.56659		      -6.89149
      -2.71741		      -9.70006
      -8.08500		     -10.02630
     -11.11077		      -7.59456
     -11.07738		      -2.88272
      -8.12970		       2.94536
      -3.18085		       8.31699
       2.38389		      11.67517
       7.10592		      11.93496
       9.83655		       8.83549
      10.00315		       3.07169
       7.70148		      -3.85063
       3.61155		     -10.01062
      -1.21792		     -13.61420
      -5.64471		     -13.52535
      -8.69387		      -9.62568
      -9.74826		      -2.88661
      -8.64165		       4.87803
      -5.65513		      11.51479
      -1.43581		      15.14491
       3.13629		      14.70928
       7.10915		      10.28154
       9.62835		       3.05444
      10.09800		      -4.99739
       8.31255		     -11.67854
       4.53369		     -15.19209
      -0.51496		     -14.63600
      -5.75508		     -10.23518
      -9.96174		      -3.24927
     -12.04214		       4.40720
     -11.32482		      10.71250
      -7.78090		      14.09034
      -2.10279		      13.81074
       4.40515		      10.13567
      10.11918		       4.18552
      13.51002		      -2.41571
      13.57040		      -8.00080
      10.13168		     -11.28979
       3.96537		     -11.67717
      -3.37818		      -9.31465
      -9.96554		      -4.99217
     -14.00792		       0.12510
     -14.37169		       4.81563
     -10.91904		       8.08742
      -4.57053		       9.36690
       2.93842		       8.56422
       9.54324		       6.02580
      13.43857		       2.40900
      13.59575		      -1.47818
      10.05457		      -4.83633
       3.90148		      -7.01039
      -3.05890		      -7.59216
      -8.83912		      -6.48581
     -11.84910		      -3.93129
     -11.34734		      -0.47715
      -7.63095		       3.10594
      -1.91406		       5.97119
       4.06014		       7.38429
       8.54958		       6.91712
      10.32219		       4.59403
       8.99296		       0.93780
       5.09650		      -3.11841
      -0.11375		      -6.45076
      -5.06576		      -8.04969
      -8.33962		      -7.32834
      -9.06615		      -4.33851
      -7.14205		       0.18528
      -3.21229		       4.98708
       1.55730		       8.62703
       5.83508		       9.90613
       8.49494		       8.25217
       8.89941		       3.94230
       7.02652		      -1.92051
       3.42469		      -7.68723
      -0.97096		     -11.62868
      -5.09509		     -12.45373
      -8.00745		      -9.72253
      -9.08744		      -4.02189
      -8.13552		       3.16143
      -5.37859		       9.84289
      -1.39735		      14.10484
       2.99692		      14.65796
       6.91081		      11.23066
       9.52325		       4.66729
      10.23200		      -3.29754
       8.77742		     -10.52356
       5.32398		     -15.06628
       0.47511		     -15.71901
      -4.79998		     -12.33901
      -9.33527		      -5.86790
     -12.01497		       1.95175
     -12.05168		       9.07317
      -9.22559		      13.70660
      -4.00993		      14.78432
       2.47369		      12.20485
       8.68382		       6.80219
      13.03125		       0.06773
      14.30411		      -6.28013
      12.02738		     -10.74927
       6.64455		     -12.42635
      -0.54781		     -11.14614
      -7.71287		      -7.45445
     -12.95872		      -2.40049
     -14.86333		       2.76535
     -12.88679		       6.89919
      -7.54444		       9.20213
      -0.28138		       9.34618
       6.92344		       7.48158
      12.11267		       4.14821
      13.90448		       0.12912
      11.88171		      -3.71574
       6.70086		      -6.60691
      -0.11075		      -7.97640
      -6.60755		      -7.56267
     -10.99154		      -5.46115
     -12.12263		      -2.12057
      -9.82413		       1.72463
      -4.89898		       5.18822
       1.13913		       7.41948
       6.53040		       7.81084
       9.78465		       6.17545
      10.09462		       2.83947
       7.53057		      -1.39319
       2.97114		      -5.41486
      -2.19403		      -8.09621
      -6.48896		      -8.60622
      -8.77179		      -6.67757
      -8.53031		      -2.73003
      -5.97789		       2.20108
      -1.93962		       6.72779
       2.42013		       9.49930
       5.93695		       9.60833
       7.75227		       6.88931
       7.50643		       2.00916
       5.38170		      -3.69024
       2.00402		      -8.56284
      -1.75126		     -11.13887
      -4.98686		     -10.57206
      -6.98514		      -6.91513
      -7.34367		      -1.13321
      -6.02902		       5.15694
      -3.35500		      10.14942
       0.09667		      12.37777
       3.59181		      11.15096
       6.37773		       6.76483
       7.82088		       0.42403
       7.53385		      -6.10295
       5.47316		     -10.99264
       1.98473		     -12.88799
      -2.22578		     -11.27924
      -6.21017		      -6.63536
      -8.97484		      -0.25379
      -9.72363		       6.12025
      -8.08854		      10.78813
      -4.28046		      12.56054
       0.89820		      11.05939
       6.20457		       6.78275
      10.24998		       0.92854
      11.86965		      -4.95872
      10.46717		      -9.40899
       6.22840		     -11.39705
       0.12873		     -10.56802
      -6.28684		      -7.27313
     -11.30338		      -2.42632
     -13.50979		       2.76163
     -12.21089		       7.09088
      -7.65308		       9.64273
      -0.98807		       9.95512
       6.02480		       8.07850
      11.49913		       4.51931
      13.94877		       0.10056
      12.70880		      -4.22135
       8.12593		      -7.54615
       1.46107		      -9.19585
      -5.46798		      -8.83666
     -10.79938		      -6.54217
     -13.14569		      -2.78794
     -11.96844		       1.62739
      -7.70394		       5.73045
      -1.61094		       8.57297
       4.60761		       9.44855
       9.29204		       8.07846
      11.27949		       4.71468
      10.19620		       0.12029
       6.51462		      -4.58580
       1.37315		      -8.19534
      -3.77574		      -9.72709
      -7.57858		      -8.70861
      -9.13592		      -5.33819
      -8.20613		      -0.46870
      -5.21545		       4.59725
      -1.08971		       8.45462
       3.02921		       9.99301
       6.09464		       8.72799
       7.40985		       4.96459
       6.76745		      -0.26466
       4.45337		      -5.47848
       1.13250		      -9.16747
      -2.34041		     -10.23537
      -5.13061		      -8.32939
      -6.60555		      -3.95769
      -6.45619		       1.64556
      -4.74292		       6.87172
      -1.86771		      10.20366
       1.51549		      10.65882
       4.63423		       8.07751
       6.75396		       3.17116
       7.33381		      -2.68324
       6.15495		      -7.84035
       3.39378		     -10.85750
      -0.38378		     -10.90129
      -4.31909		      -7.97347
      -7.44106		      -2.89556
      -8.89812		       2.93676
      -8.18917		       7.95217
      -5.33049		      10.83708
      -0.90300		      10.88144
       4.04964		       8.14531
       8.26176		       3.41013
      10.57229		      -2.05931
      10.25191		      -6.86610
       7.23623		      -9.84432
       2.18892		     -10.33839
      -3.63722		      -8.33339
      -8.71545		      -4.41676
     -11.65621		       0.40308
     -11.60026		       4.96292
      -8.47873		       8.22369
      -3.05865		       9.49660
       3.24712		       8.57207
       8.75830		       5.73489
      11.98931		       1.67499
      12.06390		      -2.67765
       8.96225		      -6.35562
       3.52839		      -8.55477
      -2.76503		      -8.79747
      -8.22708		      -7.03093
     -11.41602		      -3.64268
     -11.53051		       0.61234
      -8.61542		       4.76481
      -3.52832		       7.83932
       2.31758		       9.07851
       7.35485		       8.13359
      10.29050		       5.17226
      10.44205		       0.86814
       7.89235		      -3.73844
       3.43008		      -7.48512
      -1.69589		      -9.38276
      -6.13064		      -8.88547
      -8.77325		      -6.05924
      -9.04654		      -1.59377
      -7.01185		       3.35680
      -3.31098		       7.47086
       1.03524		       9.61760
       4.90814		       9.17736
       7.37412		       6.23041
       7.89946		       1.55385
       6.45144		      -3.57979
       3.47294		      -7.75070
      -0.25137		      -9.79018
      -3.79662		      -9.11508
      -6.31676		      -5.90018
      -7.23284		      -1.03581
      -6.35374		       4.11957
      -3.90908		       8.12211
      -0.49154		       9.85085
       3.07748		       8.82405
       5.93200		       5.33287
       7.35885		       0.35533
       6.96774		      -4.72298
       4.79607		      -8.49943
       1.32012		      -9.94393
      -2.63735		      -8.67783
      -6.09054		      -5.06665
      -8.12836		      -0.10582
      -8.15161		       4.86275
      -6.04820		       8.51974
      -2.25439		       9.91957
       2.32447		       8.72946
       6.52464		       5.29758
       9.21909		       0.54029
       9.62231		      -4.31274
       7.52112		      -8.04189
       3.36198		      -9.74312
      -1.83807		      -9.03966
      -6.74225		      -6.15328
     -10.04424		      -1.82666
     -10.82430		       2.87487
      -8.81149		       6.82762
      -4.47514		       9.11442
       1.08521		       9.22977
       6.42582		       7.18286
      10.14427		       3.48133
      11.25867		      -0.99536
       9.47493		      -5.20138
       5.26710		      -8.16282
      -0.25155		      -9.19769
      -5.63086		      -8.07061
      -9.47477		      -5.04856
     -10.81291		      -0.84404
      -9.35132		       3.54481
      -5.53648		       7.06454
      -0.41947		       8.85676
       4.63751		       8.47054
       8.32864		       5.98370
       9.74501		       1.99827
       8.59859		      -2.49535
       5.27487		      -6.35842
       0.70779		      -8.59154
      -3.88253		      -8.59753
      -7.31455		      -6.34886
      -8.74589		      -2.41046
      -7.87418		       2.19452
      -4.99237		       6.24626
      -0.89235		       8.65086
       3.35152		       8.73800
       6.65926		       6.45107
       8.21229		       2.37452
       7.64666		      -2.41340
       5.12976		      -6.62573
       1.30724		      -9.11376
      -2.86243		      -9.18091
      -6.34381		      -6.77665
      -8.27417		      -2.51576
      -8.16933		       2.48341
      -6.03875		       6.89811
      -2.38418		       9.55585
       1.91798		       9.74780
       5.82412		       7.41608
       8.37315		       3.16535
       8.92054		      -1.90215
       7.30062		      -6.48135
       3.87596		      -9.40775
      -0.54135		      -9.95750
      -4.88126		      -8.02595
      -8.07646		      -4.14110
      -9.32892		       0.68667
      -8.31518		       5.23451
      -5.27590		       8.38298
      -0.96318		       9.39533
       3.54483		       8.09040
       7.11696		       4.86945
       8.86028		       0.59582
       8.35285		      -3.63650
       5.75524		      -6.78345
       1.76906		      -8.10894
      -2.54835		      -7.35748
      -6.06470		      -4.80193
      -7.87422		      -1.15874
      -7.53810		       2.60435
      -5.19879		       5.51809
      -1.53666		       6.85632
       2.41900		       6.31525
       5.57284		       4.08433
       7.06292		       0.79215
       6.49476		      -2.65862
       4.04671		      -5.32592
       0.41845		      -6.47415
      -3.36242		      -5.76906
      -6.22235		      -3.37154
      -7.33577		       0.09582
      -6.35149		       3.70343
      -3.49141		       6.45382
       0.50443		       7.54561
       4.57113		       6.59390
       7.59912		       3.74819
       8.72775		      -0.32676
       7.57568		      -4.60682
       4.34879		      -7.96476
      -0.20209		      -9.46297
      -4.96323		      -8.60679
      -8.73386		      -5.49051
     -10.52716		      -0.79469
      -9.82138		       4.36904
      -6.69869		       8.72886
      -1.83671		      11.17193
       3.64619		      11.03008
       8.45533		       8.25785
      11.43063		       3.45570
      11.82880		      -2.26914
       9.50825		      -7.57001
       4.97079		     -11.18933
      -0.75148		     -12.26554
      -6.33830		     -10.54196
     -10.49486		      -6.42618
     -12.26125		      -0.88696
     -11.24220		       4.78390
      -7.70059		       9.28403
      -2.49092		      11.60975
       3.15090		      11.28696
       7.90967		       8.46982
      10.70966		       3.88683
      10.97033		      -1.34844
       8.73566		      -6.01259
       4.64606		      -9.06509
      -0.23789		      -9.88769
      -4.71217		      -8.41489
      -7.73404		      -5.12733
      -8.67565		      -0.91379
      -7.46288		       3.16101
      -4.56652		       6.12386
      -0.85316		       7.32932
       2.66042		       6.60737
       5.08113		       4.28727
       5.86820		       1.09410
       4.95751		      -2.05406
       2.75270		      -4.29508
      -0.00941		      -5.05272
      -2.47792		      -4.18734
      -3.92910		      -2.02724
      -3.96396		       0.72826
      -2.61021		       3.20876
      -0.30417		       4.62205
       2.23911		       4.48483
       4.22971		       2.76993
       5.02478		      -0.07282
       4.30927		      -3.23166
       2.18823		      -5.75517
      -0.83240		      -6.82247
      -3.97133		      -5.98656
      -6.37136		      -3.32110
      -7.32268		       0.57398
      -6.45378		       4.71439
      -3.84214		       7.98639
      -0.01553		       9.44710
       4.15888		       8.58877
       7.67391		       5.49330
       9.62452		       0.83215
       9.43584		      -4.29137
       7.02092		      -8.61779
       2.82710		     -11.05306
      -2.24570		     -10.95104
      -7.04112		      -8.28281
     -10.41476		      -3.64854
     -11.51270		       1.87016
      -9.99199		       6.97783
      -6.12525		      10.48303
      -0.75783		      11.58531
       4.87897		      10.06072
       9.45791		       6.30274
      11.87987		       1.21381
      11.55077		      -4.02085
       8.53859		      -8.21794
       3.56646		     -10.46926
      -2.16110		     -10.33976
      -7.25738		      -7.94831
     -10.50233		      -3.91849
     -11.15050		       0.78281
      -9.11643		       5.07702
      -4.98804		       8.02081
       0.13570		       9.01293
       4.93892		       7.91704
       8.23498		       5.07681
       9.27120		       1.22296
       7.91090		      -2.70462
       4.64601		      -5.77898
       0.44129		      -7.30245
      -3.54287		      -6.96811
      -6.26955		      -4.92882
      -7.09770		      -1.75623
      -5.93510		       1.70258
      -3.23495		       4.53871
       0.15609		       6.01427
       3.24980		       5.75609
       5.19428		       3.85885
       5.50037		       0.86676
       4.15750		      -2.36639
       1.61347		      -4.90631
      -1.36891		      -5.99746
      -3.93262		      -5.28180
      -5.36131		      -2.91378
      -5.26549		       0.46571
      -3.67414		       3.89557
      -1.01403		       6.35946
       2.01152		       7.07766
       4.60806		       5.74262
       6.09083		       2.62779
       6.05200		      -1.46696
       4.45697		      -5.42355
       1.65116		      -8.11292
      -1.72080		      -8.71574
      -4.86292		      -6.96471
      -7.00971		      -3.23698
      -7.60298		       1.53316
      -6.42638		       6.09986
      -3.66813		       9.24220
       0.10392		      10.09787
       4.05416		       8.40043
       7.25880		       4.55416
       8.91765		      -0.47354
       8.55201		      -5.41067
       6.14051		      -9.01735
       2.15444		     -10.40745
      -2.52528		      -9.26933
      -6.79962		      -5.92985
      -9.61200		      -1.25094
     -10.21663		       3.60664
      -8.38462		       7.48394
      -4.48892		       9.50796
       0.56354		       9.28796
       5.54398		       6.98092
       9.20934		       3.22002
      10.62668		      -1.06508
       9.42609		      -4.88315
       5.90991		      -7.41122
       0.98265		      -8.16658
      -4.08393		      -7.08837
      -7.98921		      -4.52019
      -9.75290		      -1.10783
      -8.97731		       2.35810
      -5.94842		       5.11782
      -1.54693		       6.60068
       3.00499		       6.53709
       6.48804		       5.00570
       8.02243		       2.40883
       7.30070		      -0.61886
       4.65275		      -3.35167
       0.92828		      -5.13761
      -2.76414		      -5.55257
      -5.38198		      -4.50868
      -6.24179		      -2.28739
      -5.19729		       0.51764
      -2.65595		       3.14194
       0.56348		       4.84667
       3.48424		       5.12234
       5.25739		       3.84390
       5.39729		       1.32906
       3.90234		      -1.72585
       1.23409		      -4.42435
      -1.83102		      -5.92007
      -4.42792		      -5.67034
      -5.84009		      -3.61811
      -5.68319		      -0.24217
      -3.99084		       3.54870
      -1.18841		       6.65676
       2.02900		       8.10793
       4.87563		       7.34667
       6.66354		       4.42417
       6.95637		       0.01782
       5.65845		      -4.73170
       3.02671		      -8.52581
      -0.38970		     -10.27130
      -3.86532		      -9.39731
      -6.64576		      -6.03226
      -8.10033		      -0.98625
      -7.85426		       4.45904
      -5.87730		       8.89523
      -2.50993		      11.16915
       1.58367		      10.69370
       5.53556		       7.60094
       8.45094		       2.69675
       9.61029		      -2.76596
       8.65243		      -7.42767
       5.69071		     -10.17890
       1.32411		     -10.43497
      -3.47335		      -8.25870
      -7.56966		      -4.30678
      -9.95170		       0.37412
      -9.99250		       4.63638
      -7.63438		       7.52253
      -3.43044		       8.48229
       1.57751		       7.46722
       6.12055		       4.89183
       9.03773		       1.48704
       9.59263		      -1.90434
       7.68033		      -4.53246
       3.86164		      -5.89712
      -0.79016		      -5.82775
      -4.98978		      -4.48143
      -7.60262		      -2.27316
      -7.96463		       0.23607
      -6.06548		       2.46579
      -2.54078		       3.93297
       1.52366		       4.34248
       4.91695		       3.63998
       6.65979		       2.02100
       6.28680		      -0.10645
       3.97157		      -2.20353
       0.46026		      -3.71701
      -3.16236		      -4.21124
      -5.80108		      -3.48785
      -6.67261		      -1.66060
      -5.52727		       0.84214
      -2.70786		       3.36074
       0.96539		       5.16334
       4.44334		       5.64631
       6.75194		       4.52262
       7.26173		       1.94022
       5.84807		      -1.51427
       2.90352		      -4.94153
      -0.79115		      -7.36158
      -4.29148		      -7.99242
      -6.74090		      -6.49557
      -7.57993		      -3.11087
      -6.66268		       1.36906
      -4.26091		       5.78912
      -0.96809		       8.94078
       2.46056		       9.90465
       5.28580		       8.32614
       6.93778		       4.53908
       7.11707		      -0.50527
       5.83211		      -5.48954
       3.37742		      -9.09260
       0.26519		     -10.35900
      -2.87374		      -8.96741
      -5.40446		      -5.31913
      -6.80406		      -0.42062
      -6.76421		       4.40456
      -5.26381		       7.88910
      -2.59352		       9.17102
       0.68183		       8.01823
       3.82725		       4.86765
       6.09571		       0.67417
       6.90990		      -3.37935
       6.02287		      -6.22117
       3.60988		      -7.17936
       0.25546		      -6.14060
      -3.17445		      -3.54211
      -5.75178		      -0.21092
      -6.74263		       2.89254
      -5.82782		       4.94648
      -3.21880		       5.47796
       0.37494		       4.45883
       3.92821		       2.27280
       6.38727		      -0.42322
       6.98124		      -2.89386
       5.46425		      -4.51775
       2.21091		      -4.92857
      -1.87107		      -4.07710
      -5.59234		      -2.21173
      -7.82726		       0.20403
      -7.85151		       2.60815
      -5.56928		       4.46102
      -1.55851		       5.34859
       3.08327		       5.05503
       7.04963		       3.59998
       9.20148		       1.23947
       8.89747		      -1.56999
       6.18046		      -4.24389
       1.76585		      -6.17515
      -3.16340		      -6.86078
      -7.29240		      -6.02810
      -9.54089		      -3.72967
      -9.35435		      -0.37512
      -6.83901		       3.32319
      -2.70840		       6.49287
       1.93447		       8.30880
       5.90941		       8.21600
       8.27300		       6.10593
       8.54733		       2.38819
       6.80746		      -2.07599
       3.61631		      -6.17434
      -0.16074		      -8.83204
      -3.59933		      -9.31080
      -5.94656		      -7.43102
      -6.78053		      -3.64620
      -6.06809		       1.06098
      -4.12228		       5.43907
      -1.48675		       8.31442
       1.21214		       8.92408
       3.40563		       7.13613
       4.68699		       3.48950
       4.86792		      -0.96123
       3.98842		      -4.95204
       2.28977		      -7.37598
       0.16143		      -7.60102
      -1.93008		      -5.64447
      -3.52413		      -2.15359
      -4.25410		       1.79942
      -3.92939		       5.04311
      -2.59383		       6.65335
      -0.54093		       6.21675
       1.72968		       3.93459
       3.61707		       0.54182
       4.56878		      -2.92806
       4.24031		      -5.45617
       2.61791		      -6.33323
       0.06084		      -5.35067
      -2.76254		      -2.83706
      -5.03982		       0.46130
      -6.04257		       3.61145
      -5.35353		       5.76245
      -3.02162		       6.37244
       0.41078		       5.33385
       4.02923		       2.97135
       6.79207		      -0.07437
       7.83277		      -3.03335
       6.73045		      -5.20611
       3.66284		      -6.12345
      -0.61192		      -5.63240
      -4.94863		      -3.89904
      -8.13266		      -1.34209
      -9.23094		       1.47582
      -7.87156		       3.96891
      -4.36591		       5.63741
       0.36659		       6.15052
       5.05220		       5.39787
       8.42176		       3.50809
       9.56930		       0.83375
       8.20520		      -2.09907
       4.73047		      -4.67699
       0.11316		      -6.31534
      -4.39346		      -6.58800
      -7.60534		      -5.34376
      -8.73044		      -2.77616
      -7.56859		       0.58256
      -4.53712		       3.95736
      -0.52399		       6.50533
       3.37985		       7.53212
       6.18560		       6.69284
       7.26125		       4.11633
       6.46908		       0.40675
       4.15845		      -3.49086
       1.03006		      -6.53395
      -2.07779		      -7.87130
      -4.41456		      -7.09438
      -5.49317		      -4.37339
      -5.17693		      -0.43051
      -3.66871		       3.64989
      -1.42091		       6.72436
       0.99810		       7.92000
       3.04133		       6.89237
       4.29333		       3.93257
       4.53626		      -0.11190
       3.76979		      -4.08155
       2.19254		      -6.84281
       0.15573		      -7.61876
      -1.90171		      -6.21350
      -3.53020		      -3.06347
      -4.35270		       0.89829
      -4.14519		       4.52198
      -2.89959		       6.77944
      -0.85104		       7.05915
       1.54751		       5.33156
       3.71010		       2.13986
       5.05285		      -1.57523
       5.15060		      -4.75873
       3.87334		      -6.54525
       1.45740		      -6.49416
      -1.52040		      -4.69182
      -4.27219		      -1.69940
      -6.00605		       1.62869
      -6.15634		       4.39520
      -4.56905		       5.90361
      -1.58070		       5.82801
       2.04349		       4.26954
       5.30476		       1.69569
       7.24975		      -1.20847
       7.25364		      -3.72779
       5.22137		      -5.29039
       1.64109		      -5.58611
      -2.53345		      -4.61005
      -6.14359		      -2.63379
      -8.15605		      -0.12319
      -7.96599		       2.37069
      -5.58121		       4.32276
      -1.63040		       5.32893
       2.80969		       5.17477
       6.51857		       3.87288
       8.47849		       1.66586
       8.16147		      -1.00752
       5.67316		      -3.58390
       1.71388		      -5.48042
      -2.62862		      -6.21981
      -6.19048		      -5.55146
      -8.05468		      -3.53762
      -7.79282		      -0.57433
      -5.56060		       2.67118
      -2.02712		       5.40411
       1.83278		       6.89882
       5.01658		       6.69975
       6.76048		       4.76849
       6.72174		       1.52765
       5.03410		      -2.22240
       2.23318		      -5.50139
      -0.91538		      -7.41288
      -3.62863		      -7.40070
      -5.29985		      -5.42148
      -5.62554		      -1.97715
      -4.64328		       2.00947
      -2.68434		       5.44605
      -0.26600		       7.37898
       2.04165		       7.26893
       3.74077		       5.15078
       4.49899		       1.62827
       4.19920		      -2.29749
       2.94587		      -5.51639
       1.03388		      -7.12941
      -1.11147		      -6.70590
      -3.01465		      -4.40196
      -4.24113		      -0.90655
      -4.48785		       2.76662
      -3.65760		       5.57711
      -1.89898		       6.75636
       0.40433		       6.01918
       2.70301		       3.62934
       4.40375		       0.30524
       5.01958		      -3.00042
       4.31133		      -5.37778
       2.37808		      -6.21140
      -0.33729		      -5.33575
      -3.14045		      -3.05644
      -5.26032		      -0.03995
      -6.06279		       2.88800
      -5.24347		       4.97259
      -2.93910		       5.72310
       0.28258		       5.02038
       3.56104		       3.11829
       5.97634		       0.54971
       6.81328		      -2.02774
       5.77857		      -4.00041
       3.10324		      -4.93843
      -0.50554		      -4.67757
      -4.05455		      -3.33268
      -6.54442		      -1.25009
      -7.25832		       1.08218
      -5.97368		       3.14288
      -3.03276		       4.48319
       0.75066		       4.81267
       4.32220		       4.05440
       6.68793		       2.36223
       7.19726		       0.09680
       5.72506		      -2.23938
       2.70117		      -4.10101
      -1.01891		      -5.01912
      -4.40173		      -4.71710
      -6.52798		      -3.19591
      -6.84438		      -0.76140
      -5.30516		       2.02300
      -2.36776		       4.45723
       1.14982		       5.87686
       4.30354		       5.83503
       6.28017		       4.24369
       6.60521		       1.42850
       5.24906		      -1.92760
       2.61040		      -4.94708
      -0.60942		      -6.78890
      -3.59931		      -6.88621
      -5.64379		      -5.12189
      -6.28847		      -1.88630
      -5.42943		       2.00658
      -3.31358		       5.52795
      -0.45984		       7.71311
       2.47231		       7.93251
       4.83281		       6.07623
       6.11685		       2.59629
       6.06209		      -1.60854
       4.69289		      -5.43494
       2.30837		      -7.87638
      -0.58082		      -8.29797
      -3.35498		      -6.60704
      -5.41007		      -3.27192
      -6.28364		       0.81422
      -5.75836		       4.58331
      -3.92055		       7.08327
      -1.15653		       7.72763
       1.91948		       6.43611
       4.59680		       3.63208
       6.23362		       0.10457
       6.41813		      -3.21992
       5.08310		      -5.52805
       2.53928		      -6.32316
      -0.58861		      -5.53010
      -3.51328		      -3.48092
      -5.48810		      -0.79530
      -6.00847		       1.80320
      -4.95436		       3.68055
