      90.08552		      -5.95013
      77.99051		     -44.88117
      49.43161		     -73.81277
      11.00746		     -86.25953
     -28.43256		     -79.61437
     -59.89529		     -55.73785
     -76.36992		     -20.47424
     -74.45901		      17.78065
     -55.12494		      50.10447
     -23.38182		      69.16938
      12.97798		      70.94498
      45.29894		      55.57725
      66.14350		      27.24557
      71.03107		      -6.94755
      59.41963		     -38.76315
      34.70843		     -60.83866
       3.28532		     -68.43000
     -27.12382		     -60.46431
     -49.37994		     -39.66371
     -58.64934		     -11.73583
     -53.49826		      16.14251
     -36.11119		      37.15292
     -11.60508		      46.51183
      13.36301		      42.58341
      32.32630		      27.16811
      40.63371		       4.91907
      36.56538		     -17.94148
      21.67234		     -35.26313
       0.27593		     -42.54155
     -21.72395		     -38.02992
     -38.41242		     -23.11801
     -45.38943		      -1.90034
     -40.87833		      19.93823
     -26.14076		      36.62196
      -5.10625		      43.78015
      16.67457		      39.55996
      33.47618		      25.08053
      40.87115		       4.12411
      36.85727		     -17.84641
      22.35960		     -35.08654
       0.98926		     -43.02853
     -21.87114		     -39.43292
     -40.41916		     -24.94925
     -49.87984		      -2.95339
     -47.68858		      21.28999
     -34.12091		      41.92516
     -12.22061		      53.93863
      12.94762		      54.37561
      35.52985		      43.04538
      50.29341		      22.55148
      53.87222		      -2.35103
      45.54937		     -25.90601
      27.39662		     -42.72954
       3.74870		     -49.07361
     -19.84950		     -43.68076
     -37.96189		     -28.03459
     -46.52771		      -5.95966
     -43.77696		      17.31959
     -30.58725		      36.42557
     -10.21221		      47.07841
      12.53769		      47.05624
      32.45384		      36.64776
      45.14544		      18.50570
      48.02592		      -3.04566
      40.84564		     -23.06900
      25.66131		     -37.17780
       6.26888		     -42.52904
     -12.74789		     -38.41770
     -27.11529		     -26.34812
     -33.85037		      -9.58528
     -31.89783		       7.68831
     -22.28640		      21.39554
      -7.78685		      28.51834
       7.82699		      27.75875
      20.72251		      19.76226
      27.92426		       6.86814
      27.98377		      -7.53406
      21.25276		     -19.87128
       9.71016		     -27.25926
      -3.59711		     -28.16959
     -15.34859		     -22.73791
     -22.77741		     -12.65268
     -24.32697		      -0.66774
     -19.98259		      10.12750
     -11.20869		      17.09200
      -0.52101		      18.67561
       9.18767		      14.76600
      15.39255		       6.66361
      16.56467		      -3.29754
      12.52816		     -12.37746
       4.46516		     -18.14215
      -5.42361		     -19.07843
     -14.50804		     -14.95936
     -20.41339		      -6.87405
     -21.62497		       3.07848
     -17.86163		      12.34672
     -10.12763		      18.58939
      -0.43546		      20.27333
       8.72451		      17.05579
      15.02897		       9.85726
      16.91547		       0.61065
      13.97479		      -8.24515
       7.04440		     -14.39523
      -2.01735		     -16.24061
     -10.81554		     -13.30167
     -17.03558		      -6.33238
     -19.03452		       2.88115
     -16.25627		      11.98384
      -9.36670		      18.65623
      -0.07623		      21.20578
       9.30240		      18.99402
      16.44679		      12.59240
      19.61585		       3.62876
      18.08871		      -5.63416
      12.34064		     -12.87912
       3.91304		     -16.32457
      -4.98744		     -15.17434
     -12.05674		      -9.81284
     -15.48208		      -1.69773
     -14.40129		       7.02071
      -9.11613		      14.05474
      -1.00655		      17.56564
       7.83048		      16.63167
      15.12346		      11.47801
      19.01036		       3.41139
      18.51402		      -5.52260
      13.78757		     -13.06992
       6.06783		     -17.34934
      -2.65010		     -17.33468
     -10.13209		     -13.11434
     -14.48376		      -5.86203
     -14.63922		       2.47290
     -10.63374		       9.67490
      -3.59036		      13.83938
       4.57580		      13.86813
      11.65892		       9.75465
      15.73945		       2.58554
      15.68715		      -5.74302
      11.45948		     -13.02051
       4.11696		     -17.30093
      -4.44940		     -17.41532
     -12.00927		     -13.28409
     -16.57631		      -5.94678
     -16.93238		       2.70043
     -12.95600		      10.39363
      -5.66759		      15.09133
       3.02283		      15.51348
      10.80349		      11.48877
      15.56028		       4.01767
      15.93372		      -4.96869
      11.68872		     -13.09560
       3.79860		     -18.15528
      -5.78255		     -18.68507
     -14.60541		     -14.36353
     -20.34809		      -6.11961
     -21.41813		       4.07806
     -17.37907		      13.70313
      -9.08938		      20.30601
       1.48681		      22.14158
      11.75464		      18.62972
      19.13330		      10.52890
      21.70983		      -0.22652
      18.73657		     -10.98970
      10.84373		     -19.05331
      -0.09135		     -22.32882
     -11.39073		     -19.88222
     -20.23105		     -12.18940
     -24.34600		      -1.04260
     -22.60074		      10.87373
     -15.29268		      20.63620
      -4.09971		      25.80482
       8.31585		      25.03497
      18.95315		      18.42520
      25.21059		       7.51085
      25.53323		      -5.09857
      19.80764		     -16.35223
       9.40382		     -23.50637
      -3.14966		     -24.80369
     -14.77989		     -19.91449
     -22.62336		     -10.02833
     -24.73345		       2.42930
     -20.56594		      14.38770
     -11.12101		      22.88481
       1.29587		      25.79850
      13.63672		      22.37391
      22.86014		      13.41539
      26.68181		       1.09371
      24.14070		     -11.58513
      15.83994		     -21.51953
       3.80165		     -26.27749
      -9.02956		     -24.69829
     -19.51228		     -17.18080
     -25.08392		      -5.58645
     -24.39395		       7.21986
     -17.63773		      18.07772
      -6.50754		      24.31262
       6.22720		      24.39698
      17.40650		      18.32681
      24.26282		       7.62011
      25.10582		      -5.06224
      19.73859		     -16.57882
       9.50226		     -24.08820
      -3.06210		     -25.75320
     -14.84923		     -21.19345
     -22.96425		     -11.57380
     -25.44237		       0.69290
     -21.73407		      12.55364
     -12.83461		      21.08113
      -1.02639		      24.20540
      10.70077		      21.22783
      19.40502		      12.98874
      22.93331		       1.64699
      20.46102		      -9.87232
      12.69446		     -18.62244
       1.68506		     -22.38357
      -9.69745		     -20.22591
     -18.49985		     -12.74432
     -22.44181		      -1.90462
     -20.50165		       9.46044
     -13.18188		      18.37825
      -2.38542		      22.50225
       9.06791		      20.72151
      18.16372		      13.45742
      22.47143		       2.56933
      20.78062		      -9.11013
      13.43133		     -18.49534
       2.25060		     -23.04242
      -9.89343		     -21.41672
     -19.81146		     -13.86137
     -24.80775		      -2.16857
     -23.38420		      10.74503
     -15.65332		      21.55773
      -3.35086		      27.38003
      10.56232		      26.50035
      22.61616		      18.84993
      29.69125		       6.06513
      29.81011		      -8.87599
      22.66113		     -22.35975
       9.72012		     -31.01641
      -6.06781		     -32.55810
     -20.97503		     -26.36748
     -31.38390		     -13.68800
     -34.66899		       2.63719
     -29.85317		      18.82049
     -17.87442		      31.02485
      -1.39342		      36.28389
      15.81637		      33.22428
      29.75290		      22.41370
      37.13305		       6.24728
      36.17559		     -11.60335
      27.03098		     -27.04829
      11.75333		     -36.54035
      -6.17934		     -37.90880
     -22.68223		     -30.86661
     -34.02225		     -17.07048
     -37.68893		       0.27905
     -32.97022		      17.19973
     -21.09806		      29.86768
      -4.93251		      35.50936
      11.73507		      33.03334
      25.08888		      23.25372
      32.18568		       8.65760
      31.62705		      -7.22081
      23.84941		     -20.66262
      10.96875		     -28.65132
      -3.77378		     -29.56998
     -16.82317		     -23.54370
     -25.17620		     -12.35169
     -27.08933		       1.06027
     -22.45893		      13.33851
     -12.78810		      21.55889
      -0.75739		      23.93420
      10.48498		      20.21910
      18.13044		      11.71839
      20.41061		       0.90472
      17.01692		      -9.24992
       9.13846		     -16.05479
      -0.88506		     -17.79272
     -10.20089		     -14.14894
     -16.20441		      -6.26998
     -17.22687		       3.55861
     -12.97311		      12.52969
      -4.59741		      18.06603
       5.60118		      18.51107
      14.78534		      13.58010
      20.33163		       4.45413
      20.53420		      -6.50989
      15.07783		     -16.38064
       5.15558		     -22.41381
      -6.80358		     -22.77914
     -17.73298		     -17.06596
     -24.70421		      -6.43425
     -25.68618		       6.63325
     -20.09411		      18.92230
      -8.98583		      27.27867
       5.15081		      29.40448
      18.97401		      24.46009
      29.09095		      13.31766
      32.89243		      -1.60306
      29.21359		     -16.88382
      18.65525		     -28.91331
       3.48127		     -34.75609
     -12.88927		     -32.87382
     -26.67778		     -23.52135
     -34.64052		      -8.71765
     -34.84700		       8.20659
     -27.15380		      23.38007
     -13.25743		      33.29840
       3.68968		      35.65174
      19.81058		      29.87426
      31.40987		      17.28323
      35.83893		       0.77343
      32.11452		     -15.86096
      21.14373		     -28.81569
       5.50262		     -35.16539
     -11.17758		     -33.54100
     -25.06900		     -24.43588
     -33.04511		     -10.06997
     -33.40440		       6.15237
     -26.24915		      20.45857
     -13.43230		      29.60101
       1.91010		      31.61339
      16.12458		      26.25132
      25.91695		      15.01550
      29.12848		       0.75766
      25.22623		     -13.03025
      15.39378		     -23.06781
       2.20627		     -27.07086
     -11.02513		     -24.28018
     -21.07482		     -15.60962
     -25.58775		      -3.38345
     -23.63625		       9.26640
     -15.91580		      19.19023
      -4.53674		      24.00041
       7.53067		      22.64872
      17.21557		      15.66098
      22.11895		       4.97527
      21.10645		      -6.57121
      14.57528		     -15.97425
       4.33192		     -20.82803
      -6.88539		     -19.93096
     -16.11586		     -13.58075
     -20.93677		      -3.48623
     -20.08244		       7.67971
     -13.76552		      16.97114
      -3.61986		      21.92807
       7.71996		      21.21037
      17.29523		      14.94555
      22.58392		       4.70171
      22.15227		      -6.90823
      16.03091		     -16.89116
       5.71888		     -22.63933
      -6.18737		     -22.60240
     -16.64747		     -16.69474
     -22.94892		      -6.33287
     -23.40205		       5.90882
     -17.78140		      16.93940
      -7.39997		      23.92953
       5.20516		      25.03056
      16.89923		      19.85252
      24.73261		       9.57878
      26.68392		      -3.31427
      22.17623		     -15.66464
      12.23533		     -24.40893
      -0.75201		     -27.34773
     -13.62144		     -23.70035
     -23.21206		     -14.30912
     -27.15081		      -1.44048
     -24.44447		      11.76903
     -15.73127		      22.08504
      -3.12833		      26.97408
      10.28763		      25.23029
      21.23781		      17.27402
      27.04883		       5.04819
      26.31005		      -8.46168
      19.21760		     -19.96408
       7.52078		     -26.67177
      -5.91470		     -26.98449
     -17.81710		     -20.87568
     -25.31523		      -9.88863
     -26.64101		       3.25470
     -21.55471		      15.33295
     -11.38941		      23.42246
       1.29347		      25.61380
      13.34890		      21.47079
      21.83066		      12.12047
      24.71619		      -0.04477
      21.39433		     -11.97521
      12.79732		     -20.72755
       1.14807		     -24.19301
     -10.61026		     -21.60893
     -19.55658		     -13.72884
     -23.51933		      -2.61256
     -21.60744		       8.90697
     -14.41463		      17.94321
      -3.84952		      22.28000
       7.36163		      20.91854
      16.37149		      14.31238
      20.93068		       4.23468
      19.94851		      -6.68510
      13.75598		     -15.63561
       4.00773		     -20.33750
      -6.74946		     -19.61681
     -15.73033		     -13.69456
     -20.62067		      -4.12151
     -20.16360		       6.62317
     -14.47538		      15.76646
      -5.01237		      20.94813
       5.80121		      20.82100
      15.19003		      15.39393
      20.73291		       6.03146
      20.97899		      -4.88925
      15.81962		     -14.57793
       6.52253		     -20.53639
      -4.58089		     -21.19237
     -14.67720		     -16.30301
     -21.17646		      -7.02606
     -22.36542		       4.35978
     -17.84498		      15.01681
      -8.64193		      22.25341
       3.03411		      24.19715
      14.32967		      20.26846
      22.44979		      11.33640
      25.35042		      -0.48354
      22.24942		     -12.34099
      13.82935		     -21.34656
       2.08069		     -25.28117
     -10.17702		     -23.14418
     -19.97944		     -15.40509
     -24.93963		      -3.89633
     -23.83125		       8.62740
     -16.88966		      19.15557
      -5.75722		      25.15139
       6.91378		      25.16601
      18.10321		      19.18762
      25.15315		       8.64079
      26.40741		      -3.96281
      21.60508		     -15.63566
      11.93337		     -23.63737
      -0.27113		     -26.13238
     -12.09726		     -22.62240
     -20.76771		     -14.05008
     -24.30677		      -2.55149
     -22.00461		       9.07821
     -14.56677		      18.07186
      -3.91635		      22.35985
       7.29780		      21.05794
      16.36161		      14.65602
      21.15945		       4.86606
      20.67691		      -5.82748
      15.22096		     -14.79827
       6.30787		     -19.92963
      -3.74684		     -20.12427
     -12.42814		     -15.54736
     -17.65663		      -7.54730
     -18.29840		       1.71945
     -14.42310		       9.85885
      -7.24971		      14.85606
       1.20004		      15.58070
       8.64643		      12.05306
      13.15097		       5.40746
      13.61456		      -2.43275
      10.04719		      -9.27955
       3.54253		     -13.26476
      -4.03217		     -13.33150
     -10.54622		      -9.50504
     -14.17995		      -2.87426
     -13.91210		       4.70896
      -9.79221		      11.13170
      -2.92730		      14.59005
       4.81295		      14.07677
      11.29474		       9.65824
      14.69124		       2.46727
      13.97617		      -5.58693
       9.20995		     -12.31674
       1.54225		     -15.83269
      -7.07144		     -15.04845
     -14.36765		      -9.98204
     -18.35932		      -1.77374
     -17.85662		       7.58643
     -12.78935		      15.75366
      -4.24671		      20.62062
       5.77763		      20.85645
      14.87249		      16.25525
      20.80614		       7.80460
      22.08338		      -2.54422
      18.32290		     -12.34776
      10.36031		     -19.26628
       0.05127		     -21.63577
     -10.17616		     -18.87441
     -17.90834		     -11.62367
     -21.32711		      -1.59096
     -19.64245		       8.86547
     -13.27267		      17.30529
      -3.73097		      21.78798
       6.74969		      21.32622
      15.75801		      16.10269
      21.27791		       7.40238
      22.15449		      -2.71732
      18.34250		     -11.93279
      10.88276		     -18.20985
       1.61974		     -20.27322
      -7.26353		     -17.87897
     -13.77503		     -11.83045
     -16.57729		      -3.74236
     -15.27493		       4.38054
     -10.46287		      10.64089
      -3.53277		      13.69822
       3.70520		      13.06231
       9.48485		       9.16509
      12.51329		       3.20264
      12.26213		      -3.20394
       9.05414		      -8.43655
       3.93227		     -11.28630
      -1.64686		     -11.23666
      -6.21042		      -8.55678
      -8.65296		      -4.18875
      -8.50837		       0.53474
      -6.04398		       4.26386
      -2.15789		       5.99626
       1.88818		       5.33836
       4.82667		       2.59683
       5.73657		      -1.32007
       4.29739		      -5.16294
       0.87839		      -7.69239
      -3.55997		      -8.02769
      -7.72606		      -5.89984
     -10.35055		      -1.74169
     -10.54026		       3.41071
      -8.03892		       8.18204
      -3.32399		      11.22033
       2.48937		      11.56512
       7.91726		       8.92486
      11.48361		       3.78849
      12.11001		      -2.66284
       9.41873		      -8.82785
       3.86793		     -13.07760
      -3.32168		     -14.17249
     -10.43770		     -11.59858
     -15.68366		      -5.73512
     -17.62584		       2.19541
     -15.56893		      10.39077
      -9.76368		      16.88830
      -1.38866		      20.04191
       7.69827		      18.94041
      15.38579		      13.66172
      19.81398		       5.29387
      19.83659		      -4.29069
      15.32575		     -12.86096
       7.23876		     -18.35594
      -2.57758		     -19.38972
     -11.80579		     -15.60871
     -18.20456		      -7.80875
     -20.15370		       2.22411
     -17.06388		      12.11859
      -9.54689		      19.47725
       0.70216		      22.45705
      11.28978		      20.22986
      19.68910		      13.20703
      23.85098		       2.96658
      22.71244		      -8.10641
      16.47499		     -17.38481
       6.57900		     -22.63565
      -4.62627		     -22.57252
     -14.44237		     -17.18609
     -20.47751		      -7.76656
     -21.23849		       3.39364
     -16.51088		      13.54950
      -7.42932		      20.17373
       3.78493		      21.58362
      14.35980		      17.36771
      21.65234		       8.50296
      23.80586		      -2.87174
      20.21963		     -13.97419
      11.71125		     -22.06434
       0.32672		     -25.12714
     -11.15877		     -22.38158
     -19.92783		     -14.48612
     -23.82520		      -3.38517
     -21.90245		       8.16886
     -14.66398		      17.30090
      -3.94912		      21.73520
       7.52335		      20.37190
      16.83635		      13.57101
      21.61075		       3.06902
      20.61044		      -8.45366
      14.06163		     -18.04768
       3.60270		     -23.24253
      -8.12540		     -22.67733
     -18.14674		     -16.45300
     -23.90755		      -6.11413
     -23.93050		       5.73798
     -18.19808		      16.10449
      -8.16515		      22.35434
       3.60524		      22.90037
      14.09238		      17.61277
      20.59031		       7.86188
      21.40512		      -3.82325
      16.29815		     -14.39610
       6.55928		     -21.07177
      -5.31102		     -22.04539
     -16.23289		     -16.96548
     -23.33226		      -7.03913
     -24.68069		       5.26095
     -19.80030		      16.81581
      -9.80293		      24.65085
       2.87481		      26.69722
      15.07663		      22.33006
      23.72059		      12.54488
      26.58193		      -0.27564
      22.86635		     -12.94834
      13.42707		     -22.28409
       0.56836		     -25.89087
     -12.51760		     -22.78320
     -22.54124		     -13.64341
     -26.93636		      -0.66740
     -24.50581		      12.96870
     -15.73007		      23.88919
      -2.66053		      29.35308
      11.57688		      27.93467
      23.54539		      19.88124
      30.33943		       7.05896
      30.29697		      -7.49948
      23.40655		     -20.33355
      11.30961		     -28.39740
      -3.10113		     -29.79891
     -16.38709		     -24.25453
     -25.39849		     -13.15005
     -28.03353		       0.80480
     -23.73728		      14.24051
     -13.62103		      23.94598
      -0.17697		      27.63988
      13.33802		      24.50820
      23.69547		      15.38020
      28.47052		       2.50492
      26.61127		     -11.01176
      18.66741		     -21.96762
       6.62837		     -27.83471
      -6.58304		     -27.35281
     -17.83248		     -20.80548
     -24.53216		      -9.91747
     -25.25086		       2.59374
     -20.03072		      13.69670
     -10.34032		      20.78520
       1.31676		      22.29731
      12.03516		      18.06634
      19.22317		       9.32453
      21.22456		      -1.63367
      17.69722		     -12.03870
       9.66208		     -19.33454
      -0.78228		     -21.79845
     -11.00169		     -18.94170
     -18.48682		     -11.59850
     -21.46755		      -1.68806
     -19.33149		       8.28449
     -12.74837		      15.86037
      -3.47570		      19.23432
       6.09990		      17.68800
      13.56775		      11.74626
      17.09263		       3.02319
      15.86136		      -6.19872
      10.26879		     -13.54783
       1.80173		     -17.15570
      -7.34593		     -16.11626
     -14.82821		     -10.70055
     -18.73299		      -2.27738
     -18.05407		       7.03685
     -12.93471		      14.90962
      -4.62497		      19.37254
       4.83364		      19.30707
      13.11621		      14.71744
      18.18895		       6.72571
      18.80897		      -2.70761
      14.82760		     -11.26694
       7.22476		     -16.84954
      -2.13233		     -18.07906
     -10.94551		     -14.63999
     -17.04489		      -7.35305
     -18.91478		       2.02523
     -16.05926		      11.22844
      -9.12002		      18.02748
       0.28019		      20.76627
       9.92899		      18.75712
      17.55505		      12.44178
      21.36952		       3.28145
      20.48863		      -6.59596
      15.13728		     -14.90456
       6.58725		     -19.74238
      -3.15265		     -20.03685
     -11.81780		     -15.78875
     -17.42390		      -8.05893
     -18.72953		       1.29564
     -15.51634		      10.07027
      -8.62291		      16.23608
       0.27186		      18.41287
       9.05999		      16.17980
      15.70886		      10.15288
      18.73699		       1.81529
      17.54813		      -6.85396
      12.54706		     -13.85997
       5.01416		     -17.66329
      -3.22531		     -17.52963
     -10.25294		     -13.67712
     -14.51766		      -7.19040
     -15.19339		       0.27140
     -12.34983		       6.89643
      -6.89956		      11.16526
      -0.34064		      12.20961
       5.63630		       9.99873
       9.57560		       5.31185
      10.61133		      -0.49065
       8.66228		      -5.83497
       4.42195		      -9.34435
      -0.84909		     -10.18735
      -5.67148		      -8.27634
      -8.74380		      -4.26811
      -9.28477		       0.63020
      -7.23265		       4.99699
      -3.25162		       7.58487
       1.45547		       7.65996
       5.47807		       5.20297
       7.58545		       0.91883
       7.06903		      -3.94824
       3.94851		      -7.94727
      -1.01400		      -9.81450
      -6.49870		      -8.82576
     -10.96643		      -5.01406
     -13.06548		       0.80779
     -12.00183		       7.22986
      -7.77584		      12.59085
      -1.22036		      15.40182
       6.17506		      14.74088
      12.61503		      10.51715
      16.44002		       3.53292
      16.54972		      -4.67757
      12.70122		     -12.19830
       5.60400		     -17.18840
      -3.21714		     -18.33502
     -11.76308		     -15.19019
     -18.02609		      -8.30623
     -20.46911		       0.86758
     -18.40220		      10.30636
     -12.16333		      17.87488
      -3.05712		      21.82627
       6.93642		      21.21503
      15.61540		      16.12429
      21.06450		       7.65226
      22.09721		      -2.33983
      18.52684		     -11.65833
      11.20214		     -18.28354
       1.80067		     -20.83116
      -7.56919		     -18.85980
     -14.86068		     -12.95327
     -18.55745		      -4.56135
     -18.00736		       4.35878
     -13.54452		      11.81116
      -6.37526		      16.22499
       1.73872		      16.80291
       8.91808		      13.67275
      13.61488		       7.81213
      14.96335		       0.77127
      12.94974		      -5.73128
       8.36570		     -10.23584
       2.56445		     -11.88489
      -2.91197		     -10.59938
      -6.73565		      -7.04950
      -8.12192		      -2.43472
      -7.00245		       1.86380
      -4.00224		       4.66394
      -0.23240		       5.29544
       3.04182		       3.76358
       4.76584		       0.72319
       4.39484		      -2.72681
       2.04626		      -5.37056
      -1.53480		      -6.23390
      -5.18813		      -4.87630
      -7.67141		      -1.53528
      -8.02368		       2.91819
      -5.85988		       7.20440
      -1.51429		       9.98242
       4.01060		      10.22890
       9.28183		       7.54648
      12.80292		       2.31619
      13.41647		      -4.35259
      10.63705		     -10.86928
       4.82407		     -15.54896
      -2.85710		     -17.04370
     -10.68371		     -14.70845
     -16.77876		      -8.80504
     -19.57150		      -0.48623
     -18.20133		       8.44417
     -12.76160		      15.94277
      -4.31743		      20.21270
       5.31389		      20.14618
      13.97249		      15.61339
      19.66015		       7.52274
      21.01825		      -2.36747
      17.66278		     -11.84564
      10.29249		     -18.75925
       0.54053		     -21.52141
      -9.39836		     -19.48909
     -17.27784		     -13.12084
     -21.32576		      -3.87394
     -20.65980		       6.13612
     -15.49237		      14.63296
      -7.07526		      19.71465
       2.60284		      20.29832
      11.29302		      16.36723
      17.02160		       8.96150
      18.55492		      -0.08430
      15.68156		      -8.59162
       9.24482		     -14.56607
       0.91967		     -16.67421
      -7.20928		     -14.55321
     -13.16362		      -8.87938
     -15.55337		      -1.18115
     -13.90723		       6.55490
      -8.77089		      12.38539
      -1.55140		      14.89358
       5.85116		      13.53484
      11.53069		       8.75915
      14.05794		       1.88211
      12.83780		      -5.26130
       8.25205		     -10.79129
       1.55281		     -13.26564
      -5.46514		     -12.04771
     -10.92910		      -7.46709
     -13.37189		      -0.73287
     -12.11092		       6.37827
      -7.42650		      11.97943
      -0.49368		      14.56002
       6.91517		      13.37738
      12.88213		       8.65351
      15.83488		       1.52618
      14.95260		      -6.23426
      10.38280		     -12.67108
       3.21304		     -16.13796
      -4.79649		     -15.72027
     -11.65296		     -11.47356
     -15.63266		      -4.41790
     -15.71806		       3.71182
     -11.85890		      10.89755
      -4.99091		      15.34346
       3.19387		      15.92775
      10.66802		      12.48667
      15.57533		       5.85851
      16.69573		      -2.32413
      13.75116		     -10.04193
       7.47517		     -15.39417
      -0.57164		     -17.07431
      -8.39405		     -14.69618
     -14.06353		      -8.88847
     -16.20227		      -1.13365
     -14.32757		       6.60788
      -8.96998		      12.39340
      -1.53537		      14.78808
       6.05384		      13.22575
      11.84743		       8.14928
      14.36239		       0.89516
      12.95864		      -6.64831
       8.00064		     -12.52248
       0.76375		     -15.19734
      -6.89072		     -13.96170
     -12.98956		      -9.10549
     -15.95071		      -1.84789
     -14.98775		       5.97076
     -10.31336		      12.35548
      -3.08979		      15.66371
       4.86151		      15.02476
      11.51831		      10.56542
      15.16855		       3.38421
      14.84530		      -4.71965
      10.57581		     -11.69504
       3.38184		     -15.75303
      -4.96965		     -15.81749
     -12.40322		     -11.79898
     -17.05049		      -4.62341
     -17.71556		       3.99227
     -14.17469		      11.96156
      -7.23534		      17.34227
       1.45982		      18.81529
       9.83507		      16.00947
      15.89020		       9.59277
      18.18946		       1.10749
      16.21033		      -7.40852
      10.46695		     -13.92069
       2.37881		     -16.89284
      -6.08107		     -15.65722
     -12.87067		     -10.56908
     -16.37593		      -2.90984
     -15.79806		       5.43509
     -11.33717		      12.44258
      -4.12936		      16.44594
       4.04439		      16.53531
      11.20320		      12.76698
      15.65359		       6.13257
      16.39861		      -1.70091
      13.36884		      -8.81306
       7.42102		     -13.50744
       0.10782		     -14.72553
      -6.72081		     -12.29556
     -11.38325		      -6.95706
     -12.78209		      -0.15803
     -10.66740		       6.32132
      -5.68366		      10.82214
       0.80851		      12.22312
       7.08839		      10.21563
      11.51738		       5.37011
      12.95537		      -1.02058
      11.04638		      -7.27948
       6.30247		     -11.77831
      -0.03385		     -13.35486
      -6.31263		     -11.60916
     -10.90216		      -7.00405
     -12.60911		      -0.74508
     -10.98638		       5.52919
      -6.45060		      10.16805
      -0.17919		      11.93369
       6.18731		      10.32267
      10.96298		       5.70175
      12.84865		      -0.77716
      11.26932		      -7.46278
       6.53053		     -12.61983
      -0.24712		     -14.87011
      -7.40061		     -13.54797
     -13.13752		      -8.87983
     -15.98659		      -1.94089
     -15.17318		       5.60229
     -10.82442		      11.90102
      -3.95098		      15.38431
       3.79217		      15.15510
      10.50869		      11.22303
      14.52862		       4.51431
      14.82506		      -3.34610
      11.27588		     -10.42794
       4.70401		     -14.96866
      -3.31555		     -15.80933
     -10.83599		     -12.68534
     -16.01358		      -6.29885
     -17.56042		       1.84638
     -15.06309		       9.80825
      -9.08797		      15.67917
      -1.04624		      18.05225
       7.14889		      16.36588
      13.54886		      11.04141
      16.64539		       3.37968
      15.73790		      -4.75836
      11.10206		     -11.40823
       3.91802		     -14.98282
      -4.02371		     -14.65896
     -10.76541		     -10.57419
     -14.66428		      -3.78578
     -14.79422		       3.99729
     -11.16760		      10.84168
      -4.72306		      15.06981
       2.91662		      15.67279
       9.85500		      12.55388
      14.39739		       6.54244
      15.47205		      -0.82376
      12.89170		      -7.69197
       7.39089		     -12.36400
       0.43068		     -13.72326
      -6.17886		     -11.51190
     -10.74216		      -6.38867
     -12.11019		       0.24635
      -9.97153		       6.61502
      -4.92881		      11.01992
       1.65871		      12.28170
       8.02632		      10.04388
      12.45970		       4.86712
      13.73939		      -1.91157
      11.46065		      -8.51978
       6.14630		     -13.20479
      -0.87733		     -14.68774
      -7.81188		     -12.50117
     -12.84318		      -7.12296
     -14.60789		       0.12922
     -12.55231		       7.41908
      -7.09146		      12.84988
       0.47436		      14.94584
       8.26785		      13.03621
      14.29373		       7.44432
      16.93615		      -0.56838
      15.37131		      -9.09300
       9.79183		     -16.02994
       1.38469		     -19.60158
      -7.93526		     -18.79541
     -15.97446		     -13.62841
     -20.78520		      -5.16576
     -21.13933		       4.71380
     -16.83568		      13.75187
      -8.76566		      19.84133
       1.28121		      21.52758
      11.02726		      18.35996
      18.23585		      11.00855
      21.23462		       1.11736
      19.30872		      -9.07238
      12.87070		     -17.24015
       3.36697		     -21.52332
      -7.05706		     -20.94702
     -16.05369		     -15.64591
     -21.61428		      -6.82679
     -22.52789		       3.51775
     -18.65047		      13.07549
     -10.92325		      19.74963
      -1.13873		      22.13669
       8.48748		      19.83564
      15.83588		      13.51829
      19.36956		       4.74809
      18.47413		      -4.40571
      13.57326		     -11.86351
       5.99701		     -16.02089
      -2.36063		     -16.10897
      -9.50876		     -12.34638
     -13.83631		      -5.85085
     -14.48347		       1.66264
     -11.52030		       8.31919
      -5.89338		      12.54726
       0.84123		      13.45371
       6.92810		      11.02011
      10.86109		       6.07536
      11.75754		       0.05578
       9.56552		      -5.38336
       5.05406		      -8.80417
      -0.40807		      -9.35883
      -5.22648		      -7.00381
      -8.01068		      -2.50175
      -7.94788		       2.78877
      -5.02414		       7.28081
      -0.03480		       9.58907
       5.61991		       8.91043
      10.30294		       5.25537
      12.57836		      -0.53231
      11.60608		      -6.97598
       7.38974		     -12.33923
       0.81003		     -15.07819
      -6.57024		     -14.25793
     -12.88510		      -9.82463
     -16.43593		      -2.65956
     -16.13579		       5.60497
     -11.81363		      12.96773
      -4.29754		      17.54750
       4.75045		      18.05876
      13.21322		      14.15443
      19.02244		       6.54672
      20.66542		      -3.12965
      17.56992		     -12.68414
      10.26954		     -19.88190
       0.30467		     -22.97790
     -10.12159		     -21.14362
     -18.65281		     -14.68103
     -23.33298		      -4.96903
     -23.07109		       5.84780
     -17.90407		      15.35530
      -8.99347		      21.43280
       1.64431		      22.74807
      11.60991		      19.06563
      18.68183		      11.29484
      21.33156		       1.26727
      19.07032		      -8.70168
      12.54579		     -16.36004
       3.36867		     -20.04321
      -6.28566		     -19.04955
     -14.20129		     -13.77968
     -18.64335		      -5.61065
     -18.75164		       3.45955
     -14.71418		      11.30597
      -7.68392		      16.18643
       0.53434		      17.14278
       7.94439		      14.19889
      12.84947		       8.31285
      14.25215		       1.10246
      12.06740		      -5.58145
       7.10197		     -10.12323
       0.81246		     -11.53446
      -5.09030		      -9.67412
      -9.08629		      -5.24693
     -10.22704		       0.41286
      -8.35705		       5.71087
      -4.12447		       9.21671
       1.21622		      10.03263
       6.15315		       8.01346
       9.32419		       3.78480
       9.87547		      -1.44083
       7.67947		      -6.19809
       3.35858		      -9.16365
      -1.88891		      -9.50816
      -6.61246		      -7.11433
      -9.49641		      -2.60600
      -9.70947		       2.81747
      -7.12611		       7.69693
      -2.36318		      10.69656
       3.37664		      10.95473
       8.61351		       8.31244
      11.97137		       3.36071
      12.53317		      -2.70470
      10.07978		      -8.38381
       5.15171		     -12.25147
      -1.08168		     -13.31842
      -7.11220		     -11.28323
     -11.46867		      -6.61154
     -13.08388		      -0.42309
     -11.56070		       5.78469
      -7.27109		      10.50690
      -1.26396		      12.60270
       4.99448		      11.57550
       9.98250		       7.69285
      12.49663		       1.91711
      11.94479		      -4.33464
       8.48694		      -9.54113
       2.98969		     -12.45036
      -3.19250		     -12.38369
      -8.55406		      -9.39638
     -11.80896		      -4.25605
     -12.20370		       1.75369
      -9.69605		       7.15457
      -4.95682		      10.63947
       0.80401		      11.39216
       6.14219		       9.28258
       9.73872		       4.89084
      10.72470		      -0.64456
       8.89163		      -5.91493
       4.73628		      -9.59370
      -0.66949		     -10.76523
      -5.95036		      -9.14889
      -9.77234		      -5.16386
     -11.17469		       0.18025
      -9.80696		       5.53861
      -6.01301		       9.56815
      -0.74198		      11.26227
       4.69067		      10.20017
       8.93208		       6.64961
      10.92899		       1.49805
      10.18900		      -3.96994
       6.90160		      -8.39324
       1.88943		     -10.67279
      -3.59764		     -10.24417
      -8.19404		      -7.21650
     -10.75796		      -2.34376
     -10.65427		       3.16412
      -7.91077		       7.94303
      -3.20918		      10.81381
       2.28652		      11.07440
       7.22114		       8.67238
      10.38599		       4.21505
      11.01887		      -1.18489
       8.99143		      -6.18927
       4.83743		      -9.56941
      -0.38478		     -10.51244
      -5.36060		      -8.82194
      -8.85079		      -4.96296
     -10.00243		       0.05952
      -8.56133		       4.95778
      -4.93217		       8.48876
      -0.07159		       9.76898
       4.75833		       8.49695
       8.31361		       5.02693
       9.68633		       0.27527
       8.53623		      -4.51669
       5.17659		      -8.10259
       0.49242		      -9.55223
      -4.28828		      -8.49169
      -7.91196		      -5.20048
      -9.42433		      -0.54055
      -8.41894		       4.26527
      -5.14548		       7.94917
      -0.44892		       9.52743
       4.44564		       8.55828
       8.24801		       5.26140
       9.93737		       0.46734
       9.03001		      -4.59136
       5.71104		      -8.59491
       0.79468		     -10.47666
      -4.47786		      -9.70192
      -8.75270		      -6.41274
     -10.90994		      -1.40049
     -10.35420		       4.08856
      -7.17380		       8.66625
      -2.12705		      11.15520
       3.54282		      10.89132
       8.41799		       7.89848
      11.26370		       2.88994
      11.34253		      -2.90540
       8.60510		      -8.04878
       3.70787		     -11.25264
      -2.14729		     -11.70575
      -7.51218		      -9.27983
     -11.05473		      -4.56473
     -11.89352		       1.27711
      -9.81955		       6.80086
      -5.34923		      10.64086
       0.40511		      11.85259
       6.01455		      10.14852
      10.09211		       5.96847
      11.63995		       0.36687
      10.29770		      -5.25414
       6.42940		      -9.49829
       1.02765		     -11.32554
      -4.54013		     -10.31106
      -8.87855		      -6.74754
     -10.91614		      -1.56581
     -10.17314		       3.90536
      -6.87788		       8.27850
      -1.90298		      10.45937
       3.46131		       9.92223
       7.83851		       6.83889
      10.11702		       2.02972
       9.73183		      -3.25026
       6.80537		      -7.63474
       2.11229		      -9.99635
      -3.12208		      -9.73441
      -7.53776		      -6.92695
      -9.98962		      -2.30884
      -9.84128		       2.91807
      -7.12847		       7.39411
      -2.55035		       9.95123
       2.70888		       9.91374
       7.28271		       7.27358
       9.97254		       2.69543
      10.05620		      -2.64995
       7.47636		      -7.38222
       2.86061		     -10.26305
      -2.63259		     -10.51364
      -7.60380		      -8.01787
     -10.76581		      -3.35908
     -11.27134		       2.31977
      -8.93264		       7.59829
      -4.27714		      11.13324
       1.57584		      11.99707
       7.18780		       9.91575
      11.15593		       5.34565
      12.46270		      -0.63043
      10.73302		      -6.56382
       6.33500		     -10.99340
       0.29816		     -12.80533
      -5.93164		     -11.51042
     -10.84148		      -7.37063
     -13.21963		      -1.34268
     -12.45290		       5.14801
      -8.68022		      10.54892
      -2.76456		      13.55466
       3.91055		      13.42301
       9.77089		      10.15611
      13.42828		       4.50273
      14.01302		      -2.21905
      11.38208		      -8.43590
       6.15286		     -12.69429
      -0.44512		     -14.00612
      -6.86446		     -12.08199
     -11.60887		      -7.39658
     -13.58789		      -1.07119
     -12.37246		       5.39730
      -8.29062		      10.49502
      -2.34160		      13.05058
       4.04957		      12.50914
       9.37653		       9.05609
      12.41141		       3.56205
      12.49323		      -2.63563
       9.67624		      -8.06040
       4.70407		     -11.45289
      -1.18208		     -12.06936
      -6.55245		      -9.85096
     -10.13864		      -5.42414
     -11.13854		       0.06577
      -9.40255		       5.24486
      -5.45694		       8.85246
      -0.36042		      10.04977
       4.56853		       8.61971
       8.08516		       5.00972
       9.32921		       0.20852
       8.03606		      -4.51118
       4.59612		      -7.91881
      -0.05127		      -9.13887
      -4.66239		      -7.87222
      -8.00996		      -4.47029
      -9.19951		       0.15636
      -7.90134		       4.77244
      -4.43890		       8.13609
       0.28924		       9.32107
       5.03557		       7.96096
       8.52189		       4.35302
       9.76991		      -0.60643
       8.36081		      -5.64088
       4.55680		      -9.41364
      -0.74822		     -10.86981
      -6.23953		      -9.51438
     -10.50400		      -5.55510
     -12.38537		       0.12828
     -11.28404		       6.18456
      -7.32543		      11.11480
      -1.35208		      13.64144
       5.26249		      13.03227
      10.93591		       9.29807
      14.25881		       3.21257
      14.34378		      -3.85409
      11.05537		     -10.25133
       5.06261		     -14.43953
      -2.30203		     -15.36304
      -9.34656		     -12.71405
     -14.41557		      -7.02155
     -16.28422		       0.45854
     -14.45549		       8.02875
      -9.28799		      13.94433
      -1.92193		      16.82346
       5.98099		      15.97519
      12.62311		      11.56645
      16.49055		       4.58720
      16.70748		      -3.37882
      13.24030		     -10.52355
       6.90329		     -15.23671
      -0.83551		     -16.47995
      -8.20134		     -14.02444
     -13.52955		      -8.49598
     -15.65245		      -1.21831
     -14.16463		       6.10646
      -9.50456		      11.80249
      -2.83534		      14.61235
       4.24423		      13.98325
      10.08650		      10.18030
      13.38538		       4.20277
      13.47630		      -2.47318
      10.47534		      -8.25975
       5.22705		     -11.84026
      -0.92204		     -12.47625
      -6.46529		     -10.16584
     -10.10684		      -5.61833
     -11.07006		      -0.05567
      -9.26910		       5.10616
      -5.30467		       8.61381
      -0.28949		       9.68219
       4.44877		       8.17386
       7.70965		       4.61063
       8.72003		       0.01851
       7.31753		      -4.35093
       3.97332		      -7.34918
      -0.34791		      -8.22489
      -4.45179		      -6.80886
      -7.23178		      -3.54464
      -7.95787		       0.64030
      -6.46249		       4.58722
      -3.17704		       7.21540
       0.98855		       7.80744
       4.89036		       6.19675
       7.45460		       2.80952
       7.96190		      -1.44873
       6.23821		      -5.43174
       2.70304		      -8.05393
      -1.73706		      -8.57638
      -5.92212		      -6.80340
      -8.73918		      -3.13891
      -9.41208		       1.51202
      -7.70624		       5.97154
      -3.99559		       9.08907
       0.82582		      10.03639
       5.56555		       8.52272
       9.03188		       4.87472
      10.33468		      -0.03921
       9.11226		      -5.02176
       5.62668		      -8.84331
       0.70342		     -10.54806
      -4.46971		      -9.69313
      -8.63436		      -6.46082
     -10.77137		      -1.61611
     -10.35175		       3.67972
      -7.46666		       8.15319
      -2.80469		      10.72968
       2.51717		      10.79484
       7.22686		       8.34211
      10.20668		       3.97105
      10.76304		      -1.26230
       8.79056		      -6.10486
       4.79147		      -9.41143
      -0.25290		     -10.41995
      -5.12539		      -8.93032
      -8.67026		      -5.34429
     -10.07105		      -0.55872
      -9.04166		       4.25972
      -5.88534		       7.96146
      -1.40938		       9.69152
       3.28107		       9.09006
       7.05758		       6.36835
       9.04281		       2.24395
       8.81768		      -2.24630
       6.51183		      -6.00707
       2.75752		      -8.15367
      -1.47876		      -8.22315
      -5.14285		      -6.27651
      -7.35527		      -2.86918
      -7.62388		       1.10008
      -5.95535		       4.62192
      -2.83977		       6.83101
       0.88515		       7.21876
       4.25387		       5.75171
       6.42005		       2.86777
       6.86830		      -0.64638
       5.53777		      -3.86382
       2.82785		      -5.95762
      -0.51358		      -6.41137
      -3.58938		      -5.14697
      -5.58798		      -2.53804
      -5.99329		       0.69308
      -4.71636		       3.66746
      -2.11548		       5.58075
       1.09990		       5.91380
       4.05608		       4.56862
       5.94475		       1.89478
       6.23597		      -1.40070
       4.81967		      -4.43682
       2.03873		      -6.38860
      -1.39549		      -6.70446
      -4.58424		      -5.25486
      -6.67339		      -2.37327
      -7.07708		       1.22220
      -5.63563		       4.60784
      -2.66608		       6.88945
       1.10891		       7.43400
       4.73756		       6.03871
       7.27748		       2.99338
       8.03649		      -0.98166
       6.75481		      -4.90816
       3.68121		      -7.79148
      -0.47753		      -8.87102
      -4.72356		      -7.81667
      -8.01112		      -4.82109
      -9.50614		      -0.56288
      -8.79776		       3.95211
      -6.00812		       7.63357
      -1.77170		       9.57432
       2.91248		       9.27665
       6.92071		       6.78062
       9.27826		       2.66147
       9.39946		      -2.10469
       7.23465		      -6.37501
       3.28703		      -9.11699
      -1.50598		      -9.66058
      -5.99821		      -7.86316
      -9.11248		      -4.14623
     -10.10233		       0.60565
      -8.73351		       5.25930
      -5.34036		       8.70831
      -0.74325		      10.14169
       3.95279		       9.23981
       7.62842		       6.24951
       9.42280		       1.92013
       8.94155		      -2.68335
       6.34891		      -6.44357
       2.32189		      -8.46504
      -2.12161		      -8.29173
      -5.87736		      -6.01422
      -8.02855		      -2.24085
      -8.07051		       2.05935
      -6.03092		       5.80183
      -2.45641		       8.05816
       1.73046		       8.28617
       5.46686		       6.46134
       7.81854		       3.07718
       8.21420		      -0.98472
       6.58654		      -4.68139
       3.38513		      -7.07454
      -0.54166		      -7.56848
      -4.16525		      -6.06022
      -6.54048		      -2.96383
      -7.04747		       0.89669
      -5.55049		       4.49874
      -2.43364		       6.88316
       1.49577		       7.40066
       5.21196		       5.88015
       7.73193		       2.67619
       8.36744		      -1.41694
       6.90393		      -5.36338
       3.66090		      -8.14671
      -0.58230		      -9.02842
      -4.77739		      -7.73882
      -7.86781		      -4.55201
      -9.05436		      -0.22511
      -7.99935		       4.18400
      -4.91807		       7.57611
      -0.53369		       9.08335
       4.09414		       8.28754
       7.82570		       5.32995
       9.72008		       0.88440
       9.26789		      -4.00061
       6.52067		      -8.15272
       2.08444		     -10.55889
      -3.02140		     -10.61179
      -7.60631		      -8.25932
     -10.59329		      -4.02064
     -11.27708		       1.13547
      -9.49339		       6.02060
      -5.65838		       9.50953
      -0.66887		      10.80741
       4.31209		       9.63715
       8.13230		       6.30210
       9.92308		       1.60966
       9.30200		      -3.32477
       6.45754		      -7.34546
       2.09633		      -9.53049
      -2.73264		      -9.40632
      -6.89307		      -7.05186
      -9.43305		      -3.06843
      -9.80740		       1.57515
      -7.99779		       5.78274
      -4.50310		       8.59659
      -0.20483		       9.42352
       3.85717		       8.16701
       6.74197		       5.23479
       7.83387		       1.42265
       6.98246		      -2.29433
       4.52359		      -5.00923
       1.17855		      -6.10704
      -2.14078		      -5.40909
      -4.56967		      -3.20346
      -5.51035		      -0.15587
      -4.77802		       2.87394
      -2.63715		       5.06176
       0.27958		       5.83457
       3.14713		       5.01675
       5.17184		       2.86964
       5.80435		       0.01515
       4.88582		      -2.73574
       2.68936		      -4.60419
      -0.15415		      -5.05590
      -2.82635		      -3.94856
      -4.54327		      -1.57516
      -4.77024		       1.40919
      -3.37297		       4.15867
      -0.66392		       5.86209
       2.66973		       5.96358
       5.73955		       4.32011
       7.68678		       1.25347
       7.91149		      -2.51923
       6.23982		      -6.06060
       2.98443		      -8.45044
      -1.11967		      -9.02516
      -5.09023		      -7.55741
      -7.94103		      -4.32847
      -8.93232		      -0.07235
      -7.76481		       4.19639
      -4.66663		       7.42992
      -0.34936		       8.80797
       4.15802		       7.94687
       7.75739		       5.00312
       9.55089		       0.64439
       9.06433		      -4.10679
       6.36850		      -8.11878
       2.06723		     -10.42578
      -2.84576		     -10.46405
      -7.22644		      -8.21047
     -10.05747		      -4.18907
     -10.69443		       0.65653
      -9.02027		       5.19294
      -5.47032		       8.37251
      -0.92203		       9.48615
       3.52257		       8.33137
       6.80723		       5.25478
       8.17760		       1.05952
       7.35994		      -3.19808
       4.61925		      -6.47103
       0.68389		      -7.97794
      -3.44275		      -7.38936
      -6.73513		      -4.89928
      -8.39932		      -1.16568
      -8.06435		       2.86291
      -5.86460		       6.18968
      -2.39467		       8.01898
       1.45002		       7.95054
       4.70458		       6.07064
       6.57900		       2.91941
       6.65358		      -0.65552
       4.97733		      -3.72006
       2.04609		      -5.49254
      -1.33204		      -5.53972
      -4.24820		      -3.88126
      -5.92645		      -0.97759
      -5.92029		       2.39402
      -4.22280		       5.34214
      -1.26360		       7.09043
       2.20505		       7.17494
       5.30292		       5.55995
       7.24713		       2.64409
       7.55088		      -0.84387
       6.14546		      -4.03203
       3.39577		      -6.12728
       0.00602		      -6.61595
      -3.15969		      -5.39270
      -5.29614		      -2.78597
      -5.86007		       0.52603
      -4.70656		       3.68681
      -2.12504		       5.87738
       1.23369		       6.52202
       4.52075		       5.43276
       6.90175		       2.85666
       7.76550		      -0.58547
       6.87703		      -4.05364
       4.43688		      -6.69768
       1.03222		      -7.86910
      -2.50828		      -7.28299
      -5.31973		      -5.09014
      -6.71590		      -1.84119
      -6.36061		       1.64834
      -4.35316		       4.49923
      -1.20659		       5.98653
       2.27653		       5.72084
       5.20064		       3.74799
       6.79833		       0.54230
       6.62198		      -3.10584
       4.65870		      -6.28126
       1.33982		      -8.16819
      -2.55846		      -8.25269
      -6.10011		      -6.45397
      -8.41595		      -3.15163
      -8.91727		       0.89894
      -7.44448		       4.74388
      -4.31377		       7.45908
      -0.24931		       8.37482
       3.78431		       7.24245
       6.81030		       4.30220
       8.07445		       0.23433
       7.23015		      -3.99608
       4.42859		      -7.36511
       0.29128		      -9.03330
      -4.23014		      -8.54857
      -8.07452		      -5.95957
     -10.32085		      -1.81150
     -10.40742		       2.97600
      -8.26842		       7.32092
      -4.35436		      10.23141
       0.46923		      11.03904
       5.12178		       9.55732
       8.55935		       6.12731
      10.01861		       1.53909
       9.19506		      -3.15279
       6.31316		      -6.87621
       2.07152		      -8.79203
      -2.52352		      -8.48891
      -6.39618		      -6.07597
      -8.65432		      -2.15162
      -8.79670		       2.34314
      -6.82531		       6.35138
      -3.23650		       8.95162
       1.10574		       9.57347
       5.18256		       8.12581
       8.06664		       5.00772
       9.14200		       1.00096
       8.24409		      -2.92814
       5.68713		      -5.86764
       2.17384		      -7.18049
      -1.38849		      -6.65258
      -4.11831		      -4.53290
      -5.37855		      -1.45750
      -4.92937		       1.72166
      -2.97746		       4.15862
      -0.11123		       5.22924
       2.86019		       4.68629
       5.12171		       2.71506
       6.06521		      -0.12336
       5.44608		      -3.04565
       3.44323		      -5.25602
       0.60792		      -6.15753
      -2.28489		      -5.51021
      -4.44377		      -3.49492
      -5.27255		      -0.66626
      -4.53140		       2.19320
      -2.40498		       4.27988
       0.54069		       4.98368
       3.50226		       4.05406
       5.64738		       1.67415
       6.33411		      -1.57755
       5.28446		      -4.86920
       2.66674		      -7.32623
      -0.93586		      -8.25707
      -4.66409		      -7.33647
      -7.59499		      -4.69874
      -8.97463		      -0.91576
      -8.41279		       3.13621
      -5.98937		       6.48904
      -2.24492		       8.32207
       1.94409		       8.16851
       5.57544		       6.03703
       7.76527		       2.41728
       7.96590		      -1.83322
       6.10321		      -5.69374
       2.59920		      -8.22666
      -1.72663		      -8.80512
      -5.85313		      -7.26592
      -8.80292		      -3.95008
      -9.87738		       0.37895
      -8.82364		       4.71944
      -5.89321		       8.07248
      -1.77814		       9.68125
       2.55883		       9.20986
       6.11811		       6.81887
       8.10344		       3.11972
       8.10980		      -0.97946
       6.21376		      -4.49784
       2.94531		      -6.62008
      -0.85023		      -6.89015
      -4.22483		      -5.31393
      -6.36150		      -2.34673
      -6.77122		       1.22941
      -5.40497		       4.50640
      -2.65458		       6.67791
       0.75596		       7.23709
       3.95987		       6.09555
       6.16884		       3.59493
       6.87018		       0.41011
       5.95054		      -2.63010
       3.71596		      -4.75815
       0.80462		      -5.46382
      -1.98433		      -4.62141
      -3.90113		      -2.51639
      -4.44087		       0.23450
      -3.47388		       2.84840
      -1.27777		       4.58381
       1.53675		       4.93675
       4.18712		       3.77487
       5.92560		       1.37483
       6.23803		      -1.64715
       4.98327		      -4.49415
       2.43659		      -6.39649
      -0.77497		      -6.81529
      -3.82995		      -5.58916
      -5.92304		      -2.98542
      -6.47556		       0.35885
      -5.29184		       3.59235
      -2.62034		       5.86364
       0.89757		       6.54008
       4.38025		       5.37601
       6.92317		       2.58651
       7.82701		      -1.19362
       6.77955		      -5.05761
       3.94451		      -8.04594
      -0.06646		      -9.38361
      -4.33363		      -8.67655
      -7.84819		      -6.01766
      -9.75727		      -1.97473
      -9.57481		       2.53840
      -7.30605		       6.47750
      -3.45379		       8.91826
       1.09624		       9.28057
       5.28412		       7.47141
       8.12822		       3.91113
       8.96038		      -0.56423
       7.58632		      -4.90121
       4.33220		      -8.07988
      -0.03406		      -9.35665
      -4.48749		      -8.43992
      -7.99174		      -5.55625
      -9.74569		      -1.39140
      -9.37122		       3.07861
      -6.99689		       6.82437
      -3.21827		       9.00971
       1.05406		       9.18771
       4.82011		       7.39895
       7.23358		       4.14939
       7.80221		       0.27506
       6.49698		      -3.27093
       3.74465		      -5.65521
       0.30774		      -6.36546
      -2.91597		      -5.32666
      -5.12253		      -2.90498
      -5.80150		       0.19971
      -4.85591		       3.14307
      -2.61389		       5.15783
       0.26946		       5.75032
       2.99258		       4.82193
       4.82270		       2.68522
       5.28950		      -0.02807
       4.30678		      -2.54196
       2.19110		      -4.14768
      -0.42699		      -4.39584
      -2.77547		      -3.21887
      -4.15157		      -0.95133
      -4.11513		       1.75747
      -2.61353		       4.11616
      -0.00450		       5.40446
       3.03029		       5.17096
       5.65965		       3.36349
       7.12092		       0.35664
       6.92556		      -3.13246
       4.99839		      -6.22036
       1.71320		      -8.08170
      -2.18659		      -8.16502
      -5.76432		      -6.34446
      -8.12069		      -2.96744
      -8.62117		       1.21604
      -7.06291		       5.22693
      -3.73822		       8.09189
       0.62304		       9.08213
       5.01990		       7.89692
       8.41591		       4.74596
       9.98726		       0.30896
       9.32277		      -4.41885
       6.52672		      -8.35876
       2.19916		     -10.60244
      -2.70226		     -10.62633
      -7.08561		      -8.41506
      -9.97954		      -4.46419
     -10.75865		       0.33769
      -9.28542		       4.91884
      -5.93588		       8.27509
      -1.50396		       9.70135
       2.99087		       8.94876
       6.54531		       6.27154
       8.40460		       2.35413
       8.23049		      -1.86127
       6.16588		      -5.40326
       2.78352		      -7.49976
      -1.06591		      -7.75158
      -4.46676		      -6.21076
      -6.65898		      -3.34776
      -7.21268		       0.08096
      -6.11540		       3.22949
      -3.75395		       5.37267
      -0.79875		       6.07773
       1.97717		       5.29625
       3.89716		       3.35619
       4.54743		       0.85952
       3.87014		      -1.48570
       2.16164		      -3.05391
      -0.02056		      -3.46271
      -2.01586		      -2.66486
      -3.24105		      -0.94983
      -3.34592		       1.14358
      -2.30382		       2.97901
      -0.41466		       3.99794
       1.77940		       3.87237
       3.64265		       2.59500
       4.61934		       0.48340
       4.38636		      -1.90263
       2.94510		      -3.90880
       0.62797		      -4.96087
      -1.98238		      -4.72034
      -4.20111		      -3.18065
      -5.41847		      -0.67836
      -5.26106		       2.18467
      -3.69528		       4.68907
      -1.04572		       6.17894
       2.07732		       6.23025
       4.92414		       4.76390
       6.78968		       2.07397
       7.18975		      -1.23682
       5.98505		      -4.39962
       3.42163		      -6.66525
       0.07671		      -7.48756
      -3.27750		      -6.65902
      -5.85917		      -4.36465
      -7.06602		      -1.14028
      -6.62197		       2.25494
      -4.64483		       5.02118
      -1.61848		       6.51101
       1.72431		       6.38579
       4.57962		       4.69690
       6.26736		       1.87198
       6.39586		      -1.39062
       4.95554		      -4.29323
       2.31906		      -6.13401
      -0.85231		      -6.47816
      -3.77277		      -5.26291
      -5.72627		      -2.81077
      -6.24296		       0.25227
      -5.21454		       3.15332
      -2.91980		       5.16524
       0.04575		       5.78791
       2.91910		       4.87299
       4.96075		       2.66147
       5.64047		      -0.27588
       4.77152		      -3.18039
       2.55989		      -5.29515
      -0.44414		      -6.05543
      -3.48083		      -5.23267
      -5.76925		      -2.99598
      -6.70276		       0.12491
      -6.00337		       3.36678
      -3.79623		       5.91966
      -0.58520		       7.12749
       2.86575		       6.65332
       5.71683		       4.56799
       7.25793		       1.33943
       7.08488		      -2.27564
       5.20305		      -5.41228
       2.03196		      -7.30651
      -1.69104		      -7.48227
      -5.08557		      -5.87024
      -7.33941		      -2.82898
      -7.90497		       0.93772
      -6.63302		       4.54758
      -3.81077		       7.15089
      -0.09450		       8.13459
       3.64723		       7.26971
       6.54196		       4.76617
       7.92269		       1.22137
       7.48711		      -2.52497
       5.36801		      -5.59423
       2.09772		      -7.28104
      -1.52452		      -7.22188
      -4.62937		      -5.47933
      -6.48990		      -2.52124
      -6.69716		       0.89933
      -5.25590		       3.93335
      -2.57685		       5.84701
       0.63174		       6.20208
       3.54576		       4.96070
       5.43422		       2.48874
       5.84285		      -0.54266
       4.70604		      -3.33202
       2.35916		      -5.15438
      -0.55174		      -5.54743
      -3.23961		      -4.42943
      -4.98203		      -2.11880
      -5.31019		       0.74975
      -4.13239		       3.39133
      -1.76019		       5.07680
       1.17036		       5.32558
       3.86278		       4.03551
       5.56792		       1.51554
       5.78230		      -1.58826
       4.38566		      -4.45554
       1.68136		      -6.30273
      -1.67222		      -6.58852
      -4.82332		      -5.16099
      -6.94172		      -2.30764
      -7.43280		       1.30622
      -6.09616		       4.79687
      -3.18749		       7.28060
       0.63359		       8.09692
       4.45858		       6.98013
       7.35067		       4.13546
       8.57658		       0.19900
       7.79186		      -3.91010
       5.13302		      -7.20991
       1.19235		      -8.89463
      -3.11943		      -8.53324
      -6.78995		      -6.17862
      -8.94862		      -2.35950
      -9.07712		       2.04333
      -7.13540		       6.00670
      -3.57212		       8.60971
       0.78291		       9.25351
       4.91787		       7.80292
       7.88104		       4.61570
       9.00663		       0.45299
       8.06980		      -3.70636
       5.33383		      -6.90172
       1.47932		      -8.41893
      -2.56595		      -7.95569
      -5.85361		      -5.68479
      -7.64182		      -2.20163
      -7.56769		       1.62931
      -5.72394		       4.88952
      -2.62329		       6.82929
       0.93848		       7.04386
       4.08471		       5.56059
       6.07429		       2.81802
       6.47853		      -0.45547
       5.27590		      -3.43083
       2.84336		      -5.38687
      -0.15119		      -5.88593
      -2.92574		      -4.87362
      -4.78458		      -2.67980
      -5.29142		       0.07715
      -4.37234		       2.65625
      -2.32432		       4.38678
       0.27078		       4.83853
       2.70306		       3.92706
       4.32095		       1.92816
       4.69932		      -0.60018
       3.74666		      -2.96725
       1.72506		      -4.53112
      -0.82127		      -4.86565
      -3.20941		      -3.87040
      -4.79597		      -1.79595
      -5.14444		       0.82121
      -4.13894		       3.29707
      -2.01581		       4.97625
       0.69490		       5.40112
       3.30298		       4.43091
       5.13282		       2.28077
       5.69538		      -0.52907
       4.81412		      -3.30146
       2.67314		      -5.33578
      -0.22465		      -6.10334
      -3.17903		      -5.38119
      -5.46388		      -3.31085
      -6.50597		      -0.36732
      -6.02721		       2.75427
      -4.11518		       5.30655
      -1.20453		       6.67133
       2.02612		       6.51014
       4.81689		       4.84719
       6.50912		       2.06460
       6.70334		      -1.18878
       5.35463		      -4.15267
       2.78236		      -6.13691
      -0.40744		      -6.68538
      -3.46794		      -5.68282
      -5.68987		      -3.37921
      -6.56930		      -0.32664
      -5.92431		       2.75539
      -3.93336		       5.15290
      -1.08677		       6.32652
       1.93556		       6.03613
       4.42965		       4.39143
       5.83558		       1.81767
       5.86740		      -1.05385
       4.57401		      -3.54256
       2.31761		      -5.08350
      -0.32343		      -5.36010
      -2.70186		      -4.37286
      -4.26180		      -2.42852
      -4.67207		      -0.05404
      -3.90016		       2.14150
      -2.20964		       3.62173
      -0.08343		       4.05523
       1.90632		       3.39254
       3.24776		       1.86943
       3.61976		      -0.06304
       2.97032		      -1.86240
       1.52342		      -3.04014
      -0.28638		      -3.29043
      -1.93401		      -2.56923
      -2.94683		      -1.10324
      -3.03293		       0.67321
      -2.16110		       2.23664
      -0.57127		       3.11737
       1.28757		       3.02924
       2.87650		       1.95179
       3.71195		       0.14278
       3.49929		      -1.92353
       2.21946		      -3.67733
       0.14500		      -4.60293
      -2.22049		      -4.37890
      -4.26543		      -2.97178
      -5.42575		      -0.65808
      -5.33367		       2.03318
      -3.92138		       4.44485
      -1.45205		       5.95318
       1.53181		       6.12662
       4.33186		       4.84201
       6.26054		       2.32772
       6.81026		      -0.87873
       5.78365		      -4.05033
       3.35168		      -6.43991
       0.02406		      -7.45885
      -3.46288		      -6.82180
      -6.31499		      -4.62185
      -7.86623		      -1.31669
      -7.73711		       2.37194
