      18.32379		      -2.02159
      17.85109		      -4.54459
      17.03304		      -6.97551
      15.88603		      -9.26738
      14.43283		     -11.37598
      12.70209		     -13.26071
      10.72780		     -14.88538
       8.54861		     -16.21891
       6.20711		     -17.23589
       3.74894		     -17.91711
       1.22194		     -18.24989
      -1.32478		     -18.22831
      -3.84182		     -17.85336
      -6.28042		     -17.13286
      -8.59343		     -16.08132
     -10.73621		     -14.71965
     -12.66746		     -13.07473
     -14.35009		     -11.17890
     -15.75186		      -9.06932
     -16.84604		      -6.78720
     -17.61189		      -4.37708
     -18.03508		      -1.88588
     -18.10794		       0.63797
     -17.82961		       3.14549
     -17.20604		       5.58810
     -16.24986		       7.91852
     -14.98013		      10.09177
     -13.42196		      12.06595
     -11.60601		      13.80309
      -9.56790		      15.26989
      -7.34748		      16.43835
      -4.98809		      17.28626
      -2.53570		      17.79769
      -0.03800		      17.96327
       2.45652		      17.78031
       4.89950		      17.25292
       7.24365		      16.39186
       9.44368		      15.21434
      11.45717		      13.74370
      13.24537		      12.00891
      14.77396		      10.04401
      16.01371		       7.88746
      16.94104		       5.58138
      17.53847		       3.17070
      17.79493		       0.70233
      17.70598		      -1.77577
      17.27388		      -4.21556
      16.50756		      -6.56979
      15.42240		      -8.79295
      14.03993		     -10.84215
      12.38742		     -12.67792
      10.49734		     -14.26501
       8.40671		     -15.57304
       6.15637		     -16.57709
       3.79021		     -17.25817
       1.35427		     -17.60358
      -1.10410		     -17.60715
      -3.53721		     -17.26935
      -5.89792		     -16.59726
      -8.14057		     -15.60444
     -10.22188		     -14.31064
     -12.10173		     -12.74142
     -13.74401		     -10.92764
     -15.11725		      -8.90483
     -16.19524		      -6.71256
     -16.95754		      -4.39358
     -17.38987		      -1.99306
     -17.48438		       0.44233
     -17.23975		       2.86533
     -16.66126		       5.22896
     -15.76065		       7.48751
     -14.55589		       9.59735
     -13.07081		      11.51781
     -11.33465		      13.21194
      -9.38146		      14.64726
      -7.24944		      15.79635
      -4.98023		      16.63738
      -2.61801		      17.15452
      -0.20875		      17.33826
       2.20078		      17.18557
       4.56386		      16.69991
       6.83475		      15.89125
       8.96956		      14.77575
      10.92712		      13.37554
      12.66975		      11.71820
      14.16401		       9.83626
      15.38131		       7.76658
      16.29849		       5.54957
      16.89823		       3.22845
      17.16942		       0.84837
      17.10730		      -1.54442
      16.71360		      -3.90351
      15.99647		      -6.18321
      14.97034		      -8.33946
      13.65557		     -10.33064
      12.07811		     -12.11841
      10.26896		     -13.66841
       8.26356		     -14.95099
       6.10109		     -15.94168
       3.82372		     -16.62174
       1.47580		     -16.97847
      -0.89705		     -17.00547
      -3.24879		     -16.70272
      -5.53384		     -16.07662
      -7.70802		     -15.13980
      -9.72935		     -13.91093
     -11.55887		     -12.41429
     -13.16141		     -10.67930
     -14.50627		      -8.73999
     -15.56778		      -6.63427
     -16.32579		      -4.40324
     -16.76608		      -2.09033
     -16.88063		       0.25947
     -16.66771		       2.60055
     -16.13198		       4.88754
     -15.28433		       7.07618
     -14.14167		       9.12419
     -12.72663		      10.99209
     -11.06707		      12.64394
      -9.19554		      14.04807
      -7.14867		      15.17762
      -4.96642		      16.01114
      -2.69130		      16.53293
      -0.36757		      16.73336
       1.95963		      16.60905
       4.24519		      16.16292
       6.44486		      15.40413
       8.51612		      14.34787
      10.41902		      13.01510
      12.11693		      11.43208
      13.57726		       9.62990
      14.77206		       7.64385
      15.67858		       5.51272
      16.27970		       3.27805
      16.56426		       0.98333
      16.52721		      -1.32684
      16.16980		      -3.60767
      15.49945		      -5.81498
      14.52966		      -7.90607
      13.27968		      -9.84061
      11.77420		     -11.58131
      10.04281		     -13.09475
       8.11942		     -14.35194
       6.04164		     -15.32889
       3.84998		     -16.00712
       1.58712		     -16.37394
      -0.70296		     -16.42272
      -2.97582		     -16.15303
      -5.18742		     -15.57059
      -7.29497		     -14.68718
      -9.25777		     -13.52040
     -11.03801		     -12.09332
     -12.60145		     -10.43402
     -13.91812		      -8.57503
     -14.96289		      -6.55270
     -15.71591		      -4.40651
     -16.16305		      -2.17825
     -16.29612		       0.08875
     -16.11304		       2.35046
     -15.61784		       4.56306
     -14.82062		       6.68371
     -13.73732		       8.67145
     -12.38938		      10.48795
     -10.80334		      12.09826
      -9.01035		      13.47149
      -7.04547		      14.58137
      -4.94709		      15.40681
      -2.75608		      15.93225
      -0.51508		      16.14797
       1.73239		      16.05027
       3.94275		      15.64155
       6.07320		      14.93021
       8.08255		      13.93053
       9.93205		      12.66232
      11.58608		      11.15062
      13.01289		       9.42510
      14.18516		       7.51955
      15.08058		       5.47121
      15.68221		       3.32000
      15.97884		       1.10781
      15.96522		      -1.12239
      15.64209		      -3.32733
      15.01619		      -5.46430
      14.10015		      -7.49197
      12.91217		      -9.37121
      11.47571		     -11.06581
       9.81902		     -12.54321
       7.97456		     -13.77510
       5.97838		     -14.73799
       3.86943		     -15.41362
       1.68877		     -15.78936
      -0.52121		     -15.85839
      -2.71761		     -15.61984
      -4.85788		     -15.07884
      -6.90061		     -14.24634
      -8.80634		     -13.13893
     -10.53835		     -11.77853
     -12.06331		     -10.19190
     -13.35201		      -8.41017
     -14.37981		      -6.46817
     -15.12721		      -4.40382
     -15.58014		      -2.25733
     -15.73030		      -0.07044
     -15.57525		       2.11438
     -15.11847		       4.25478
     -14.36929		       6.30933
     -13.34269		       8.23833
     -12.05902		      10.00458
     -10.54357		      11.57408
      -8.82607		      12.91673
      -6.94015		      14.00684
      -4.92264		      14.82368
      -2.81286		      15.35183
      -0.65185		      15.58152
       1.51841		      15.50875
       3.65582		      15.13541
       5.71900		      14.46922
       7.66806		      13.52354
       9.46539		      12.31715
      11.07639		      10.87386
      12.47011		       9.22201
      13.61987		       7.39395
      14.50377		       5.42541
      15.10508		       3.35478
      15.41260		       1.22235
      15.42081		      -0.93043
      15.13003		      -3.06180
      14.54637		      -5.13045
      13.68160		      -7.09639
      12.55294		      -8.92166
      11.18266		     -10.57109
       9.59773		     -12.01298
       7.82921		     -13.21971
       5.91167		     -14.16823
       3.88253		     -14.84058
       1.78129		     -15.22414
      -0.35118		     -15.31193
      -2.47349		     -15.10272
      -4.54452		     -14.60103
      -6.52419		     -13.81705
      -8.37426		     -12.76641
     -10.05907		     -11.46990
     -11.54621		      -9.95305
     -12.80716		      -8.24562
     -13.81782		      -6.38100
     -14.55900		      -4.39559
     -15.01675		      -2.32807
     -15.18264		      -0.21867
     -15.05390		       1.89166
     -14.63351		       3.96201
     -13.93006		       5.95229
     -12.95764		       7.82405
     -11.73552		       9.54117
     -10.28780		      11.07062
      -8.64289		      12.38303
      -6.83299		      13.45330
      -4.89346		      14.26106
      -2.86210		      14.79105
      -0.77843		      15.03345
       1.31705		      14.98400
       3.38371		      14.64412
       5.38153		      14.02086
       7.27187		      13.12673
       9.01826		      11.97952
      10.58706		      10.60184
      11.94814		       9.02078
      13.07544		       7.26730
      13.94746		       5.37568
      14.54770		       3.38281
      14.86494		       1.32748
      14.89349		      -0.75036
      14.63324		      -2.81040
      14.08969		      -4.81271
      13.27383		      -6.71857
      12.20189		      -8.49118
      10.89507		     -10.09638
       9.37906		     -11.50332
       7.68359		     -12.68502
       5.84182		     -13.61893
       3.88968		     -14.28733
       1.86518		     -14.67768
      -0.19229		     -14.78285
      -2.24281		     -14.60125
      -4.24663		     -14.13684
      -6.16497		     -13.39908
      -7.96077		     -12.40269
      -9.59941		     -11.16741
     -11.04937		      -9.71755
     -12.28283		      -8.08157
     -13.27621		      -6.29147
     -14.01063		      -4.38220
     -14.47227		      -2.39096
     -14.65259		      -0.35650
     -14.54855		       1.68168
     -14.16260		       3.68407
     -13.50268		       5.61188
     -12.58201		       7.42786
     -11.41884		       9.09698
     -10.03611		      10.58711
      -8.46097		      11.86964
      -6.72426		      12.92003
      -4.85991		      13.71828
      -2.90426		      14.24931
      -0.89537		      14.50323
       1.12772		      14.47558
       3.12578		      14.16731
       5.06009		      13.58486
       6.89327		      12.73993
       8.58992		      11.64933
      10.11736		      10.33459
      11.44626		       8.82155
      12.55115		       7.13985
      13.41097		       5.32236
      14.00942		       3.40453
      14.33533		       1.42371
      14.38279		      -0.58161
      14.15132		      -2.57250
      13.64585		      -4.51039
      12.87661		      -6.35780
      11.85893		      -8.07903
      10.61292		      -9.64094
       9.16311		     -11.01347
       7.53792		     -12.17032
       5.76914		     -13.08940
       3.89128		     -13.75326
       1.94092		     -14.14943
      -0.04400		     -14.27065
      -2.02496		     -14.11500
      -3.96354		     -13.68594
      -5.82224		     -12.99220
      -7.56515		     -12.04767
      -9.15864		     -10.87104
     -10.57206		      -9.48549
     -11.77830		      -7.91821
     -12.75429		      -6.19987
     -13.48146		      -4.36402
     -13.94612		      -2.44645
     -14.13966		      -0.48446
     -14.05876		       1.48385
     -13.70542		       3.42030
     -13.08691		       5.28739
     -12.21564		       7.04905
     -11.10891		       8.67127
      -9.78853		      10.12283
      -8.28045		      11.37585
      -6.61419		      12.40635
      -4.82232		      13.19470
      -2.93976		      13.72599
      -1.00316		      13.99033
       0.94985		      13.98302
       2.88137		      13.70461
       4.75401		      13.16094
       6.53153		      12.36296
       8.17963		      11.32653
       9.66656		      10.07214
      10.96374		       8.62444
      12.04632		       7.01180
      12.89364		       5.26574
      13.48966		       3.42034
      13.82320		       1.51152
      13.88822		      -0.42361
      13.68387		      -2.34749
      13.21455		      -4.22284
      12.48975		      -6.01337
      11.52394		      -7.68451
      10.33623		      -9.20403
       8.94998		     -10.54272
       7.39238		     -11.67491
       5.69391		     -12.57898
       3.88771		     -13.23774
       2.00897		     -13.63882
       0.09423		     -13.77483
      -1.81934		     -13.64357
      -3.69462		     -13.24800
      -5.49533		     -12.59619
      -7.18668		     -11.70120
      -8.73603		     -10.58075
     -10.11358		      -9.25691
     -11.29288		      -7.75569
     -12.25139		      -6.10645
     -12.97087		      -4.34141
     -13.43773		      -2.49497
     -13.64334		      -0.60306
     -13.58411		       1.29758
     -13.26160		       3.17008
     -12.68248		       4.97817
     -11.85839		       6.68692
     -10.80568		       8.26333
      -9.54512		       9.67706
      -8.10148		      10.90096
      -6.50304		      11.91158
      -4.78102		      12.68968
      -2.96902		      13.22054
      -1.10229		      13.49424
       0.78288		      13.50588
       2.64990		      13.25566
       4.46263		      12.74883
       6.18598		      11.99562
       7.78670		      11.01103
       9.23394		       9.81449
      10.49988		       8.42956
      11.56026		       6.88337
      12.39485		       5.20614
      12.98782		       3.43062
      13.32805		       1.59137
      13.40934		      -0.27585
      13.23053		      -2.13478
      12.79548		      -3.94942
      12.11304		      -5.68463
      11.19683		      -7.30690
      10.06497		      -8.78497
       8.73975		     -10.09039
       7.24716		     -11.19813
       5.61641		     -12.08702
       3.87932		     -12.74018
       2.06975		     -13.14531
       0.22290		     -13.29494
      -1.62538		     -13.18657
      -3.43925		     -12.82272
      -5.18359		     -12.21082
      -6.82469		     -11.36315
      -8.33090		     -10.29650
      -9.67323		      -9.03190
     -10.82590		      -7.59417
     -11.76688		      -6.01147
     -12.47824		      -4.31469
     -12.94656		      -2.53693
     -13.16314		      -0.71277
     -13.12417		       1.12234
     -12.83082		       2.93281
     -12.28916		       4.68358
     -11.51009		       6.34080
     -10.50908		       7.87248
      -9.30590		       9.24913
      -7.92419		      10.44429
      -6.39101		      11.43509
      -4.73633		      12.20263
      -2.99241		      12.73238
      -1.19322		      13.01444
       0.62628		      13.04374
       2.43078		      12.82010
       4.18533		      12.34826
       5.85597		      11.63775
       7.41046		      10.70273
       8.81883		       9.56166
      10.05402		       8.23701
      11.09234		       6.75474
      11.91397		       5.14384
      12.50333		       3.43574
      12.84935		       1.66370
      12.94570		      -0.13781
      12.79091		      -1.93382
      12.38838		      -3.68951
      11.74629		      -5.37092
      10.87747		      -6.94557
       9.79913		      -8.38307
       8.53249		      -9.65580
       7.10242		     -10.73931
       5.53689		     -11.61292
       3.86646		     -12.26000
       2.12370		     -12.66838
       0.34250		     -12.83049
      -1.44255		     -12.74360
      -3.19683		     -12.40977
      -4.88637		     -11.83587
      -6.47853		     -11.03339
      -7.94258		     -10.01826
      -9.25034		      -8.81049
     -10.37671		      -7.43380
     -11.30012		      -5.91514
     -12.00300		      -4.28419
     -12.47207		      -2.57273
     -12.69859		      -0.81408
     -12.67855		       0.95760
     -12.41274		       2.70792
     -11.90669		       4.40300
     -11.17058		       6.01006
     -10.21906		       7.49806
      -9.07090		       8.83837
      -7.74868		      10.00521
      -6.27831		      10.97623
      -4.68852		      11.73293
      -3.01032		      12.26097
      -1.27639		      12.55046
       0.47956		      12.59617
       2.22345		      12.39759
       3.92151		      11.95896
       5.54086		      11.28916
       7.05025		      10.40154
       8.42058		       9.31365
       9.62551		       8.04689
      10.64192		       6.62611
      11.45041		       5.07910
      12.03564		       3.43603
      12.38660		       1.72893
      12.49686		      -0.00901
      12.36465		      -1.74405
      11.99293		      -3.44255
      11.38928		      -5.07164
      10.56576		      -6.59985
       9.53868		      -7.99770
       8.32828		      -9.23830
       6.95832		     -10.29784
       5.45559		     -11.15606
       3.84945		     -11.79665
       2.17120		     -12.20751
       0.45349		     -12.38106
      -1.27032		     -12.31428
      -2.96679		     -12.00887
      -4.60308		     -11.47110
      -6.14756		     -10.71178
      -7.57042		      -9.74598
      -8.84428		      -8.59273
      -9.94467		      -7.27470
     -10.85052		      -5.81770
     -11.54458		      -4.25019
     -12.01373		      -2.60274
     -12.24922		      -0.90741
     -12.24685		       0.80285
     -12.00705		       2.49486
     -11.53483		       4.13584
     -10.83972		       5.69406
      -9.93553		       7.13945
      -8.84014		       8.44414
      -7.57508		       9.58307
      -6.16513		      10.53442
      -4.63787		      11.28003
      -3.02309		      11.80578
      -1.35223		      12.10181
       0.34222		      12.16275
       2.02738		      11.98778
       3.67059		      11.58067
       5.24005		      10.94968
       6.70546		      10.10738
       8.03856		       9.07045
       9.21372		       7.85928
      10.20839		       6.49764
      11.00359		       5.01216
      11.58421		       3.43184
      11.93931		       1.78746
      12.06239		       0.11101
      11.95140		      -1.56496
      11.60888		      -3.20796
      11.04182		      -4.78619
      10.26157		      -6.26914
       9.28360		      -7.62823
       8.12718		      -8.83728
       6.81500		      -9.87310
       5.37275		     -10.71587
       3.82859		     -11.34957
       2.21264		     -11.76222
       0.55632		     -11.94618
      -1.10819		     -11.89825
      -2.74859		     -11.61970
      -4.33313		     -11.11631
      -5.83118		     -10.39819
      -7.21382		      -9.47959
      -8.45443		      -8.37865
      -9.52918		      -7.11700
     -10.41749		      -5.71933
     -11.10243		      -4.21298
     -11.57104		      -2.62731
     -11.81458		      -0.99319
     -11.82868		       0.65762
     -11.61342		       2.29309
     -11.17334		       3.88153
     -10.51733		       5.39223
      -9.65843		       6.79601
      -8.61363		       8.06583
      -7.40346		       9.17727
      -6.05166		      10.10905
      -4.58465		      10.84336
      -3.03105		      11.36630
      -1.42113		      11.66804
       0.21382		      11.74309
       1.84205		      11.59035
       3.43202		      11.21314
       4.95295		      10.61912
       6.37547		       9.82015
       7.67215		       8.83204
       8.81804		       7.67425
       9.79118		       6.36948
      10.57295		       4.94328
      11.14851		       3.42347
      11.50702		       1.83967
      11.64188		       0.22270
      11.55080		      -1.39606
      11.23593		      -2.98521
      10.70371		      -4.51399
       9.96480		      -5.95285
       9.03385		      -7.27404
       7.92922		      -8.45213
       6.67259		      -9.46450
       5.28857		     -10.29178
       3.80418		     -10.91823
       2.24837		     -11.33202
       0.65141		     -11.52545
      -0.95568		     -11.49512
      -2.54171		     -11.24197
      -4.07598		     -10.77127
      -5.52881		     -10.09247
      -6.87217		      -9.21906
      -8.08018		      -8.16829
      -9.12964		      -6.96079
     -10.00045		      -5.62024
     -10.67601		      -4.17283
     -11.14351		      -2.64679
     -11.39424		      -1.07183
     -11.42366		       0.52145
     -11.23155		       2.10211
     -10.82199		       3.63953
     -10.20326		       5.10398
      -9.38768		       6.46718
      -8.39137		       7.70285
      -7.23393		       8.78723
      -5.93806		       9.69955
      -4.52909		      10.42239
      -3.03453		      10.94202
      -1.48348		      11.24869
       0.09390		      11.33680
       1.66698		      11.20496
       3.20527		      10.85610
       4.67900		      10.29730
       6.05971		       9.53974
       7.32076		       8.59841
       8.43790		       7.49186
       9.38969		       6.24178
      10.15795		       4.87266
      10.72805		       3.41122
      11.08927		       1.88593
      11.23492		       0.32647
      11.16252		      -1.23687
      10.87382		      -2.77378
      10.37474		      -4.25449
       9.67531		      -5.65040
       8.78939		      -6.93457
       7.73446		      -8.08227
       6.53122		      -9.07147
       5.20325		      -9.88325
       3.77648		     -10.50213
       2.27873		     -10.91643
       0.73916		     -11.11843
      -0.81233		     -11.10455
      -2.34564		     -10.87540
      -3.83106		     -10.43576
      -5.23988		      -9.79448
      -6.54489		      -8.96431
      -7.72097		      -7.96165
      -8.74550		      -6.80620
      -9.59887		      -5.52060
     -10.26480		      -4.12999
     -10.73066		      -2.66149
     -10.98776		      -1.14370
     -11.03142		       0.39389
     -10.86113		       1.92142
     -10.48054		       3.40931
      -9.89735		       4.82876
      -9.12319		       6.15237
      -8.17336		       7.35461
      -7.06655		       8.41238
      -5.82448		       9.30539
      -4.47144		      10.01658
      -3.03382		      10.53246
      -1.53965		      10.84333
      -0.01796		      10.94348
       1.50168		      10.83130
       2.98982		      10.50930
       4.41766		       9.98405
       5.75761		       9.26606
       6.98383		       8.36954
       8.07272		       7.31217
       9.00339		       6.11468
       9.75805		       4.80053
      10.32233		       3.39536
      10.68559		       1.92657
      10.84112		       0.42274
      10.78621		      -1.08694
      10.52227		      -2.57316
      10.05474		      -4.00717
       9.39300		      -5.36124
       8.55018		      -6.60924
       7.54293		      -7.72713
       6.39101		      -8.69347
       5.11699		      -9.48973
       3.74576		     -10.10076
       2.30406		     -10.51500
       0.81996		     -10.72473
      -0.67772		     -10.72619
      -2.15990		     -10.51970
      -3.59788		     -10.10957
      -4.96385		      -9.50409
      -6.23144		      -8.71529
      -7.37622		      -7.75875
      -8.37619		      -6.65330
      -9.21220		      -5.42058
      -9.86829		      -4.08471
     -10.33203		      -2.67173
     -10.59472		      -1.20918
     -10.65159		       0.27452
     -10.50186		       1.75057
     -10.14876		       3.19037
      -9.59944		       4.56605
      -8.86488		       5.85104
      -7.95959		       7.02058
      -6.90141		       8.05216
      -5.71108		       8.92602
      -4.41190		       9.62544
      -3.02922		      10.13716
      -1.58998		      10.45152
      -0.12217		      10.56277
       1.34571		      10.46904
       2.78519		      10.17250
       4.16841		       9.67919
       5.46864		       8.99900
       6.66081		       8.14540
       7.72197		       7.13523
       8.63174		       5.98830
       9.37274		       4.72707
       9.93086		       3.37617
      10.29557		       1.96193
      10.46009		       0.51188
      10.42155		      -0.94582
      10.18102		      -2.38290
       9.74348		      -3.77152
       9.11773		      -5.08484
       8.31618		      -6.29751
       7.35465		      -7.38618
       6.25205		      -8.32995
       5.02996		      -9.11073
       3.71226		      -9.71365
       2.32467		     -10.12729
       0.89418		     -10.34394
      -0.55140		     -10.35970
      -1.98403		     -10.17459
      -3.37593		      -9.79249
      -4.70020		      -9.22115
      -5.93127		      -8.47192
      -7.04540		      -7.55961
      -8.02120		      -6.50218
      -8.83994		      -5.32033
      -9.48602		      -4.03720
      -9.94716		      -2.67780
     -10.21473		      -1.26862
     -10.28383		       0.16294
     -10.15345		       1.58910
      -9.82641		       2.98221
      -9.30938		       4.31532
      -8.61266		       5.56266
      -7.75006		       6.70020
      -6.73856		       7.70606
      -5.59799		       8.56093
      -4.35069		       9.24848
      -3.02099		       9.75564
      -1.63480		      10.07286
      -0.21910		      10.19430
       1.19863		      10.11789
       2.59090		       9.84545
       3.93074		       9.38254
       5.19228		       8.73846
       6.35117		       7.92597
       7.38510		       6.96108
       8.27423		       5.86275
       9.00154		       4.65247
       9.55319		       3.35390
       9.91876		       1.99233
      10.09145		       0.59428
      10.06822		      -0.81310
       9.84982		      -2.20251
       9.44080		      -3.54704
       8.84938		      -4.82068
       8.08732		      -5.99886
       7.16966		      -7.05889
       6.11443		      -7.98040
       4.94232		      -8.74574
       3.67622		      -9.34031
       2.34084		      -9.75287
       0.96217		      -9.97568
      -0.43300		     -10.00474
      -1.81757		      -9.83979
      -3.16474		      -9.48432
      -4.44843		      -8.94552
      -5.64387		      -8.23414
      -6.72800		      -7.36423
      -7.67999		      -6.35291
      -8.48159		      -5.22001
      -9.11748		      -3.98768
      -9.57562		      -2.67997
      -9.84738		      -1.32235
      -9.92779		       0.05877
      -9.81560		       1.43658
      -9.51328		       2.78438
      -9.02700		       4.07609
      -8.36646		       5.28673
      -7.54475		       6.39298
      -6.57805		       7.37354
      -5.48534		       8.20961
      -4.28799		       8.88520
      -3.00939		       9.38746
      -1.67444		       9.70694
      -0.30913		       9.83771
       1.06003		       9.77754
       2.40649		       9.52791
       3.70418		       9.09393
       4.92802		       8.48433
       6.05439		       7.71119
       7.06162		       6.78976
       7.93035		       5.73814
       8.64397		       4.57692
       9.18887		       3.32878
       9.55477		       2.01806
       9.73485		       0.67028
       9.72591		      -0.68839
       9.52841		      -2.03157
       9.14649		      -3.33326
       8.58784		      -4.56828
       7.86356		      -5.71280
       6.98796		      -6.74476
       5.97826		      -7.64433
       4.85423		      -8.39428
       3.63786		      -8.98031
       2.35286		      -9.39131
       1.02427		      -9.61958
      -0.32210		      -9.66099
      -1.66012		      -9.51504
      -2.96384		      -9.18483
      -4.20806		      -8.67707
      -5.36874		      -8.00187
      -6.42350		      -7.17260
      -7.35208		      -6.20556
      -8.13665		      -5.11973
      -8.76224		      -3.93635
      -9.21697		      -2.67850
      -9.49229		      -1.37070
      -9.58313		      -0.03837
      -9.48804		       1.29261
      -9.20915		       2.59644
      -8.75214		       3.84788
      -8.12617		       5.02275
      -7.34363		       6.09840
      -6.41994		       7.05413
      -5.37323		       7.87160
      -4.22399		       8.53516
      -2.99466		       9.03221
      -1.70920		       9.35336
      -0.39262		       9.49266
       0.92951		       9.44770
       2.23154		       9.21964
       3.48827		       8.81319
       4.67539		       8.23651
       5.77000		       7.50104
       6.75102		       6.62130
       7.59962		       5.61457
       8.29955		       4.50056
       8.83746		       3.30105
       9.20319		       2.03941
       9.38992		       0.74022
       9.39430		      -0.57128
       9.21654		      -1.86966
       8.86037		      -3.12974
       8.33297		      -4.32717
       7.64484		      -5.43882
       6.80958		      -6.44328
       5.84360		      -7.32124
       4.76585		      -8.05589
       3.59738		      -8.63319
       2.36100		      -9.04220
       1.08079		      -9.27527
      -0.21836		      -9.32814
      -1.51124		      -9.20007
      -2.77280		      -8.89384
      -3.97861		      -8.41565
      -5.10540		      -7.77505
      -6.13143		      -6.98472
      -7.03698		      -6.06020
      -7.80467		      -5.01965
      -8.41985		      -3.88340
      -8.87081		      -2.67365
      -9.14908		      -1.41396
      -9.24953		      -0.12883
      -9.17050		       1.15677
      -8.91379		       2.41794
      -8.48466		       3.63024
      -7.89171		       4.77026
      -7.14669		       5.81600
      -6.26427		       6.74734
      -5.26179		       7.54640
      -4.15887		       8.19790
      -2.97705		       8.68944
      -1.73936		       9.01174
      -0.46989		       9.15881
       0.80669		       9.12808
       2.06563		       8.92042
       3.28255		       8.54014
       4.43391		       7.99489
       5.49751		       7.29548
       6.45284		       6.45573
       7.28158		       5.49213
       7.96783		       4.42357
       8.49853		       3.27091
       8.86363		       2.05665
       9.05631		       0.80443
       9.07310		      -0.46143
       8.91396		      -1.71636
       8.58224		      -2.93604
       8.08466		      -4.09688
       7.43111		      -5.17647
       6.63451		      -6.15400
       5.71053		      -7.01069
       4.67729		      -7.73010
       3.55499		      -8.29852
       2.36552		      -8.70516
       1.13206		      -8.94238
      -0.12141		      -9.00586
      -1.37057		      -8.89463
      -2.59119		      -8.61113
      -3.75965		      -8.16112
      -4.85339		      -7.55359
      -5.85132		      -6.80057
      -6.73423		      -5.91688
      -7.48520		      -4.91986
      -8.08986		      -3.82902
      -8.53673		      -2.66565
      -8.81739		      -1.45243
      -8.92666		      -0.21295
      -8.86269		       1.02871
      -8.62699		       2.24847
      -8.22440		       3.42273
      -7.66299		       4.52879
      -6.95388		       5.54530
      -6.11108		       6.45271
      -5.15111		       7.23359
      -4.09278		       7.87300
      -2.95676		       8.35877
      -1.76520		       8.68171
      -0.54129		       8.83583
       0.69120		       8.81839
       1.90835		       8.63002
       3.08660		       8.27462
       4.20315		       7.75935
       5.23646		       7.09445
       6.16662		       6.29305
       6.97576		       5.37090
       7.64839		       4.34607
       8.17168		       3.23858
       8.53571		       2.07004
       8.73369		       0.86320
       8.76202		      -0.35848
       8.62043		      -1.57129
       8.31194		      -2.75173
       7.84277		      -3.87697
       7.22229		      -4.92528
       6.46275		      -5.87645
       5.57911		      -6.71220
       4.58869		      -7.41650
       3.51086		      -7.97590
       2.36665		      -8.37979
       1.17835		      -8.62058
      -0.03093		      -8.69386
      -1.23771		      -8.59847
      -2.41860		      -8.33651
      -3.55074		      -7.91335
      -4.61227		      -7.33742
      -5.58270		      -6.62014
      -6.44338		      -5.77564
      -7.17779		      -4.82048
      -7.77187		      -3.77336
      -8.21435		      -2.65473
      -8.49687		      -1.48639
      -8.61421		      -0.29106
      -8.56436		       0.90804
      -8.34854		       2.08765
      -7.97120		       3.22493
      -7.43990		       4.29790
      -6.76519		       5.28586
      -5.96038		       6.16979
      -5.04128		       6.93271
      -4.02588		       7.56003
      -2.93401		       8.03978
      -1.78698		       8.36291
      -0.60710		       8.52339
       0.58270		       8.51837
       1.75933		       8.34820
       2.90000		       8.01645
       3.98267		       7.52979
       4.98641		       6.89792
       5.89191		       6.13329
       6.68175		       5.25096
       7.34080		       4.26820
       7.85650		       3.20424
       8.21907		       2.07982
       8.42172		       0.91685
       8.46077		      -0.26208
       8.33572		      -1.43407
       8.04926		      -2.57643
       7.60719		      -3.66703
       7.01832		      -4.68483
       6.29431		      -5.61020
       5.44940		      -6.42535
       4.50017		      -7.11465
       3.46518		      -7.66493
       2.36462		      -8.06573
       1.21995		      -8.30953
       0.05343		      -8.39184
      -1.11230		      -8.31133
      -2.25464		      -8.06979
      -3.35147		      -7.67219
      -4.38160		      -7.12646
      -5.32516		      -6.44341
      -6.16400		      -5.63652
      -6.88202		      -4.72161
      -7.46548		      -3.71660
      -7.90328		      -2.64110
      -8.18717		      -1.51609
      -8.31188		      -0.36345
      -8.27525		       0.79443
      -8.07823		       1.93508
      -7.72490		       3.03643
      -7.22236		       4.07718
      -6.58058		       5.03725
      -5.81222		       5.89815
      -4.93239		       6.64335
      -3.95830		       7.25858
      -2.90900		       7.73211
      -1.80495		       8.05499
      -0.66764		       8.22119
       0.48084		       8.22774
       1.61818		       8.07476
       2.72237		       7.76547
       3.77205		       7.30611
       4.74694		       6.70582
       5.62827		       5.97646
       6.39910		       5.13237
       7.04466		       4.19010
       7.55261		       3.16808
       7.91335		       2.08623
       8.12009		       0.96564
       8.16907		      -0.17192
       8.05960		      -1.30436
       7.79404		      -2.40973
       7.37779		      -3.46665
       6.81915		      -4.45470
       6.12918		      -5.35483
       5.32146		      -6.14972
       4.41184		      -6.82414
       3.41810		      -7.36520
       2.35966		      -7.76261
       1.25713		      -8.00890
       0.13195		      -8.09952
      -0.99401		      -8.03297
      -2.09894		      -7.81078
      -3.16144		      -7.43750
      -4.16097		      -6.92062
      -5.07827		      -6.27036
      -5.89567		      -5.49956
      -6.59748		      -4.62335
      -7.17028		      -3.65887
      -7.60316		      -2.62497
      -7.88795		      -1.54180
      -8.01937		      -0.43043
      -7.99510		       0.68753
      -7.81586		       1.79041
      -7.48537		       2.85685
      -7.01027		       3.86622
      -6.40000		       4.79906
      -5.66661		       5.63738
      -4.82451		       6.36509
      -3.89019		       6.96826
      -2.88191		       7.43537
      -1.81934		       7.75760
      -0.72317		       7.92892
       0.38530		       7.94624
       1.48457		       7.80948
       2.55332		       7.52152
       3.57090		       7.08819
       4.51764		       6.51811
       5.37531		       5.82255
       6.12742		       5.01520
       6.75955		       4.11188
       7.25964		       3.13026
       7.61819		       2.08949
       7.82848		       1.00984
       7.88666		      -0.08769
       7.79184		      -1.18180
       7.54610		      -2.25128
       7.15445		      -3.27543
       6.62470		      -4.23447
       5.96734		      -5.10991
       5.19532		      -5.88491
       4.32379		      -6.54459
       3.36979		      -7.07635
       2.35196		      -7.47008
       1.29013		      -7.71836
       0.20495		      -7.81661
      -0.88250		      -7.76316
      -1.95113		      -7.55928
      -2.98026		      -7.20916
      -3.94999		      -6.71982
      -4.84162		      -6.10097
      -5.63798		      -5.36480
      -6.32378		      -4.52578
      -6.88590		      -3.60032
      -7.31363		      -2.60652
      -7.59890		      -1.56374
      -7.73639		      -0.49228
      -7.72367		       0.58704
      -7.56123		       1.65329
      -7.25244		       2.68581
      -6.80354		       3.66463
      -6.22343		       4.57087
      -5.52357		       5.38707
      -4.71771		       6.09754
      -3.82166		       6.68868
      -2.85292		       7.14922
      -1.83039		       7.47042
      -0.77397		       7.64628
       0.29579		       7.67362
       1.35814		       7.55214
       2.39249		       7.28443
       3.37883		       6.87591
       4.29811		       6.33473
       5.13262		       5.67157
       5.86631		       4.89950
       6.48511		       4.03365
       6.97721		       3.09095
       7.33327		       2.08980
       7.54658		       1.04971
       7.61325		      -0.00910
       7.53221		      -1.06607
       7.30526		      -2.10071
       6.93704		      -3.09300
       6.43490		      -4.02377
       5.80879		      -4.87506
       5.07104		      -5.63050
       4.23613		      -6.27559
       3.32040		      -6.79800
       2.34173		      -7.18779
       1.31920		      -7.43761
       0.27270		      -7.54284
      -0.77745		      -7.50166
      -1.81087		      -7.31511
      -2.80757		      -6.98702
      -3.74827		      -6.52399
      -4.61482		      -5.93520
      -5.39054		      -5.23226
      -6.06053		      -4.42898
      -6.61196		      -3.54109
      -7.03434		      -2.58594
      -7.31968		      -1.58215
      -7.46265		      -0.54927
      -7.46072		       0.49264
      -7.31414		       1.52337
      -7.02598		       2.52294
      -6.60206		       3.47203
      -6.05080		       4.35232
      -5.38310		       5.14684
      -4.61207		       5.84032
      -3.75284		       6.41949
      -2.82220		       6.87329
      -1.83830		       7.19311
      -0.82030		       7.37298
       0.21200		       7.40961
       1.23857		       7.30254
       2.23952		       7.05404
       3.19547		       6.66918
       4.08797		       6.15562
       4.89982		       5.52352
       5.61539		       4.78532
       6.22097		       3.95550
       6.70499		       3.05030
       7.05825		       2.08738
       7.27411		       1.08550
       7.34860		       0.06415
       7.28050		      -0.95685
       7.07136		      -1.95769
       6.72544		      -2.91900
       6.24968		      -3.82221
       5.65349		      -4.64990
       4.94863		      -5.38614
       4.14894		      -6.01679
       3.27006		      -6.52981
       2.32916		      -6.91542
       1.34457		      -7.16634
       0.33547		      -7.27794
      -0.67856		      -7.24825
      -1.67783		      -7.07809
      -2.64301		      -6.77096
      -3.55544		      -6.33303
      -4.39749		      -5.77302
      -5.15297		      -5.10195
      -5.80736		      -4.33302
      -6.34812		      -3.48129
      -6.76497		      -2.56340
      -7.04999		      -1.59725
      -7.19789		      -0.60165
      -7.20600		       0.40405
      -7.07439		       1.40033
      -6.80583		       2.36791
      -6.40574		       3.28806
      -5.88209		       4.14301
      -5.24521		       4.91630
      -4.50764		       5.59306
      -3.68383		       6.16032
      -2.78990		       6.60725
      -1.84328		       6.92538
      -0.86240		       7.10874
       0.13365		       7.15399
       1.12555		       7.06047
       2.09407		       6.83021
       3.02047		       6.46788
       3.88686		       5.98073
       4.67653		       5.37838
       5.37429		       4.67271
       5.96676		       3.87755
       6.44261		       3.00846
       6.79281		       2.08241
       7.01077		       1.11743
       7.09245		       0.13231
       7.03650		      -0.85383
       6.84422		      -1.82187
       6.51954		      -2.75307
       6.06897		      -3.62943
       5.50145		      -4.43405
       4.82815		      -5.15144
       4.06230		      -5.76783
       3.21890		      -6.27142
       2.31441		      -6.65263
       1.36646		      -6.90427
       0.39352		      -7.02165
      -0.58553		      -7.00271
      -1.55169		      -6.84803
      -2.48625		      -6.56083
      -3.37114		      -6.14687
      -4.18928		      -5.61439
      -4.92491		      -4.97390
      -5.56391		      -4.23797
      -6.09403		      -3.42104
      -6.50517		      -2.53906
      -6.78954		      -1.60924
      -6.94183		      -0.64968
      -6.95930		       0.32097
      -6.84181		       1.28387
      -6.59185		       2.22038
      -6.21449		       3.11236
      -5.71723		       3.94260
      -5.10991		       4.69510
      -4.40447		       5.35539
      -3.61475		       5.91081
      -2.75618		       6.35077
      -1.84552		       6.66690
      -0.90051		       6.85328
       0.06047		       6.90650
       1.01878		       6.82573
       1.95583		       6.61276
       2.85348		       6.27191
       3.69441		       5.80999
       4.46239		       5.23616
       5.14265		       4.56170
       5.72213		       3.79987
       6.18976		       2.96556
       6.53666		       2.07506
       6.75628		       1.14573
       6.84456		       0.19565
       6.80000		      -0.75674
       6.62368		      -1.69296
       6.31921		      -2.59489
       5.89270		      -3.44509
       5.35262		      -4.22717
       4.70960		      -4.92606
       3.97629		      -5.52835
       3.16704		      -6.02251
       2.29765		      -6.39913
       1.38508		      -6.65110
       0.44709		      -6.77371
      -0.49809		      -6.76481
      -1.43214		      -6.62477
      -2.33695		      -6.35650
      -3.19503		      -5.96542
      -3.98982		      -5.45929
      -4.70602		      -4.84812
      -5.32984		      -4.14390
      -5.84935		      -3.36046
      -6.25465		      -2.51308
      -6.53804		      -1.61832
      -6.69422		      -0.69359
      -6.72038		       0.24315
      -6.61620		       1.17369
      -6.38390		       2.08002
      -6.02821		       2.94460
      -5.55619		       3.75074
      -4.97720		       4.48289
      -4.30261		       5.12698
      -3.54567		       5.67065
      -2.72117		       6.10353
      -1.84521		       6.41740
      -0.93484		       6.60635
      -0.00779		       6.66692
       0.91797		       6.59814
       1.82447		       6.40154
       2.69418		       6.08114
       3.51029		       5.64335
       4.25706		       5.09682
       4.92012		       4.45234
       5.48675		       3.72255
       5.94612		       2.92173
       6.28948		       2.06552
       6.51036		       1.17061
       6.60468		       0.25441
       6.57079		      -0.66529
       6.40957		      -1.57064
       6.12432		      -2.44413
       5.72079		      -3.26885
       5.20698		      -4.02890
       4.59302		      -4.70965
       3.89098		      -5.29802
       3.11460		      -5.78275
       2.27905		      -6.15460
       1.40063		      -6.40655
       0.49643		      -6.53389
      -0.41597		      -6.53435
      -1.31888		      -6.40812
      -2.19480		      -6.15785
      -3.02679		      -5.78859
      -3.79879		      -5.30767
      -4.49593		      -4.72461
      -5.10481		      -4.05086
      -5.61376		      -3.29963
      -6.01308		      -2.48561
      -6.29519		      -1.62467
      -6.45480		      -0.73359
      -6.48902		       0.17032
      -6.39737		       1.06950
      -6.18184		       1.94654
      -5.84679		       2.78447
      -5.39891		       3.56709
      -4.84707		       4.27933
      -4.20211		       4.90748
      -3.47669		       5.43950
      -2.68501		       5.86523
      -1.84251		       6.17657
      -0.96562		       6.36767
      -0.07138		       6.43502
       0.82285		       6.37750
       1.69971		       6.19642
       2.54225		       5.89549
       3.33417		       5.48073
       4.06021		       4.96037
       4.70639		       4.34465
       5.26030		       3.64566
       5.71137		       2.87709
       6.05099		       2.05394
       6.27276		       1.19227
       6.37257		       0.30883
       6.34868		      -0.57921
       6.20173		      -1.45463
       5.93477		      -2.30047
       5.55318		      -3.10038
       5.06451		      -3.83893
       4.47842		      -4.50189
       3.80643		      -5.07652
       3.06169		      -5.55183
       2.25876		      -5.91876
       1.41329		      -6.17036
       0.54176		      -6.30193
      -0.33891		      -6.31111
      -1.21163		      -6.19792
      -2.05949		      -5.96475
      -2.86609		      -5.61629
      -3.61585		      -5.15950
      -4.29434		      -4.60339
      -4.88850		      -3.95890
      -5.38695		      -3.23867
      -5.78018		      -2.45678
      -6.06072		      -1.62848
      -6.22332		      -0.76991
      -6.26500		       0.10224
      -6.18516		       0.97103
      -5.98552		       1.81964
      -5.67015		       2.63164
      -5.24535		       3.39134
      -4.71951		       4.08409
      -4.10300		       4.69658
      -3.40790		       5.21705
      -2.64783		       5.63555
      -1.83761		       5.94414
      -0.99304		       6.13700
      -0.13054		       6.21057
       0.73314		       6.16361
       1.58125		       5.99723
       2.39737		       5.71484
       3.16573		       5.32209
       3.87151		       4.82677
       4.50111		       4.23865
       5.04247		       3.56928
       5.48521		       2.83175
       5.82090		       2.04048
       6.04322		       1.21089
       6.14802		       0.35913
       6.13346		      -0.49826
       6.00001		      -1.34464
       5.75044		      -2.16363
       5.38977		      -2.93938
       4.92517		      -3.65692
       4.36582		      -4.30244
       3.72269		      -4.86353
       3.00840		      -5.32945
       2.23691		      -5.69131
       1.42326		      -5.94225
       0.58329		      -6.07760
      -0.26667		      -6.09490
      -1.11013		      -5.99401
      -1.93074		      -5.77706
      -2.71263		      -5.44845
      -3.44070		      -5.01472
      -4.10091		      -4.48445
      -4.68059		      -3.86806
      -5.16860		      -3.17765
      -5.55565		      -2.42671
      -5.83437		      -1.62991
      -5.99954		      -0.80275
      -6.04813		       0.03867
      -5.97938		       0.87802
      -5.79482		       1.69903
      -5.49819		       2.48581
      -5.09543		       3.22316
      -4.59452		       3.89687
      -4.00531		       4.49396
      -3.33937		       5.00299
      -2.60974		       5.41422
      -1.83065		       5.71984
      -1.01729		       5.91408
      -0.18549		       5.99335
       0.64861		       5.95631
       1.46882		       5.80384
       2.25926		       5.53908
       3.00467		       5.16735
       3.69065		       4.69602
       4.30399		       4.13438
       4.83293		       3.49346
       5.26734		       2.78583
       5.59895		       2.02529
       5.82148		       1.22667
       5.93080		       0.40553
       5.92495		      -0.42218
       5.80425		      -1.24041
       5.57120		      -2.03331
       5.23051		      -2.78554
       4.78894		      -3.48258
       4.25522		      -4.11101
       3.63983		      -4.65875
       2.95484		      -5.11531
       2.21364		      -5.47198
       1.43068		      -5.72199
       0.62122		      -5.86068
      -0.19902		      -5.88552
      -1.01411		      -5.79621
      -1.80826		      -5.59467
      -2.56611		      -5.28497
      -3.27302		      -4.87330
      -3.91536		      -4.36779
      -4.48078		      -3.77839
      -4.95844		      -3.11666
      -5.33921		      -2.39555
      -5.61588		      -1.62912
      -5.78323		      -0.83231
      -5.83819		      -0.02061
      -5.77987		       0.79021
      -5.60959		       1.58444
      -5.33081		       2.34671
      -4.94912		       3.06228
      -4.47208		       3.71735
      -3.90908		       4.29933
      -3.27118		       4.79703
      -2.57085		       5.20096
      -1.82178		       5.50341
      -1.03857		       5.69868
      -0.23645		       5.78317
       0.56900		       5.75540
       1.36215		       5.61609
       2.12764		       5.36811
       2.85069		       5.01644
       3.51733		       4.56807
       4.11473		       4.03184
       4.63141		       3.41828
       5.05749		       2.73941
       5.38485		       2.00849
       5.60730		       1.23978
       5.72068		       0.44824
       5.72297		      -0.35075
       5.61430		      -1.14168
       5.39695		      -1.90924
       5.07531		      -2.63857
       4.65577		      -3.31561
       4.14663		      -3.92730
       3.55789		      -4.46189
       2.90109		      -4.90913
       2.18908		      -5.26049
       1.43575		      -5.50931
       0.65576		      -5.65093
      -0.13572		      -5.68276
      -0.92333		      -5.60437
      -1.69179		      -5.41745
      -2.42625		      -5.12578
      -3.11252		      -4.73519
      -3.73737		      -4.25341
      -4.28877		      -3.68993
      -4.75616		      -3.05578
      -5.13061		      -2.36339
      -5.40499		      -1.62626
      -5.57415		      -0.85876
      -5.63498		      -0.07582
      -5.58646		       0.70737
      -5.42970		       1.47561
      -5.16792		       2.21404
      -4.80636		       2.90838
      -4.35218		       3.54525
      -3.81433		       4.11238
      -3.20338		       4.59889
      -2.53127		       4.99548
      -1.81115		       5.29459
      -1.05704		       5.49057
      -0.28362		       5.57981
       0.49408		       5.56072
       1.26099		       5.43385
       2.00224		       5.20182
       2.70351		       4.86931
       3.35126		       4.44292
       3.93302		       3.93105
       4.43762		       3.34378
       4.85539		       2.69260
       5.17837		       1.99023
       5.40044		       1.25038
       5.51746		       0.48745
       5.52732		      -0.28373
       5.43001		      -1.04820
       5.22757		      -1.79115
       4.92410		      -2.49821
       4.52564		      -3.15572
       4.04006		      -3.75102
       3.47691		      -4.27265
       2.84724		      -4.71063
       2.16335		      -5.05660
       1.43859		      -5.30398
       0.68708		      -5.44815
      -0.07657		      -5.48646
      -0.83754		      -5.41833
      -1.58107		      -5.24527
      -2.29279		      -4.97078
      -2.95893		      -4.60035
      -3.56666		      -4.14131
      -4.10429		      -3.60270
      -4.56150		      -2.99508
      -4.92956		      -2.33035
      -5.20146		      -1.62149
      -5.37209		      -0.88230
      -5.43830		      -0.12716
      -5.39897		       0.62926
      -5.25503		       1.37229
      -5.00943		       2.08755
      -4.66709		       2.76121
      -4.23480		       3.38028
      -3.72109		       3.93284
      -3.13604		       4.40829
      -2.49110		       4.79752
      -1.79889		       5.09313
      -1.07288		       5.28952
      -0.32721		       5.38306
       0.42364		       5.37209
       1.16509		       5.25697
       1.88279		       5.04012
       2.56286		       4.72589
       3.19217		       4.32053
       3.75860		       3.83203
       4.25128		       3.27001
       4.66076		       2.64548
       4.97923		       1.97063
       5.20067		       1.25863
       5.32093		       0.52335
       5.33784		      -0.22092
       5.25123		      -0.95974
       5.06295		      -1.67879
       4.77680		      -2.36417
       4.39849		      -3.00263
       3.93550		      -3.58188
       3.39693		      -4.09077
       2.79335		      -4.51956
       2.13656		      -4.86004
       1.43938		      -5.10577
       0.71538		      -5.25212
      -0.02135		      -5.29641
      -0.75651		      -5.23794
      -1.47585		      -5.07802
      -2.16544		      -4.81989
      -2.81197		      -4.46872
      -3.40297		      -4.03147
      -3.92706		      -3.51674
      -4.37420		      -2.93463
      -4.73582		      -2.29654
      -5.00506		      -1.61493
      -5.17684		      -0.90307
      -5.24798		      -0.17483
      -5.21726		       0.55566
      -5.08544		       1.27423
      -4.85523		       1.96697
      -4.53125		       2.62049
      -4.11992		       3.22217
      -3.62937		       3.76044
      -3.06921		       4.22496
      -2.45044		       4.60683
      -1.78512		       4.89879
      -1.08624		       5.09531
      -0.36739		       5.19274
       0.35745		       5.18934
       1.07422		       5.08533
       1.76904		       4.88289
       2.42847		       4.58610
       3.03978		       4.20087
       3.59120		       3.73479
       4.07213		       3.19703
       4.47335		       2.59813
       4.78721		       1.94980
       5.00777		       1.26468
       5.13089		       0.55612
       5.15434		      -0.16210
       5.07782		      -0.87606
       4.90298		      -1.57192
       4.63335		      -2.23620
       4.27431		      -2.85609
       3.83296		      -3.41963
       3.31800		      -3.91599
       2.73951		      -4.33564
       2.10882		      -4.67058
       1.43823		      -4.91444
       0.74081		      -5.06263
       0.03013		      -5.11244
      -0.68003		      -5.06305
      -1.37589		      -4.91558
      -2.04397		      -4.67303
      -2.67139		      -4.34027
      -3.24602		      -3.92388
      -3.75682		      -3.43206
      -4.19398		      -2.87448
      -4.54914		      -2.26205
      -4.81555		      -1.60671
      -4.98817		      -0.92126
      -5.06382		      -0.21902
      -5.04116		       0.48636
      -4.92081		       1.18121
      -4.70524		       1.85207
      -4.39878		       2.48596
      -4.00752		       3.07066
      -3.53918		       3.59491
      -3.00296		       4.04864
      -2.40936		       4.42317
      -1.76997		       4.71135
      -1.09727		       4.90773
      -0.40436		       5.00865
       0.29531		       5.01231
       0.98815		       4.91879
       1.66075		       4.73005
       2.30009		       4.44989
       2.89384		       4.08391
       3.43055		       3.63931
       3.89990		       3.12486
       4.29291		       2.55063
       4.60207		       1.92785
       4.82152		       1.26868
       4.94715		       0.58594
       4.97666		      -0.10709
       4.90964		      -0.79696
       4.74754		      -1.47029
       4.49365		      -2.11406
       4.15303		      -2.71583
       3.73243		      -3.26400
       3.24013		      -3.74803
       2.68578		      -4.15864
       2.08023		      -4.48797
       1.43530		      -4.72977
       0.76355		      -4.87949
       0.07805		      -4.93438
      -0.60788		      -4.89351
      -1.28096		      -4.75783
      -1.92814		      -4.53012
      -2.53692		      -4.21493
      -3.09556		      -3.81853
      -3.59331		      -3.34871
      -4.02061		      -2.81470
      -4.36929		      -2.22696
      -4.63271		      -1.59697
      -4.80589		      -0.93701
      -4.88563		      -0.25991
      -4.87053		       0.42116
      -4.76101		       1.09300
      -4.55936		       1.74259
      -4.26964		       2.35738
      -3.89758		       2.92550
      -3.45055		       3.43600
      -2.93732		       3.87909
      -2.36794		       4.24628
      -1.75355		       4.53056
      -1.10613		       4.72656
      -0.43828		       4.83061
       0.23703		       4.84085
       0.90667		       4.75721
       1.55769		       4.58147
       2.17749		       4.31719
       2.75409		       3.96962
       3.27639		       3.54563
       3.73436		       3.05356
       4.11920		       2.50306
       4.42357		       1.90490
       4.64171		       1.27075
       4.76951		       0.61295
       4.80463		      -0.05570
       4.74655		      -0.72222
       4.59654		      -1.37369
       4.35764		      -1.99750
       4.03463		      -2.58161
       3.63391		      -3.11475
       3.16336		      -3.58666
       2.63222		      -3.98830
       2.05088		      -4.31198
       1.43069		      -4.55155
       0.78374		      -4.70250
       0.12260		      -4.76204
      -0.53987		      -4.72917
      -1.19084		      -4.60465
      -1.81770		      -4.39106
      -2.40833		      -4.09267
      -2.95134		      -3.71540
      -3.43628		      -3.26668
      -3.85384		      -2.75534
      -4.19602		      -2.19138
      -4.45631		      -1.58582
      -4.62980		      -0.95046
      -4.71325		      -0.29767
      -4.70520		       0.35986
      -4.60593		       1.00939
      -4.41751		       1.63832
      -4.14375		       2.23451
      -3.79008		       2.78643
      -3.36348		       3.28347
      -2.87234		       3.71607
      -2.32628		       4.07594
      -1.73597		       4.35622
      -1.11294		       4.55161
      -0.46931		       4.65844
       0.18241		       4.67479
       0.82958		       4.60047
       1.45964		       4.43708
       2.06041		       4.18792
       2.62030		       3.85796
       3.12850		       3.45372
       3.57525		       2.98315
       3.95198		       2.45548
       4.25151		       1.88103
       4.46813		       1.27102
       4.59778		       0.63732
       4.63809		      -0.00774
       4.58842		      -0.65164
       4.44986		      -1.28189
       4.22525		      -1.88630
       3.91907		      -2.45319
       3.53738		      -2.97163
       3.08772		      -3.43164
       2.57890		      -3.82440
       2.02087		      -4.14239
       1.42454		      -4.37957
       0.80153		      -4.53147
       0.16395		      -4.59528
      -0.47580		      -4.56989
      -1.10532		      -4.45594
      -1.71243		      -4.25578
      -2.28538		      -3.97342
      -2.81312		      -3.61447
      -3.28550		      -3.18601
      -3.69343		      -2.69644
      -4.02912		      -2.15537
      -4.28616		      -1.57336
      -4.45970		      -0.96176
      -4.54651		      -0.33247
      -4.54503		       0.30228
      -4.45543		       0.93017
      -4.27960		       1.53904
      -4.02106		       2.11711
      -3.68497		       2.65324
      -3.27797		       3.13708
      -2.80805		       3.55934
      -2.28443		       3.91192
      -1.71734		       4.18811
      -1.11784		       4.38267
      -0.49761		       4.49196
       0.13129		       4.51398
       0.75666		       4.44845
       1.36638		       4.29677
       1.94865		       4.06203
       2.49223		       3.74891
       2.98663		       3.36359
       3.42235		       2.91366
       3.79104		       2.40795
       4.08565		       1.85635
       4.30058		       1.26962
       4.43180		       0.65920
       4.47689		       0.03696
       4.43511		      -0.58503
       4.30740		      -1.19469
       4.09639		      -1.78024
       3.80629		      -2.33035
       3.44284		      -2.83441
       3.01322		      -3.28274
       2.52585		      -3.66671
       1.99028		      -3.97899
       1.41696		      -4.21364
       0.81706		      -4.36622
       0.20227		      -4.43392
      -0.41548		      -4.41554
      -1.02420		      -4.31158
      -1.61211		      -4.12420
      -2.16785		      -3.85714
      -2.68068		      -3.51573
      -3.14073		      -3.10669
      -3.53917		      -2.63806
      -3.86837		      -2.11902
      -4.12205		      -1.55971
      -4.29541		      -0.97103
      -4.38523		      -0.36446
      -4.38988		       0.24823
      -4.30941		       0.85514
      -4.14552		       1.44453
      -3.90152		       2.00498
      -3.58225		       2.52568
      -3.19403		       2.99659
      -2.74450		       3.40867
      -2.24246		       3.75401
      -1.69774		       4.02603
      -1.12095		       4.21957
      -0.52334		       4.33099
       0.08349		       4.35827
       0.68774		       4.30101
       1.27771		       4.16045
       1.84198		       3.93945
       2.36965		       3.64242
       2.85056		       3.27523
       3.27544		       2.84513
       3.63615		       2.36053
       3.92580		       1.83093
       4.13888		       1.26667
       4.27138		       0.67873
       4.32086		       0.07856
       4.28649		      -0.52220
       4.16907		      -1.11189
       3.97100		      -1.67909
       3.69625		      -2.21285
       3.35028		      -2.70287
       2.93989		      -3.13972
       2.47314		      -3.51501
       1.95918		      -3.82156
       1.40805		      -4.05354
       0.83048		      -4.20657
       0.23771		      -4.27780
      -0.35873		      -4.26598
      -0.94729		      -4.17147
      -1.51655		      -3.99623
      -2.05552		      -3.74378
      -2.55379		      -3.41916
      -3.00176		      -3.02874
      -3.39083		      -2.58023
      -3.71356		      -2.08239
      -3.96377		      -1.54495
      -4.13675		      -0.97841
      -4.22925		      -0.39379
      -4.23961		       0.19755
      -4.16775		       0.78413
      -4.01521		       1.35459
      -3.78505		       1.89789
      -3.48188		       2.40354
      -3.11167		       2.86179
      -2.68172		       3.26385
      -2.20045		       3.60199
      -1.67727		       3.86977
      -1.12239		       4.06210
      -0.54662		       4.17537
       0.03884		       4.20752
       0.62262		       4.15804
       1.19342		       4.02802
       1.74019		       3.82011
       2.25236		       3.53846
       2.72006		       3.18865
       3.13429		       2.77757
       3.48710		       2.31328
       3.77174		       1.80487
       3.98282		       1.26227
       4.11635		       0.69604
       4.16985		       0.11721
       4.14243		      -0.46298
       4.03474		      -1.03329
       3.84900		      -1.58267
       3.58892		      -2.10050
       3.25967		      -2.57679
       2.86773		      -3.00238
       2.42081		      -3.36909
       1.92766		      -3.66991
       1.39791		      -3.89910
       0.84189		      -4.05234
       0.27042		      -4.12677
      -0.30540		      -4.12107
      -0.87439		      -4.03548
      -1.42554		      -3.87179
      -1.94818		      -3.63329
      -2.43223		      -3.32472
      -2.86837		      -2.95218
      -3.24821		      -2.52298
      -3.56448		      -2.04555
      -3.81114		      -1.52920
      -3.98353		      -0.98402
      -4.07841		      -0.42061
      -4.09407		       0.15007
      -4.03034		       0.71694
      -3.88856		       1.26902
      -3.67162		       1.79563
      -3.38383		       2.28661
      -3.03088		       2.73247
      -2.61973		       3.12467
      -2.15843		       3.45566
      -1.65601		       3.71914
      -1.12227		       3.91010
      -0.56761		       4.02495
      -0.00282		       4.06158
       0.56114		       4.01941
       1.11334		       3.89938
       1.64309		       3.70394
       2.14015		       3.43699
       2.59493		       3.10382
       2.99869		       2.71101
       3.34368		       2.26624
       3.62330		       1.77824
       3.83223		       1.25653
       3.96654		       0.71127
       4.02373		       0.15308
       4.00282		      -0.40720
       3.90434		      -0.95871
       3.73032		      -1.49076
       3.48424		      -1.99308
       3.17100		      -2.45597
       2.79677		      -2.87051
       2.36891		      -3.22875
       1.89579		      -3.52383
       1.38665		      -3.75013
       0.85143		      -3.90336
       0.30055		      -3.98068
      -0.25530		      -3.98069
      -0.80533		      -3.90353
      -1.33888		      -3.75081
      -1.84563		      -3.52561
      -2.31581		      -3.23241
      -2.74035		      -2.87700
      -3.11109		      -2.46637
      -3.42093		      -2.00856
      -3.66397		      -1.51253
      -3.83558		      -0.98796
      -3.93256		      -0.44505
      -3.95315		       0.10563
      -3.89706		       0.65340
      -3.76550		       1.18765
      -3.56114		       1.69802
      -3.28806		       2.17468
      -2.95166		       2.60842
      -2.55856		       2.99092
      -2.11648		       3.31482
      -1.63405		       3.57395
      -1.12070		       3.76338
      -0.58643		       3.87955
      -0.04163		       3.92032
       0.50313		       3.88502
       1.03728		       3.77445
       1.55047		       3.59088
       2.03280		       3.33798
       2.47497		       3.02075
       2.86845		       2.64546
       3.20570		       2.21947
       3.48027		       1.75111
       3.68694		       1.24954
       3.82180		       0.72453
       3.88235		       0.18630
       3.86753		      -0.35470
       3.77776		      -0.88797
       3.61488		      -1.40319
       3.38217		      -1.89040
       3.08426		      -2.34019
       2.72702		      -2.74390
       2.31746		      -3.09378
       1.86362		      -3.38314
       1.37436		      -3.60644
       0.85922		      -3.75947
       0.32823		      -3.83938
      -0.20829		      -3.84472
      -0.73993		      -3.77551
      -1.25639		      -3.63321
      -1.74768		      -3.42069
      -2.20432		      -3.14219
      -2.61750		      -2.80321
      -2.97928		      -2.41040
      -3.28274		      -1.97149
      -3.52207		      -1.49503
      -3.69274		      -0.99034
      -3.79155		      -0.46724
      -3.81670		       0.06409
      -3.76780		       0.59335
      -3.64594		       1.11028
      -3.45357		       1.60487
      -3.19456		       2.06756
      -2.87401		       2.48945
      -2.49825		       2.86240
      -2.07463		       3.17928
      -1.61147		       3.43402
      -1.11778		       3.62178
      -0.60320		       3.73903
      -0.07773		       3.78360
       0.44842		       3.75474
       0.96505		       3.65314
       1.46216		       3.48087
       1.93014		       3.24138
       2.35997		       2.93942
       2.74336		       2.58095
       3.07297		       2.17300
       3.34248		       1.72356
       3.54676		       1.24141
       3.68196		       0.73595
       3.74556		       0.21701
       3.73644		      -0.30532
       3.65490		      -0.82091
       3.50262		      -1.31977
       3.28267		      -1.79227
       2.99943		      -2.22927
       2.65847		      -2.62237
       2.26651		      -2.96401
       1.83122		      -3.24764
       1.36111		      -3.46787
       0.86535		      -3.62051
       0.35359		      -3.70272
      -0.16422		      -3.71302
      -0.67804		      -3.65131
      -1.17790		      -3.51891
      -1.65414		      -3.31849
      -2.09757		      -3.05404
      -2.49963		      -2.73080
      -2.85259		      -2.35512
      -3.14970		      -1.93438
      -3.38528		      -1.47678
