      44.27988		      -5.49688
      41.88098		      -7.23471
      33.89408		      -8.70197
      21.48949		     -10.39883
       6.52110		     -12.54464
      -8.80936		     -14.96904
     -22.34378		     -17.12581
     -32.33337		     -18.22759
     -37.70495		     -17.46734
     -38.17947		     -14.26820
     -34.22918		      -8.49463
     -26.89681		      -0.56621
     -17.52906		       8.56066
      -7.49236		      17.54531
       2.06346		      24.91767
      10.34598		      29.37752
      16.94646		      30.06859
      21.76423		      26.76309
      24.86809		      19.91401
      26.34756		      10.56379
      26.20540		       0.13251
      24.32703		      -9.86360
      20.53644		     -18.09728
      14.72008		     -23.65488
       6.97714		     -26.15333
      -2.25612		     -25.73120
     -12.15653		     -22.92740
     -21.56855		     -18.48836
     -29.16520		     -13.16037
     -33.68736		      -7.52373
     -34.20918		      -1.91059
     -30.36569		       3.57762
     -22.48352		       8.96692
     -11.57558		      14.26060
       0.80855		      19.29515
      12.85024		      23.65447
      22.79272		      26.67829
      29.26380		      27.57400
      31.51993		      25.61060
      29.55845		      20.34736
      24.07555		      11.83569
      16.28299		       0.73405
       7.62925		     -11.70600
      -0.50818		     -23.79516
      -7.08821		     -33.68069
     -11.57023		     -39.68649
     -13.94525		     -40.64679
     -14.63584		     -36.15889
     -14.29943		     -26.69608
     -13.59228		     -13.55167
     -12.95943		       1.37783
     -12.50660		      15.92628
     -11.98654		      28.03901
     -10.90114		      36.12223
      -8.68856		      39.29046
      -4.94210		      37.46619
       0.40166		      31.32032
       6.96035		      22.07754
      13.92168		      11.23920
      20.17955		       0.29082
      24.56090		      -9.54082
      26.08910		     -17.43388
      24.21960		     -23.00177
      18.98877		     -26.21964
      11.03777		     -27.28442
       1.50360		     -26.46002
      -8.19836		     -23.95809
     -16.64969		     -19.88998
     -22.69842		     -14.30055
     -25.66120		      -7.26767
     -25.41483		       0.97091
     -22.36155		       9.91209
     -17.28440		      18.74871
     -11.13478		      26.42508
      -4.80970		      31.78837
       1.02456		      33.80858
       6.02055		      31.81764
      10.13359		      25.70746
      13.51508		      16.03188
      16.35375		       3.97726
      18.71760		      -8.80343
      20.44876		     -20.46583
      21.14814		     -29.30339
      20.26094		     -34.06090
      17.24440		     -34.16372
      11.77382		     -29.81222
       3.92858		     -21.92105
      -5.69892		     -11.91798
     -16.01194		      -1.44884
     -25.54816		       7.94434
     -32.72790		      15.10082
     -36.16205		      19.41526
     -34.95203		      20.87638
     -28.91196		      19.97089
     -18.65836		      17.48627
      -5.54110		      14.26818
       8.57489		      10.99707
      21.63416		       8.03986
      31.75409		       5.41061
      37.55163		       2.84358
      38.36641		      -0.04797
      34.33784		      -3.57681
      26.32723		      -7.80904
      15.70991		     -12.46549
       4.09030		     -16.92868
      -6.99399		     -20.35781
     -16.31521		     -21.88482
     -23.09964		     -20.84154
     -27.05431		     -16.95870
     -28.28830		     -10.48276
     -27.16548		      -2.17691
     -24.13958		       6.79927
     -19.62148		      15.10598
     -13.91453		      21.48583
      -7.22965		      25.01179
       0.23405		      25.26251
       8.17863		      22.38529
      16.11281		      17.03487
      23.31632		      10.20634
      28.88942		       3.00610
      31.88907		      -3.58138
      31.52630		      -8.87444
      27.37793		     -12.58157
      19.55656		     -14.77991
       8.78759		     -15.79882
      -3.63854		     -16.04730
     -16.04185		     -15.83845
     -26.62792		     -15.26348
     -33.80821		     -14.15338
     -36.49781		     -12.14106
     -34.32486		      -8.80782
     -27.70400		      -3.87299
     -17.75589		       2.62865
      -6.08948		      10.23680
       5.50587		      18.06260
      15.39122		      24.90552
      22.36108		      29.47219
      25.82024		      30.65108
      25.82252		      27.77972
      22.97221		      20.83942
      18.22084		      10.52664
      12.61470		      -1.82295
       7.05694		     -14.44756
       2.14031		     -25.46779
      -1.91436		     -33.22629
      -5.20850		     -36.58656
      -8.02854		     -35.12842
     -10.66731		     -29.20110
     -13.25930		     -19.82740
     -15.67953		      -8.48541
     -17.53664		       3.17997
     -18.26394		      13.65038
     -17.28405		      21.77037
     -14.20160		      26.88241
      -8.96932		      28.84326
      -1.97842		      27.93438
       5.95695		      24.70335
      13.72442		      19.78689
      20.12171		      13.76514
      24.10087		       7.08319
      24.99018		       0.05233
      22.63998		      -7.08154
      17.45647		     -14.03604
      10.31505		     -20.40102
       2.37396		     -25.59897
      -5.16682		     -28.92288
     -11.30347		     -29.65359
     -15.40740		     -27.23309
     -17.30537		     -21.45021
     -17.24651		     -12.58588
     -15.77132		      -1.47060
     -13.52203		      10.57499
     -11.04810		      21.91780
      -8.66013		      30.88013
      -6.37136		      36.04455
      -3.94104		      36.53090
      -1.00560		      32.18264
       2.74126		      23.61818
       7.37293		      12.13187
      12.61244		      -0.53725
      17.81250		     -12.52109
      22.04745		     -22.15610
      24.30147		     -28.26478
      23.71084		     -30.32819
      19.80162		     -28.51832
      12.66162		     -23.59165
       2.99932		     -16.67663
      -7.93231		      -9.00979
     -18.53714		      -1.68436
     -27.16258		       4.53272
     -32.41060		       9.27940
     -33.40557		      12.56564
     -29.96074		      14.65040
     -22.60787		      15.87198
     -12.48613		      16.48478
      -1.11742		      16.55042
       9.88001		      15.91399
      19.07611		      14.27021
      25.45213		      11.29824
      28.52016		       6.82354
      28.32390		       0.95648
      25.33430		      -5.83726
      20.27781		     -12.76181
      13.94746		     -18.81352
       7.04662		     -22.97557
       0.10101		     -24.43939
      -6.54782		     -22.79804
     -12.67931		     -18.16181
     -18.09361		     -11.16424
     -22.51659		      -2.85321
     -25.55079		       5.51008
     -26.69776		      12.69849
     -25.45497		      17.75530
     -21.46592		      20.16520
     -14.68265		      19.92146
      -5.49139		      17.47701
       5.24320		      13.59570
      16.24199		       9.14440
      25.98425		       4.88027
      32.96166		       1.28726
      35.96286		      -1.49816
      34.32626		      -3.65673
      28.10220		      -5.56403
      18.08305		      -7.61334
       5.68870		     -10.03575
      -7.27352		     -12.77036
     -18.92630		     -15.42436
     -27.65188		     -17.33864
     -32.36530		     -17.74633
     -32.67624		     -15.98568
     -28.90993		     -11.71261
     -21.98937		      -5.05588
     -13.21184		       3.33006
      -3.97451		      12.33514
       4.48774		      20.57750
      11.29627		      26.66381
      16.01812		      29.46871
      18.64293		      28.37060
      19.46694		      23.38977
      18.92584		      15.19728
      17.42764		       4.99252
      15.23287		      -5.72250
      12.41262		     -15.42151
       8.89118		     -22.82354
       4.55431		     -27.09704
      -0.61452		     -27.95903
      -6.41660		     -25.65677
     -12.38055		     -20.84687
     -17.79025		     -14.41037
     -21.79892		      -7.25413
     -23.60562		      -0.14790
     -22.65110		       6.36769
     -18.78199		      11.98900
     -12.33761		      16.58478
      -4.13143		      20.09081
       4.67544		      22.40602
      12.78412		      23.32995
      19.00541		      22.56788
      22.48851		      19.80766
      22.87834		      14.84921
      20.36551		       7.74848
      15.61842		      -1.07064
       9.61583		     -10.77839
       3.42137		     -20.20086
      -2.04469		     -27.98161
      -6.18215		     -32.81690
      -8.79549		     -33.71640
     -10.07040		     -30.23064
     -10.45394		     -22.58957
     -10.47446		     -11.71433
     -10.55275		       0.90840
     -10.85676		      13.46951
     -11.24035		      24.15032
     -11.28350		      31.44149
     -10.42388		      34.40198
      -8.14484		      32.80521
      -4.16855		      27.14507
       1.39947		      18.50518
       8.01719		       8.32496
      14.76442		      -1.88282
      20.50481		     -10.80069
      24.11679		     -17.50554
      24.74060		     -21.56239
      21.98273		     -23.00409
      16.02848		     -22.21602
       7.63399		     -19.76608
      -2.00220		     -16.23022
     -11.46027		     -12.06012
     -19.36359		      -7.52395
     -24.62798		      -2.72835
     -26.64219		       2.29486
     -25.34376		       7.47197
     -21.17973		      12.58389
     -14.96959		      17.21501
      -7.70917		      20.77771
      -0.36592		      22.61353
       6.28575		      22.14856
      11.75450		      19.06299
      15.83516		      13.42731
      18.53654		       5.76358
      19.96607		      -2.99303
      20.21306		     -11.63252
      19.27097		     -18.88254
      17.02532		     -23.64986
      13.31280		     -25.23589
       8.03417		     -23.47617
       1.28523		     -18.77020
      -6.53850		     -11.99372
     -14.70372		      -4.31334
     -22.19252		       3.05388
     -27.84780		       9.08009
     -30.58628		      13.11116
     -29.63397		      14.95569
     -24.72865		      14.86224
     -16.23757		      13.39629
      -5.15503		      11.25276
       7.02901		       9.05494
      18.56879		       7.19248
      27.76476		       5.73958
      33.26605		       4.47238
      34.31030		       2.97788
      30.85085		       0.82249
      23.54610		      -2.26803
      13.61625		      -6.26847
       2.60118		     -10.79517
      -7.92626		     -15.14825
     -16.62985		     -18.44894
     -22.60806		     -19.84027
     -25.48556		     -18.70247
     -25.38962		     -14.82889
     -22.83020		      -8.51694
     -18.52353		      -0.54857
     -13.20847		       7.93866
      -7.50211		      15.66240
      -1.82585		      21.44095
       3.58893		      24.41803
       8.62982		      24.21691
      13.19946		      20.99139
      17.11952		      15.36625
      20.07945		       8.28578
      21.65286		       0.81005
      21.38251		      -6.09121
      18.91360		     -11.69950
      14.13798		     -15.62997
       7.30542		     -17.82401
      -0.93609		     -18.46487
      -9.59300		     -17.84861
     -17.46989		     -16.25281
     -23.37855		     -13.84354
     -26.36786		     -10.64806
     -25.92191		      -6.59984
     -22.07881		      -1.64004
     -15.43948		       4.15854
      -7.06096		      10.48779
       1.74439		      16.76008
       9.66008		      22.14803
      15.61141		      25.71029
      18.95202		      26.58075
      19.55123		      24.17912
      17.76661		      18.39087
      14.31320		       9.66789
      10.06558		      -0.98286
       5.84324		     -12.13048
       2.23250		     -22.15081
      -0.51347		     -29.51189
      -2.47602		     -33.05542
      -3.97927		     -32.21415
      -5.43513		     -27.11852
      -7.17037		     -18.56969
      -9.28544		      -7.88573
     -11.58520		       3.34508
     -13.60225		      13.55011
     -14.70845		      21.43726
     -14.28637		      26.18593
     -11.91569		      27.53028
      -7.52469		      25.72743
      -1.46479		      21.42929
       5.51495		      15.49777
      12.39161		       8.81213
      18.06388		       2.11461
      21.57460		      -4.07428
      22.30832		      -9.46087
      20.11798		     -13.91675
      15.35169		     -17.38103
       8.77484		     -19.76556
       1.40787		     -20.89878
      -5.68067		     -20.53035
     -11.57643		     -18.39877
     -15.67096		     -14.34308
     -17.73133		      -8.42457
     -17.87793		      -1.01746
     -16.48457		       7.16620
     -14.03411		      15.13705
     -10.97251		      21.77154
      -7.60236		      26.01188
      -4.04372		      27.08005
      -0.26973		      24.65564
       3.79770		      18.97297
       8.16512		      10.80965
      12.65915		       1.36340
      16.87143		      -7.96016
      20.18168		     -15.80434
      21.86206		     -21.10790
      21.24292		     -23.28779
      17.90051		     -22.31958
      11.81812		     -18.70088
       3.47470		     -13.30991
      -6.16980		      -7.19560
     -15.79948		      -1.35007
     -23.95851		       3.48337
     -29.31566		       6.92443
     -30.92156		       8.97079
     -28.40214		       9.91787
     -22.04492		      10.21119
     -12.75768		      10.27510
      -1.90745		      10.36605
       8.92603		      10.49009
      18.22999		      10.40612
      24.81301		       9.71250
      27.98339		       7.99167
      27.61956		       4.97175
      24.12639		       0.65871
      18.29695		      -4.59983
      11.11917		     -10.14042
       3.57597		     -15.09744
      -3.51562		     -18.57934
      -9.59499		     -19.86562
     -14.36802		     -18.57636
     -17.74866		     -14.77210
     -19.76147		      -8.95864
     -20.44312		      -1.99448
     -19.77766		       5.07788
     -17.68782		      11.23686
     -14.08546		      15.67519
      -8.96421		      17.93765
      -2.50250		      17.97375
       4.86081		      16.09785
      12.41091		      12.87221
      19.21939		       8.94742
      24.28096		       4.90349
      26.70002		       1.13303
      25.88567		      -2.20531
      21.70816		      -5.15541
      14.57498		      -7.86826
       5.40159		     -10.47503
      -4.52438		     -12.96951
     -13.76165		     -15.13893
     -20.97233		     -16.56853
     -25.16324		     -16.72481
     -25.85965		     -15.09953
     -23.17453		     -11.37818
     -17.75971		      -5.58691
     -10.65251		       1.82538
      -3.05428		       9.99942
       3.90801		      17.77934
       9.38393		      23.90968
      12.92322		      27.27598
      14.49863		      27.13632
      14.43137		      23.29112
      13.24545		      16.15088
      11.49357		       6.68375
       9.60173		      -3.74820
       7.77225		     -13.63028
       5.96752		     -21.56331
       3.97404		     -26.50240
       1.52428		     -27.91821
      -1.56157		     -25.85125
      -5.25702		     -20.85447
      -9.27053		     -13.84470
     -13.06669		      -5.90227
     -15.96567		       1.93294
     -17.29767		       8.82445
     -16.57350		      14.23014
     -13.62676		      17.91145
      -8.68938		      19.87246
      -2.37798		      20.25787
       4.40885		      19.24708
      10.66059		      16.97904
      15.45266		      13.53023
      18.12634		       8.94980
      18.40858		       3.33677
      16.44518		      -3.07048
      12.74190		      -9.82795
       8.03070		     -16.27380
       3.09665		     -21.58688
      -1.39087		     -24.91266
      -5.00105		     -25.53307
      -7.59081		     -23.04131
      -9.27224		     -17.47730
     -10.31254		      -9.38495
     -10.99860		       0.23113
     -11.50716		      10.04926
     -11.81985		      18.65004
     -11.70939		      24.76799
     -10.80335		      27.52255
      -8.70980		      26.57856
      -5.17090		      22.20129
      -0.20091		      15.19407
       5.83295		       6.73313
      12.21548		      -1.86349
      17.98174		      -9.38167
      22.09222		     -14.91903
      23.64800		     -18.01246
      22.09683		     -18.66336
      17.38109		     -17.26331
       9.99017		     -14.44603
       0.90121		     -10.90724
      -8.58245		      -7.23914
     -17.06226		      -3.81931
     -23.29618		      -0.77710
     -26.41771		       1.96116
     -26.07707		       4.56821
     -22.47759		       7.18824
     -16.30444		       9.82632
      -8.56713		      12.28957
      -0.39494		      14.19946
       7.16714		      15.07450
      13.31833		      14.46182
      17.58818		      12.08210
      19.83959		       7.94680
      20.20078		       2.41288
      18.95512		      -3.84450
      16.42587		      -9.93993
      12.89024		     -14.94393
       8.54561		     -18.06936
       3.53265		     -18.83398
      -1.99839		     -17.15996
      -7.80626		     -13.38643
     -13.49598		      -8.19184
     -18.50453		      -2.44531
     -22.15089		       2.97700
     -23.74792		       7.36643
     -22.75393		      10.30611
     -18.92748		      11.71768
     -12.44382		      11.82295
      -3.93693		      11.03512
       5.55325		       9.81196
      14.72686		       8.51210
      22.23887		       7.29437
      26.94020		       6.08716
      28.09425		       4.63590
      25.52113		       2.61447
      19.63697		      -0.23100
      11.37825		      -3.94790
       2.02654		      -8.29257
      -7.02879		     -12.72381
     -14.53946		     -16.48275
     -19.60645		     -18.74470
     -21.80609		     -18.80917
     -21.21253		     -16.28225
     -18.31928		     -11.20587
     -13.88554		      -4.09895
      -8.74842		       4.10388
      -3.64746		      12.20680
       0.89883		      18.96886
       4.64043		      23.33538
       7.56481		      24.63445
       9.80536		      22.69650
      11.52242		      17.87267
      12.79546		      10.95112
      13.55985		       2.99312
      13.60758		      -4.87178
      12.65185		     -11.64533
      10.43643		     -16.61267
       6.85716		     -19.41862
       2.05781		     -20.06024
      -3.53132		     -18.80833
      -9.22928		     -16.08715
     -14.21252		     -12.34936
     -17.67260		      -7.98056
     -18.98742		      -3.25661
     -17.86399		       1.64117
     -14.41662		       6.56552
      -9.15921		      11.32442
      -2.91088		      15.61669
       3.36456		      19.01093
       8.74876		      20.98386
      12.54436		      21.01629
      14.39608		      18.72646
      14.33033		      14.00656
      12.70735		       7.12338
      10.10093		      -1.25050
       7.13865		     -10.09378
       4.34448		     -18.17950
       2.02382		     -24.28032
       0.21912		     -27.39488
      -1.25506		     -26.94685
      -2.70990		     -22.91145
      -4.44348		     -15.83914
      -6.60547		      -6.76820
      -9.10488		       2.95744
     -11.58927		      11.92771
     -13.50482		      18.91342
     -14.22519		      23.06967
     -13.21793		      24.05556
     -10.20640		      22.04956
      -5.28430		      17.66381
       1.04967		      11.78308
       7.95038		       5.36921
      14.36923		      -0.72275
      19.25163		      -5.87718
      21.74543		      -9.77494
      21.37355		     -12.37129
      18.13196		     -13.81137
      12.49150		     -14.31459
       5.30432		     -14.06527
      -2.36269		     -13.14204
      -9.42876		     -11.50542
     -14.98978		      -9.04471
     -18.45793		      -5.66719
     -19.62429		      -1.39953
     -18.63779		       3.53301
     -15.91441		       8.67905
     -12.00636		      13.40042
      -7.46825		      16.97543
      -2.75470		      18.74455
       1.82758		      18.26379
       6.10776		      15.42668
       9.99124		      10.52161
      13.37835		       4.20582
      16.09398		      -2.60262
      17.85640		      -8.89322
      18.30202		     -13.75492
      17.06534		     -16.54827
      13.89534		     -17.01859
       8.77670		     -15.32503
       2.01887		     -11.98042
      -5.71874		      -7.71816
     -13.48296		      -3.31966
     -20.16210		       0.55538
     -24.67754		       3.49526
     -26.19249		       5.39064
     -24.29188		       6.40717
     -19.09119		       6.88793
     -11.24604		       7.21477
      -1.85586		       7.66814
       7.72123		       8.32430
      16.10552		       9.01885
      22.13586		       9.38714
      25.06369		       8.97169
      24.66218		       7.36814
      21.23143		       4.37062
      15.50371		       0.07614
       8.47482		      -5.08244
       1.20215		     -10.38792
      -5.38489		     -14.96661
     -10.62259		     -17.96459
     -14.17476		     -18.73203
     -16.01435		     -16.97204
     -16.34089		     -12.81867
     -15.46397		      -6.82476
     -13.68910		       0.13791
     -11.23813		       7.04365
      -8.22371		      12.90545
      -4.68017		      16.95216
      -0.63579		      18.75215
       3.80140		      18.25933
       8.37623		      15.77690
      12.66452		      11.85390
      16.11122		       7.14481
      18.12498		       2.26927
      18.20906		      -2.29372
      16.09574		      -6.25476
      11.84799		      -9.50054
       5.89772		     -12.03022
      -0.99539		     -13.86771
      -7.86143		     -14.98193
     -13.69197		     -15.24375
     -17.62913		     -14.43676
     -19.12980		     -12.32227
     -18.06747		      -8.74159
     -14.74808		      -3.72566
      -9.83634		       2.42285
      -4.20987		       9.10534
       1.22474		      15.47788
       5.71111		      20.57468
       8.77700		      23.48291
      10.29422		      23.53224
      10.45430		      20.45561
       9.67094		      14.48157
       8.43788		       6.33254
       7.18094		      -2.87664
       6.14336		     -11.82246
       5.33361		     -19.20260
       4.54776		     -23.96483
       3.45830		     -25.48756
       1.74354		     -23.67554
      -0.77905		     -18.95308
      -4.05381		     -12.15996
      -7.75138		      -4.37627
     -11.30952		       3.28345
     -14.04325		       9.86168
     -15.29885		      14.69637
     -14.61422		      17.48244
     -11.84561		      18.25243
      -7.22819		      17.29153
      -1.35366		      15.01700
       4.93182		      11.85742
      10.68686		       8.16378
      15.05521		       4.17227
      17.42613		       0.02216
      17.53952		      -4.18496
      15.51395		      -8.31002
      11.79500		     -12.11569
       7.04015		     -15.24557
       1.97111		     -17.25690
      -2.76966		     -17.70372
      -6.72433		     -16.25164
      -9.66520		     -12.79355
     -11.57547		      -7.53261
     -12.57782		      -1.00453
     -12.83718		       5.97468
     -12.46986		      12.43138
     -11.48808		      17.40452
      -9.79780		      20.12757
      -7.25117		      20.18129
      -3.73812		      17.58160
       0.71110		      12.78104
       5.84622		       6.58157
      11.16917		      -0.02261
      15.97515		      -6.03752
      19.46129		     -10.65460
      20.88325		     -13.38794
      19.72518		     -14.13511
      15.84262		     -13.15161
       9.54100		     -10.94963
       1.56603		      -8.14962
      -6.99859		      -5.32309
     -14.90900		      -2.86605
     -20.97960		      -0.93252
     -24.29682		       0.55844
     -24.38342		       1.84871
     -21.27899		       3.22375
     -15.52089		       4.88679
      -8.03180		       6.86077
       0.05965		       8.94658
       7.62526		      10.75072
      13.72652		      11.77655
      17.74913		      11.55622
      19.45972		       9.78863
      18.98134		       6.44682
      16.70305		       1.82473
      13.15319		      -3.49132
       8.87162		      -8.72272
       4.31260		     -13.04810
      -0.20156		     -15.76808
      -4.47199		     -16.44664
      -8.37228		     -14.99636
     -11.77913		     -11.68846
     -14.51344		      -7.08682
     -16.31640		      -1.92358
     -16.87382		       3.05281
     -15.88637		       7.22041
     -13.16814		      10.18467
      -8.74519		      11.81656
      -2.92273		      12.22391
       3.70459		      11.66952
      10.31168		      10.46265
      15.96593		       8.85658
      19.79175		       6.98163
      21.14171		       4.83223
      19.73521		       2.31004
      15.73119		      -0.69096
       9.71513		      -4.18481
       2.59983		      -8.01178
      -4.54045		     -11.80324
     -10.66759		     -15.01038
     -14.96651		     -16.99638
     -16.98131		     -17.17444
     -16.67288		     -15.15941
     -14.38840		     -10.89510
     -10.75373		      -4.72244
      -6.51711		       2.63402
      -2.38269		      10.16487
       1.12678		      16.74367
       3.74807		      21.33018
       5.48225		      23.16642
       6.53108		      21.92308
       7.18728		      17.76448
       7.71173		      11.31817
       8.23283		       3.55629
       8.69590		      -4.38492
       8.87631		     -11.40807
       8.45205		     -16.63747
       7.11499		     -19.54542
       4.68931		     -20.00035
       1.22304		     -18.23411
      -2.97471		     -14.74417
      -7.36431		     -10.16015
     -11.26960		      -5.10988
     -14.01469		      -0.11625
     -15.07067		       4.45490
     -14.17690		       8.39135
     -11.40642		      11.58714
      -7.15928		      13.97447
      -2.08460		      15.46254
       3.05012		      15.90747
       7.51146		      15.12657
      10.73835		      12.95532
      12.43469		       9.33100
      12.59673		       4.37671
      11.47257		      -1.54351
       9.46807		      -7.82209
       7.02679		     -13.66894
       4.51680		     -18.23047
       2.15433		     -20.74456
      -0.01705		     -20.69834
      -2.08861		     -17.95146
      -4.20393		     -12.79348
      -6.45785		      -5.91781
      -8.80905		       1.68705
     -11.03482		       8.90862
     -12.74563		      14.70910
     -13.46065		      18.30963
     -12.72812		      19.32135
     -10.26096		      17.79608
      -6.05173		      14.18828
      -0.43426		       9.23945
       5.92939		       3.81382
      12.14036		      -1.27633
      17.21714		      -5.41629
      20.28124		      -8.27533
      20.73386		      -9.81906
      18.38415		     -10.25189
      13.49963		      -9.91056
       6.76645		      -9.14079
      -0.83247		      -8.19124
      -8.19530		      -7.15271
     -14.29695		      -5.95671
     -18.36146		      -4.43071
     -19.97656		      -2.39139
     -19.13040		       0.25290
     -16.16870		       3.42231
     -11.68898		       6.83351
      -6.40106		      10.02823
      -0.98878		      12.45806
       3.99612		      13.60597
       8.18792		      13.11412
      11.40434		      10.88499
      13.59842		       7.12849
      14.78762		       2.34082
      14.98750		      -2.78220
      14.17351		      -7.47847
      12.28467		     -11.06866
       9.26832		     -13.08645
       5.15114		     -13.35964
       0.11208		     -12.02444
      -5.47038		      -9.47169
     -11.01892		      -6.24040
     -15.81602		      -2.88697
     -19.11531		       0.13673
     -20.28443		       2.56626
     -18.94780		       4.34951
     -15.09435		       5.61051
      -9.12084		       6.56541
      -1.79507		       7.41666
       5.85905		       8.25726
      12.73397		       9.01377
      17.83395		       9.44653
      20.45282		       9.20928
      20.29623		       7.95412
      17.52293		       5.45409
      12.69756		       1.70963
       6.66680		      -2.99230
       0.38796		      -8.08705
      -5.25156		     -12.81280
      -9.58518		     -16.34873
     -12.25774		     -17.98152
     -13.24126		     -17.26248
     -12.77927		     -14.11863
     -11.27998		      -8.89050
      -9.18952		      -2.28601
      -6.87904		       4.74107
      -4.57346		      11.16268
      -2.33667		      16.06102
      -0.11186		      18.78725
       2.19962		      19.06161
       4.64789		      16.99704
       7.16196		      13.04573
       9.51906		       7.88583
      11.36778		       2.27773
      12.30122		      -3.07583
      11.96213		      -7.63526
      10.15191		     -11.07597
       6.91292		     -13.28248
       2.55966		     -14.29581
      -2.35352		     -14.23695
      -7.12426		     -13.23323
     -11.03419		     -11.37146
     -13.49117		      -8.69174
     -14.14828		      -5.22192
     -12.97121		      -1.03924
     -10.23830		       3.66394
      -6.47317		       8.53652
      -2.32701		      13.06821
       1.56110		      16.64237
       4.69189		      18.63675
       6.79191		      18.55259
       7.83885		      16.14221
       8.02318		      11.50211
       7.65941		       5.10452
       7.07297		      -2.24700
       6.49452		      -9.53481
       5.99095		     -15.69691
       5.45195		     -19.81537
       4.63588		     -21.28397
       3.26215		     -19.91924
       1.12449		     -15.99064
      -1.80722		     -10.16380
      -5.32664		      -3.36939
      -8.99214		       3.37338
     -12.19414		       9.14028
     -14.27580		      13.25431
     -14.68016		      15.37665
     -13.08867		      15.52164
      -9.51709		      13.99947
      -4.34352		      11.30613
       1.74061		       7.99165
       7.84827		       4.53991
      13.05844		       1.28787
      16.58652		      -1.60031
      17.92684		      -4.10458
      16.93691		      -6.28073
      13.84740		      -8.17765
       9.19872		      -9.76810
       3.72183		     -10.91586
      -1.80715		     -11.39085
      -6.70508		     -10.92948
     -10.48317		      -9.32329
     -12.89288		      -6.51038
     -13.91331		      -2.64137
     -13.69133		       1.90215
     -12.45744		       6.54743
     -10.44416		      10.62351
      -7.83106		      13.48850
      -4.73036		      14.66176
      -1.21404		      13.92952
       2.63032		      11.39744
       6.63701		       7.47611
      10.51805		       2.80134
      13.85820		      -1.89302
      16.15893		      -5.92065
      16.92700		      -8.77302
      15.78936		     -10.20482
      12.60630		     -10.25617
       7.55205		      -9.20895
       1.13751		      -7.49094
      -5.83802		      -5.55387
     -12.40256		      -3.75748
     -17.57453		      -2.28928
     -20.54079		      -1.13940
     -20.81165		      -0.13549
     -18.31898		       0.97387
     -13.43506		       2.41159
      -6.90696		       4.27115
       0.28004		       6.45179
       7.08111		       8.64972
      12.57493		      10.41082
      16.11345		      11.23364
      17.40926		      10.69812
      16.54640		       8.58754
      13.91855		       4.97199
      10.11415		       0.23014
       5.77901		      -4.99932
       1.48957		      -9.92799
      -2.33532		     -13.76651
      -5.46845		     -15.87857
      -7.85343		     -15.90587
      -9.54283		     -13.83616
     -10.61917		     -10.00021
     -11.12540		      -5.00005
     -11.02728		       0.41354
     -10.21907		       5.48511
      -8.57072		       9.58762
      -6.00125		      12.31596
      -2.55482		      13.52398
       1.54648		      13.30238
       5.89325		      11.90995
       9.93204		       9.68097
      13.05599		       6.93617
      14.72407		       3.92104
      14.58111		       0.78594
      12.54875		      -2.39094
       8.86314		      -5.54977
       4.04696		      -8.58587
      -1.18064		     -11.30165
      -6.03791		     -13.39425
      -9.82858		     -14.48890
     -12.07115		     -14.21478
     -12.58031		     -12.30637
     -11.48299		      -8.70399
      -9.16708		      -3.62476
      -6.17698		       2.42007
      -3.08255		       8.67341
      -0.35365		      14.24279
       1.72957		      18.25360
       3.11070		      20.01405
       3.92989		      19.15607
       4.44579		      15.72012
       4.92996		      10.16318
       5.56375		       3.28624
       6.36660		      -3.90515
       7.17589		     -10.37846
       7.68469		     -15.25305
       7.52803		     -17.94382
       6.39512		     -18.24160
       4.13749		     -16.31726
       0.84343		     -12.65355
      -3.14310		      -7.92475
      -7.26705		      -2.85425
     -10.86235		       1.91699
     -13.28562		       5.92349
     -14.05251		       8.91385
     -12.94488		      10.83392
     -10.06335		      11.76747
      -5.81305		      11.85739
      -0.82586		      11.23322
       4.16244		       9.96697
       8.45170		       8.06909
      11.50205		       5.52334
      13.01688		       2.34700
      12.96842		      -1.34543
      11.56466		      -5.29892
       9.17096		      -9.11369
       6.20951		     -12.28834
       3.06413		     -14.30483
       0.01435		     -14.73745
      -2.78705		     -13.35938
      -5.29170		     -10.21893
      -7.50029		      -5.66325
      -9.39542		      -0.29900
     -10.88695		       5.10541
     -11.79044		       9.75688
     -11.84939		      12.98488
     -10.79876		      14.36628
      -8.45443		      13.79981
      -4.80386		      11.51369
      -0.07054		       8.00538
       5.27033		       3.92820
      10.53662		      -0.04811
      14.94125		      -3.37055
      17.73302		      -5.69948
      18.34703		      -6.94835
      16.53096		      -7.26060
      12.41708		      -6.93352
       6.52127		      -6.31152
      -0.33411		      -5.67848
      -7.15932		      -5.17762
     -12.97019		      -4.77977
     -16.95945		      -4.30693
     -18.63106		      -3.50366
     -17.87112		      -2.13562
     -14.94346		      -0.08711
     -10.41460		       2.56995
      -5.02824		       5.55665
       0.44060		       8.42472
       5.31952		      10.64429
       9.13330		      11.72131
      11.64348		      11.31606
      12.83175		       9.33334
      12.83981		       5.96135
      11.88792		       1.64857
      10.19776		      -2.97694
       7.94115		      -7.22766
       5.22686		     -10.48840
       2.12503		     -12.32992
      -1.28300		     -12.57902
      -4.84984		     -11.33136
      -8.32443		      -8.90694
     -11.34928		      -5.76239
     -13.50013		      -2.38396
     -14.36297		       0.81163
     -13.63124		       3.54461
     -11.19873		       5.69387
      -7.22197		       7.27192
      -2.13193		       8.36503
       3.41397		       9.05951
       8.63395		       9.37884
      12.75872		       9.25223
      15.17447		       8.52606
      15.54035		       7.01666
      13.85371		       4.59022
      10.44798		       1.24659
       5.92306		      -2.81919
       1.02382		      -7.19946
      -3.50616		     -11.31216
      -7.06288		     -14.49178
      -9.28233		     -16.11632
     -10.08250		     -15.74259
      -9.64105		     -13.21844
      -8.31791		      -8.74357
      -6.54515		      -2.86189
      -4.71321		       3.61717
      -3.08211		       9.75404
      -1.73862		      14.64428
      -0.60764		      17.57912
       0.48879		      18.16817
       1.74341		      16.39925
       3.27321		      12.62475
       5.05269		       7.48003
       6.89093		       1.75422
       8.46025		      -3.75697
       9.37032		      -8.38452
       9.26919		     -11.67881
       7.94472		     -13.44673
       5.39968		     -13.73204
       1.87934		     -12.75163
      -2.15744		     -10.80973
      -6.11880		      -8.21530
      -9.39415		      -5.22404
     -11.47569		      -2.01765
     -12.05881		       1.27969
     -11.09822		       4.55857
      -8.80744		       7.67467
      -5.60347		      10.41323
      -2.01118		      12.48441
       1.44812		      13.55707
       4.35705		      13.32610
       6.46797		      11.59767
       7.72096		       8.36906
       8.21321		       3.87906
       8.13218		      -1.38968
       7.67391		      -6.76407
       6.97112		     -11.48351
       6.05226		     -14.83325
       4.84356		     -16.28012
       3.21324		     -15.58037
       1.04479		     -12.83443
      -1.68282		      -8.47457
      -4.83324		      -3.18669
      -8.09061		       2.21782
     -10.98872		       6.95254
     -12.98950		      10.39662
     -13.59550		      12.19558
     -12.47063		      12.30235
      -9.53974		      10.95264
      -5.04065		       8.58405
       0.48744		       5.72098
       6.28086		       2.85425
      11.48022		       0.34424
      15.28484		      -1.63132
      17.10049		      -3.07581
      16.64882		      -4.12374
      14.01552		      -4.95993
       9.62777		      -5.73249
       4.16741		      -6.48535
      -1.55998		      -7.12964
      -6.77075		      -7.46197
     -10.83268		      -7.22473
     -13.35272		      -6.19139
     -14.20838		      -4.25285
     -13.52264		      -1.47974
     -11.59479		       1.85815
      -8.80947		       5.32346
      -5.54881		       8.38867
      -2.12910		      10.54195
       1.22529		      11.39634
       4.37030		      10.77590
       7.20312		       8.75743
       9.61410		       5.65746
      11.45013		       1.96732
      12.50553		      -1.74802
      12.54827		      -4.96329
      11.37713		      -7.29153
       8.89543		      -8.54545
       5.17948		      -8.74889
       0.51956		      -8.09857
      -4.58403		      -6.88876
      -9.47640		      -5.42099
     -13.44855		      -3.92348
     -15.86415		      -2.50201
     -16.28589		      -1.13458
     -14.57221		       0.29023
     -10.92112		       1.90346
      -5.84834		       3.77601
      -0.10194		       5.85358
       5.47003		       7.92745
      10.07142		       9.65307
      13.09754		      10.61559
      14.23327		      10.42823
      13.49017		       8.83995
      11.17726		       5.82452
       7.81513		       1.62652
       4.01526		      -3.25103
       0.35363		      -8.11893
      -2.73283		     -12.22099
      -5.00539		     -14.87568
      -6.42888		     -15.60941
      -7.12750		     -14.25231
      -7.30770		     -10.97495
      -7.17196		      -6.25818
      -6.84815		      -0.80303
      -6.35381		       4.59935
      -5.60373		       9.20896
      -4.45711		      12.45971
      -2.78891		      14.03917
      -0.56342		      13.91215
       2.11305		      12.28820
       4.97780		       9.54635
       7.64292		       6.13909
       9.66686		       2.50034
      10.64986		      -1.02114
      10.32969		      -4.19050
       8.65325		      -6.87679
       5.80460		      -9.01429
       2.18095		     -10.55300
      -1.67965		     -11.41820
      -5.20252		     -11.49530
      -7.88861		     -10.64768
      -9.40858		      -8.76410
      -9.65716		      -5.82228
      -8.75608		      -1.94840
      -7.00673		       2.54852
      -4.80603		       7.18348
      -2.54768		      11.34966
      -0.53430		      14.41349
       1.07800		      15.83268
       2.28967		      15.27150
       3.22229		      12.68608
       4.04934		       8.35779
       4.91409		       2.86321
       5.85913		      -3.01604
       6.78860		      -8.42717
       7.47570		     -12.59636
       7.61555		     -14.96431
       6.91090		     -15.27869
       5.16870		     -13.62511
       2.38153		     -10.39185
      -1.22964		      -6.17821
      -5.22555		      -1.66879
      -9.01364		       2.49769
     -11.95563		       5.83636
     -13.49489		       8.07960
     -13.27501		       9.18596
     -11.22206		       9.29860
      -7.57132		       8.66899
      -2.83132		       7.56898
       2.30711		       6.21562
       7.09716		       4.72775
      10.87017		       3.12353
      13.14900		       1.35588
      13.71768		      -0.62760
      12.63543		      -2.82096
      10.19621		      -5.11359
       6.84735		      -7.27781
       3.08941		      -8.99695
      -0.61806		      -9.92895
      -3.92397		      -9.79023
      -6.61416		      -8.43774
      -8.59990		      -5.92664
      -9.87671		      -2.52629
     -10.47088		       1.31275
     -10.39360		       5.03557
      -9.61883		       8.08737
      -8.09302		      10.02192
      -5.77394		      10.58856
      -2.68628		       9.77764
       1.02511		       7.81367
       5.06420		       5.09850
       8.99046		       2.11864
      12.26876		      -0.66053
      14.35678		      -2.88810
      14.81265		      -4.38678
      13.39872		      -5.16497
      10.15579		      -5.38136
       5.42734		      -5.27357
      -0.17644		      -5.07167
      -5.87108		      -4.92076
     -10.83006		      -4.83416
     -14.33039		      -4.69014
     -15.88120		      -4.27338
     -15.30847		      -3.35008
     -12.77830		      -1.75605
      -8.75491		       0.52677
      -3.90360		       3.32768
       1.03886		       6.29268
       5.39817		       8.93995
       8.67229		      10.75464
      10.59597		      11.30153
      11.15022		      10.32916
      10.52047		       7.84001
       9.01868		       4.10894
       6.99221		      -0.35596
       4.74334		      -4.90262
       2.47872		      -8.85491
       0.29801		     -11.63711
      -1.77991		     -12.87586
      -3.76584		     -12.45834
      -5.64316		     -10.53612
      -7.32493		      -7.47676
      -8.64054		      -3.77735
      -9.35855		       0.03797
      -9.24113		       3.51230
      -8.11592		       6.32160
      -5.94504		       8.29989
      -2.87041		       9.42375
       0.78019		       9.76612
       4.53232		       9.43728
       7.84348		       8.53262
      10.20506		       7.10365
      11.24438		       5.16063
      10.80288		       2.70468
       8.97129		      -0.22200
       6.07274		      -3.48626
       2.59680		      -6.83326
      -0.90044		      -9.89008
      -3.90732		     -12.20916
      -6.05301		     -13.34634
      -7.16768		     -12.95760
      -7.29383		     -10.89154
      -6.64835		      -7.25378
      -5.54709		      -2.42402
      -4.31247		       2.98330
      -3.18867		       8.21074
      -2.28601		      12.48569
      -1.56815		      15.15855
      -0.88411		      15.82235
      -0.03519		      14.38820
       1.14255		      11.10020
       2.70381		       6.48695
       4.54910		       1.26026
       6.42345		      -3.81660
       7.96117		      -8.06300
       8.76732		     -10.98980
       8.51614		     -12.36205
       7.04200		     -12.20623
       4.39938		     -10.76578
       0.87544		      -8.42005
      -3.04979		      -5.58917
      -6.78819		      -2.64860
      -9.75489		       0.12757
     -11.48106		       2.58459
     -11.70326		       4.66762
     -10.40956		       6.37625
      -7.83337		       7.71098
      -4.39815		       8.63082
      -0.62751		       9.03687
       2.95761		       8.78846
       5.93063		       7.74795
       8.02052		       5.84110
       9.13132		       3.11448
       9.32030		      -0.22948
       8.74538		      -3.83365
       7.59959		      -7.22872
       6.05255		      -9.91075
       4.21555		     -11.43805
       2.13867		     -11.52497
      -0.16135		     -10.10998
      -2.65369		      -7.38031
      -5.24386		      -3.74531
      -7.74071		       0.23724
      -9.85459		       3.96647
     -11.23279		       6.91216
     -11.52754		       8.71151
     -10.48193		       9.22768
      -8.01230		       8.55794
      -4.26460		       6.99122
       0.37322		       4.92716
       5.31117		       2.77741
       9.84553		       0.87359
      13.27958		      -0.59595
      15.05237		      -1.60664
      14.84790		      -2.27268
      12.66055		      -2.78556
       8.80192		      -3.33449
       3.84681		      -4.03137
      -1.47061		      -4.86156
      -6.38828		      -5.67448
     -10.24801		      -6.21723
     -12.60043		      -6.20314
     -13.26334		      -5.39719
     -12.32445		      -3.69568
     -10.09265		      -1.17837
      -7.01303		       1.88215
      -3.56782		       5.05840
      -0.18694		       7.84605
       2.81295		       9.76475
       5.25065		      10.45820
       7.06480		       9.77031
       8.27109		       7.77964
       8.90954		       4.78421
       9.00027		       1.24096
       8.52257		      -2.32561
       7.42362		      -5.42403
       5.65405		      -7.68265
       3.21811		      -8.90399
       0.22146		      -9.07665
      -3.10139		      -8.34571
      -6.39264		      -6.95295
      -9.21413		      -5.16485
     -11.12140		      -3.20863
     -11.75342		      -1.23283
     -10.91694		       0.69878
      -8.64403		       2.58114
      -5.20662		       4.42050
      -1.08136		       6.18267
       3.12996		       7.75545
       6.80882		       8.93987
       9.43382		       9.47684
      10.67528		       9.10525
      10.44973		       7.63801
       8.92289		       5.03608
       6.46147		       1.45913
       3.54615		      -2.72411
       0.66674		      -6.97380
      -1.77595		     -10.66123
      -3.53922		     -13.18053
      -4.56439		     -14.06655
      -4.95617		     -13.09286
      -4.92390		     -10.32750
      -4.70238		      -6.13256
      -4.47435		      -1.10629
      -4.31560		       4.02104
      -4.17692		       8.51593
      -3.90703		      11.76834
      -3.30926		      13.39037
      -2.21589		      13.26802
      -0.55893		      11.55794
       1.58302		       8.63368
       3.97599		       4.99663
       6.26443		       1.17403
       8.04073		      -2.37298
       8.93433		      -5.31222
       8.69870		      -7.46425
       7.27474		      -8.78775
       4.81447		      -9.33666
       1.65860		      -9.20602
      -1.72726		      -8.48440
      -4.84302		      -7.22748
      -7.25019		      -5.45980
      -8.65154		      -3.20194
      -8.93678		      -0.51252
      -8.18561		       2.47129
      -6.62967		       5.51098
      -4.58567		       8.27394
      -2.37767		      10.37420
      -0.26918		      11.44093
       1.57878		      11.19976
       3.11461		       9.54713
       4.36938		       6.59770
       5.40701		       2.68989
       6.26829		      -1.65582
       6.92728		      -5.82013
       7.27487		      -9.19373
       7.13663		     -11.28876
       6.32189		     -11.82883
       4.69153		     -10.79757
       2.22584		      -8.43514
      -0.92809		      -5.18371
      -4.44544		      -1.59459
      -7.85705		       1.78172
     -10.62378		       4.49808
     -12.23771		       6.28346
     -12.32844		       7.07171
     -10.75019		       6.98265
      -7.62863		       6.26368
      -3.35481		       5.20892
       1.47450		       4.07787
       6.15891		       3.03428
      10.01802		       2.11972
      12.51066		       1.26686
      13.32537		       0.34621
      12.42410		      -0.76843
      10.03213		      -2.13545
       6.57925		      -3.70121
       2.60748		      -5.28962
      -1.33255		      -6.62988
      -4.77388		      -7.41631
      -7.39556		      -7.38543
      -9.04540		      -6.39016
      -9.72369		      -4.45154
      -9.53824		      -1.77344
      -8.64698		       1.28505
      -7.20624		       4.27434
      -5.33900		       6.74150
      -3.13031		       8.31972
      -0.64804		       8.79909
       2.02122		       8.16256
       4.73599		       6.57938
       7.27926		       4.35897
       9.36464		       1.87754
      10.67295		      -0.50369
      10.91366		      -2.50862
       9.89721		      -3.98838
       7.59969		      -4.92680
       4.20110		      -5.41067
       0.08375		      -5.57563
      -4.21380		      -5.54452
      -8.08106		      -5.37699
     -10.94228		      -5.04538
     -12.36318		      -4.44462
     -12.13449		      -3.43375
     -10.31324		      -1.89750
      -7.21226		       0.18968
      -3.33950		       2.71693
       0.69972		       5.42314
       4.31618		       7.92396
       7.04158		       9.77679
       8.60250		      10.57083
       8.94949		      10.02203
       8.23752		       8.05002
       6.76591		       4.81760
       4.89446		       0.72102
       2.95761		      -3.66916
       1.19723		      -7.70585
      -0.27112		     -10.78150
      -1.45297		     -12.43818
      -2.43586		     -12.44835
      -3.33018		     -10.84981
      -4.20839		      -7.92884
      -5.06109		      -4.15689
      -5.78307		      -0.09648
      -6.19373		       3.70222
      -6.08689		       6.79165
      -5.29608		       8.88628
      -3.75709		       9.88193
      -1.54978		       9.83583
       1.09415		       8.91777
       3.82157		       7.34879
       6.22122		       5.34508
       7.90558		       3.08163
       8.59198		       0.68290
       8.16346		      -1.76091
       6.69447		      -4.16136
       4.43501		      -6.39747
       1.75716		      -8.29456
      -0.92325		      -9.62730
      -3.23073		     -10.15062
      -4.90030		      -9.65340
      -5.81749		      -8.02192
      -6.02029		      -5.29582
      -5.66460		      -1.69888
      -4.96448		       2.36756
      -4.12417		       6.37249
      -3.28089		       9.73818
      -2.47388		      11.94233
      -1.64761		      12.61819
      -0.68773		      11.63026
       0.52126		       9.10784
       2.03351		       5.42752
       3.79348		       1.14733
       5.61745		      -3.09440
       7.21267		      -6.69401
       8.23239		      -9.18719
       8.35493		     -10.32180
       7.36800		     -10.08486
       5.23700		      -8.68050
       2.13908		      -6.46672
      -1.54803		      -3.86794
      -5.30239		      -1.28461
      -8.54905		       0.97914
     -10.76701		       2.75499
     -11.58867		       4.01112
     -10.87035		       4.81840
      -8.71849		       5.29486
      -5.46661		       5.54641
      -1.60888		       5.62122
       2.29412		       5.49085
       5.71642		       5.06305
       8.25271		       4.22158
       9.67268		       2.88087
       9.93483		       1.03865
       9.16143		      -1.19018
       7.58499		      -3.57018
       5.48276		      -5.77634
       3.11689		      -7.45380
       0.69482		      -8.29277
      -1.64298		      -8.10020
      -3.80879		      -6.85033
      -5.73615		      -4.70029
      -7.34497		      -1.96595
      -8.51776		       0.93751
      -9.09805		       3.57695
      -8.91487		       5.58569
      -7.82865		       6.73135
      -5.78669		       6.95193
      -2.87176		       6.35235
       0.67233		       5.16402
       4.45003		       3.67871
       7.96131		       2.17433
      10.68083		       0.85162
      12.15378		      -0.20234
      12.08799		      -1.01572
      10.42123		      -1.69947
       7.34693		      -2.39124
       3.29076		      -3.19223
      -1.15919		      -4.11548
      -5.35487		      -5.06126
      -8.70248		      -5.82787
     -10.76474		      -6.15675
     -11.33022		      -5.80128
     -10.43647		      -4.60197
      -8.34391		      -2.54804
      -5.46891		       0.19195
      -2.29247		       3.28028
       0.73367		       6.26177
       3.26329		       8.64669
       5.09885		      10.00725
       6.19580		      10.06605
       6.63141		       8.75621
       6.55081		       6.23967
       6.10698		       2.87910
       5.41219		      -0.82991
       4.51368		      -4.35122
       3.39874		      -7.20462
       2.02571		      -9.04576
       0.36956		      -9.71341
      -1.53343		      -9.23660
      -3.55718		      -7.80352
      -5.48462		      -5.70321
      -7.03698		      -3.25635
      -7.92827		      -0.75293
      -7.93205		       1.58907
      -6.94332		       3.63657
      -5.01886		       5.32699
      -2.38388		       6.63553
       0.59916		       7.53754
       3.49394		       7.98081
       5.87262		       7.87845
       7.39832		       7.12676
       7.88887		       5.64412
       7.34712		       3.41974
       5.95109		       0.55700
       4.00692		      -2.70416
       1.87658		      -5.99668
      -0.10201		      -8.87081
      -1.68299		     -10.86762
      -2.75292		     -11.60716
      -3.33505		     -10.87192
      -3.55811		      -8.66566
      -3.59986		      -5.23222
      -3.62140		      -1.02737
      -3.71086		       3.35298
      -3.85209		       7.27446
      -3.92705		      10.17542
      -3.75179		      11.66465
      -3.13645		      11.58538
      -1.95299		      10.03309
      -0.19219		       7.32482
       2.00681		       3.92818
       4.36390		       0.36718
       6.50320		      -2.87418
       8.02657		      -5.43001
       8.59914		      -7.09730
       8.02674		      -7.84132
       6.30651		      -7.76506
       3.63837		      -7.05460
       0.39369		      -5.91720
      -2.95197		      -4.52893
      -5.90744		      -3.00489
      -8.05595		      -1.39755
      -9.12715		       0.27974
      -9.03624		       2.01424
      -7.88355		       3.75463
      -5.91742		       5.38570
      -3.47144		       6.72700
      -0.89271		       7.55878
       1.52146		       7.66995
       3.56455		       6.91624
       5.13228		       5.27253
       6.20596		       2.86391
       6.81650		      -0.03531
       7.00282		      -3.03766
       6.77912		      -5.70798
       6.12215		      -7.64449
       4.98302		      -8.55742
       3.32028		      -8.32703
       1.14374		      -7.02707
      -1.44540		      -4.90795
      -4.23290		      -2.34325
      -6.89900		       0.24816
      -9.05811		       2.48624
     -10.32532		       4.10085
     -10.39613		       4.97402
      -9.12119		       5.14468
      -6.55746		       4.77685
      -2.98131		       4.10096
       1.14261		       3.34449
       5.23300		       2.67041
       8.69067		       2.13905
      11.00464		       1.70301
      11.84347		       1.23515
      11.11263		       0.58155
       8.96633		      -0.37600
       5.77195		      -1.66558
       2.03583		      -3.19460
      -1.69282		      -4.75284
      -4.91900		      -6.04990
      -7.27982		      -6.77884
      -8.58866		      -6.69087
      -8.83952		      -5.66243
      -8.17510		      -3.73760
      -6.83012		      -1.13441
      -5.06661		       1.78781
      -3.11774		       4.59327
      -1.15325		       6.85255
       0.72776		       8.22466
       2.47880		       8.52004
       4.07233		       7.73085
       5.46382		       6.02306
       6.56726		       3.69365
       7.25198		       1.10460
       7.36384		      -1.38992
       6.76614		      -3.50610
       5.38929		      -5.06906
       3.27434		      -6.02105
       0.59631		      -6.40067
      -2.34260		      -6.30239
      -5.15197		      -5.83003
      -7.41837		      -5.05891
      -8.78328		      -4.01794
      -9.01631		      -2.69645
      -8.06626		      -1.07306
      -6.07729		       0.84340
      -3.36517		       2.97480
      -0.35803		       5.15079
       2.48577		       7.11250
       4.76437		       8.54619
       6.20465		       9.14196
       6.70423		       8.66496
       6.33487		       7.02214
       5.30829		       4.30677
       3.91408		       0.80755
       2.44605		      -3.02343
       1.13531		      -6.64015
       0.10618		      -9.49648
      -0.63541		     -11.14551
      -1.17999		     -11.32316
      -1.66670		      -9.99826
      -2.22397		      -7.37820
      -2.91561		      -3.86912
      -3.70774		       0.00056
      -4.46618		       3.67648
      -4.98568		       6.67418
      -5.04380		       8.65473
      -4.46542		       9.46624
      -3.18087		       9.14532
      -1.26166		       7.88229
       1.07634		       5.96178
       3.50501		       3.69493
       5.64452		       1.35994
       7.13902		      -0.83612
       7.72959		      -2.76829
       7.30771		      -4.37912
       5.93677		      -5.64762
       3.83715		      -6.55434
       1.33886		      -7.05595
      -1.18627		      -7.07874
      -3.39683		      -6.53444
      -5.04162		      -5.35410
      -5.99417		      -3.52996
      -6.25592		      -1.15160
      -5.93016		       1.57677
      -5.17623		       4.34671
      -4.15795		       6.78524
      -3.00102		       8.51790
      -1.77091		       9.24183
      -0.47626		       8.79239
       0.90470		       7.18679
       2.38402		       4.63295
       3.92408		       1.49963
       5.41162		      -1.74739
       6.65626		      -4.63005
       7.41737		      -6.74549
       7.45489		      -7.83734
       6.59253		      -7.83569
       4.77756		      -6.85744
       2.12041		      -5.16857
      -1.09838		      -3.11808
      -4.45914		      -1.05988
      -7.46833		       0.71876
      -9.64592		       2.04619
     -10.61651		       2.88279
     -10.18470		       3.30317
      -8.37770		       3.45141
      -5.44527		       3.48288
      -1.81668		       3.50925
       1.97645		       3.56164
       5.39504		       3.58181
       7.98510		       3.44326
       9.44932		       2.99599
       9.68398		       2.12211
       8.77632		       0.78661
       6.96608		      -0.93148
       4.58297		      -2.83734
       1.97635		      -4.64990
      -0.54656		      -6.05681
      -2.76094		      -6.78175
      -4.53710		      -6.64794
      -5.82730		      -5.62207
      -6.63510		      -3.82768
      -6.97972		      -1.52423
      -6.86818		       0.94322
      -6.28484		       3.21210
      -5.20160		       4.97208
      -3.60543		       6.02050
      -1.53369		       6.29124
       0.89551		       5.85182
       3.46988		       4.87138
       5.89489		       3.56939
       7.83226		       2.15942
       8.95905		       0.80276
       9.03484		      -0.41651
       7.96106		      -1.48989
       5.81727		      -2.45841
       2.86340		      -3.37172
      -0.49513		      -4.24536
      -3.77417		      -5.03056
      -6.49625		      -5.60689
      -8.27689		      -5.80210
      -8.89312		      -5.43550
      -8.31976		      -4.37430
      -6.72559		      -2.58784
      -4.43143		      -0.18408
      -1.83995		       2.58359
       0.64618		       5.34450
       2.69951		       7.67018
       4.12012		       9.15395
       4.85484		       9.49334
       4.98173		       8.55703
       4.66640		       6.42039
       4.10337		       3.36082
       3.45869		      -0.18714
       2.82880		      -3.70806
       2.22544		      -6.69706
       1.58925		      -8.74743
       0.82659		      -9.61639
      -0.14202		      -9.25631
      -1.33661		      -7.80707
      -2.68937		      -5.55367
      -4.04223		      -2.86104
      -5.17261		      -0.10190
      -5.84155		       2.40577
      -5.85229		       4.43936
      -5.10438		       5.88421
      -3.62872		       6.71975
      -1.59387		       6.98758
       0.71931		       6.75359
       2.96934		       6.07695
       4.82069		       4.99535
       6.00940		       3.53016
       6.39274		       1.70863
       5.97141		      -0.40584
       4.87991		      -2.68695
       3.34849		      -4.93410
       1.64681		      -6.88380
       0.02396		      -8.24518
      -1.34037		      -8.75404
      -2.36203		      -8.23326
      -3.05069		      -6.64501
      -3.48260		      -4.12012
      -3.75709		      -0.95491
      -3.95004		       2.42718
      -4.07862		       5.54337
      -4.08794		       7.93581
      -3.86426		       9.25481
      -3.27192		       9.32309
      -2.20419		       8.16709
      -0.63367		       6.00841
       1.35237		       3.21758
       3.54370		       0.24025
       5.63073		      -2.48743
       7.25713		      -4.61616
       8.09099		      -5.93729
       7.89843		      -6.40310
       6.60247		      -6.11153
       4.31261		      -5.26194
       1.31686		      -4.09489
      -1.96342		      -2.83160
      -5.04699		      -1.62845
      -7.47913		      -0.55616
      -8.91275		       0.39297
      -9.16714		       1.27459
      -8.25282		       2.14923
      -6.35860		       3.04050
      -3.80563		       3.90754
      -0.98025		       4.64056
       1.73847		       5.08157
       4.04062		       5.06518
       5.72450		       4.46859
       6.70718		       3.25682
       7.00839		       1.51007
       6.71585		      -0.57557
       5.94442		      -2.71614
       4.80157		      -4.59127
       3.36866		      -5.90735
       1.70204		      -6.45788
      -0.14870		      -6.16616
      -2.11356		      -5.10042
      -4.07726		      -3.45740
      -5.86768		      -1.51866
      -7.26515		       0.40978
      -8.03379		       2.05994
      -7.96959		       3.25159
      -6.95416		       3.91785
      -5.00014		       4.10182
      -2.27482		       3.92657
       0.90699		       3.54796
       4.12296		       3.10365
       6.91029		       2.67255
       8.84692		       2.25588
       9.63019		       1.78464
       9.13558		       1.15152
       7.44251		       0.25777
       4.82087		      -0.93830
       1.68083		      -2.38555
      -1.50340		      -3.92860
      -4.27977		      -5.32580
      -6.29604		      -6.29438
      -7.35332		      -6.57300
      -7.42549		      -5.98701
      -6.64263		      -4.50031
      -5.24509		      -2.24014
      -3.52070		       0.51257
      -1.74122		       3.36683
      -0.11270		       5.89080
       1.24990		       7.69164
       2.32045		       8.48901
       3.13563		       8.16622
       3.75537		       6.78842
       4.22266		       4.58474
       4.53531		       1.89956
       4.63823		      -0.87540
       4.43861		      -3.37242
       3.83941		      -5.30725
       2.78129		      -6.51495
       1.28012		      -6.95691
      -0.55186		      -6.70106
      -2.50917		      -5.88382
      -4.32213		      -4.66581
      -5.70620		      -3.19407
      -6.42066		      -1.58030
      -6.32243		       0.10094
      -5.40153		       1.79619
      -3.78896		       3.44721
      -1.73402		       4.96603
       0.44395		       6.22174
       2.41884		       7.04626
       3.92114		       7.26070
       4.78687		       6.71738
       4.98116		       5.34728
       4.59169		       3.19956
       3.79498		       0.46094
       2.80475		      -2.55374
       1.81638		      -5.44134
       0.96149		      -7.77488
       0.28413		      -9.18027
      -0.25602		      -9.40914
      -0.75537		      -8.39144
      -1.32169		      -6.25559
      -2.02586		      -3.31045
      -2.86426		       0.00778
      -3.74303		       3.21315
      -4.48987		       5.85586
      -4.89152		       7.59861
      -4.74819		       8.26810
      -3.93140		       7.87200
      -2.43003		       6.57996
      -0.37205		       4.67508
       1.98528		       2.48853
       4.29598		       0.33318
       6.18873		      -1.54915
       7.33934		      -3.01633
       7.53594		      -4.02682
       6.72240		      -4.61641
       5.01018		      -4.86017
       2.65644		      -4.83238
       0.01350		      -4.57638
      -2.53823		      -4.09293
      -4.65902		      -3.34974
      -6.10523		      -2.30817
      -6.76055		      -0.95819
      -6.63826		       0.65042
      -5.85709		       2.39132
      -4.59935		       4.06692
      -3.06346		       5.43657
      -1.42370		       6.26255
       0.19358		       6.36312
       1.71297		       5.65941
       3.09455		       4.20352
       4.30752		       2.17974
       5.30364		      -0.12335
       6.00101		      -2.36464
       6.28558		      -4.21492
       6.03224		      -5.41956
       5.14115		      -5.84520
       3.57960		      -5.49984
       1.41718		      -4.52219
      -1.15765		      -3.14347
      -3.84746		      -1.63140
      -6.28379		      -0.23029
      -8.08749		       0.88836
      -8.93980		       1.65319
      -8.64867		       2.09276
      -7.19510		       2.30907
      -4.74789		       2.43342
      -1.64200		       2.57701
       1.67627		       2.79027
       4.72661		       3.04231
       7.07870		       3.22633
       8.42556		       3.18983
       8.63150		       2.78187
       7.74551		       1.90472
       5.97900		       0.55567
       3.65450		      -1.15277
       1.13799		      -3.00112
      -1.22956		      -4.69914
      -3.18672		      -5.94253
      -4.58191		      -6.47721
      -5.37575		      -6.15629
      -5.61867		      -4.97606
      -5.41295		      -3.08238
      -4.87143		      -0.74569
      -4.08470		       1.68965
      -3.10544		       3.87039
      -1.95267		       5.49889
      -0.63268		       6.38334
       0.83174		       6.46317
       2.37450		       5.80595
       3.87232		       4.57858
       5.15030		       3.00182
       6.00797		       1.30033
       6.26082		      -0.33905
       5.78714		      -1.79163
       4.56794		      -2.99761
       2.70830		      -3.94553
       0.43273		      -4.64399
      -1.94662		      -5.09214
      -4.08355		      -5.25976
      -5.66195		      -5.08415
      -6.45621		      -4.48626
      -6.37430		      -3.40194
      -5.47342		      -1.81961
      -3.94465		       0.18754
      -2.07017		       2.44607
      -0.16320		       4.69096
       1.49541		       6.60017
       2.70940		       7.84979
       3.39654		       8.17869
       3.58966		       7.44819
       3.41056		       5.68237
       3.02496		       3.07830
       2.59090		      -0.01804
       2.21441		      -3.16688
       1.92394		      -5.91007
       1.66975		      -7.85162
       1.34776		      -8.72660
       0.84088		      -8.44442
