      56.64377		      -5.30566
      53.45811		     -19.33435
      46.85933		     -32.10478
      37.27473		     -42.80239
      25.32182		     -50.74642
      11.76859		     -55.43325
      -2.51584		     -56.56833
     -16.61700		     -54.08464
     -29.63353		     -48.14667
     -40.73486		     -39.13953
     -49.21418		     -27.64394
     -54.53343		     -14.39883
     -56.35747		      -0.25386
     -54.57514		      13.88515
     -49.30607		      27.11414
     -40.89264		      38.58870
     -29.87774		      47.57788
     -16.96975		      53.51082
      -2.99697		      56.01296
      11.14551		      54.92971
      24.55314		      50.33595
      36.36981		      42.53091
      45.84243		      32.01870
      52.36903		      19.47571
      55.53690		       5.70713
      55.14877		      -8.40475
      51.23503		     -21.95708
      44.05147		     -34.08421
      34.06253		     -44.01295
      21.91130		     -51.11193
       8.37814		     -54.93166
      -5.66947		     -55.23306
     -19.33254		     -52.00239
     -31.73803		     -45.45175
     -42.09472		     -36.00521
     -49.74362		     -24.27132
     -54.19990		     -11.00394
     -55.18365		       2.94621
     -52.63741		      16.68609
     -46.72952		      29.33749
     -37.84302		      40.09319
     -26.55079		      48.26845
     -13.57862		      53.34459
       0.24141		      55.00191
      14.02431		      53.13980
      26.88886		      47.88286
      38.01395		      39.57253
      46.69096		      28.74498
      52.36893		      16.09647
      54.68951		       2.43860
      53.50961		     -11.35375
      48.91015		     -24.39850
      41.19059		     -35.86273
      30.84942		     -45.01591
      18.55197		     -51.27639
       5.08761		     -54.24844
      -8.68092		     -53.74718
     -21.87279		     -49.81010
     -33.64540		     -42.69435
     -43.24824		     -32.85989
     -50.07072		     -20.93979
     -53.68097		      -7.69952
     -53.85318		       6.01228
     -50.58175		      19.31813
     -44.08126		      31.36790
     -34.77241		      41.39308
     -23.25483		      48.75586
     -10.26841		      52.98963
       3.35420		      53.82860
      16.74095		      51.22444
      29.03627		      45.34909
      39.45572		      36.58333
      47.33601		      25.49219
      52.17727		      12.78848
      53.67471		      -0.71298
      51.73784		     -14.14766
      46.49589		     -26.65665
      38.28922		     -37.44158
      27.64721		     -45.81557
      15.25414		     -51.24697
       1.90518		     -53.39310
     -11.54465		     -52.12191
     -24.23520		     -47.52004
     -35.35624		     -39.88696
     -44.19914		     -29.71549
     -50.20207		     -17.65997
     -52.98565		      -4.49419
     -52.37696		       8.93828
     -48.42024		      21.77815
     -41.37374		      33.20538
     -31.69286		      42.49151
     -20.00073		      49.04616
      -7.04811		      52.45451
       6.33484		      52.50357
      19.29174		      49.19547
      30.99478		      42.74700
      40.69765		      33.57541
      47.78308		      22.27140
      51.80213		       9.56110
      52.50265		      -3.74059
      49.84505		     -16.78223
      44.00452		     -28.73034
      35.35951		     -38.82268
      24.46718		     -46.41685
      12.02751		     -51.03121
      -1.16167		     -52.37539
     -14.25587		     -50.36858
     -26.41800		     -45.14435
     -36.87187		     -37.04178
     -44.95175		     -26.58348
     -50.14472		     -14.44185
     -52.12330		      -1.39586
     -50.76600		      11.71891
     -46.16485		      24.06378
     -38.61914		      34.85064
     -28.61596		      43.39221
     -16.79878		      49.14588
      -3.92603		      51.74813
       9.17754		      51.03752
      21.67373		      47.06468
      32.76450		      40.08876
      41.74289		      30.56051
      48.03814		      19.09318
      51.25196		       6.42303
      51.18368		      -6.63793
      47.84282		     -19.25395
      41.44813		     -30.61908
      32.41328		     -40.00858
      21.32011		     -46.82519
       8.88114		     -50.63711
      -4.10616		     -51.20529
     -16.81054		     -48.49852
     -28.42010		     -42.69500
     -38.19427		     -34.17067
     -45.51094		     -23.47485
     -49.90617		     -11.29482
     -51.10349		       1.58827
     -49.03137		      14.34959
     -43.82744		      26.17337
     -35.82935		      36.30506
     -25.55288		      44.09950
     -13.65869		      49.06199
      -0.90983		      50.87966
      11.87720		      49.44123
      23.88472		      44.84379
      34.34621		      37.38624
      42.59518		      27.54993
      48.10767		      15.96751
      50.53549		       3.38230
      49.72827		      -9.39941
      45.74269		     -21.56007
      38.83857		     -32.32308
      29.46195		     -41.00247
      18.21624		     -47.04653
       5.82345		     -50.07295
      -6.92225		     -49.89295
     -19.20534		     -46.52308
     -30.24115		     -40.18381
     -39.32603		     -31.28513
     -45.88213		     -20.40005
     -49.49424		      -8.22768
     -49.93602		       4.45167
     -47.18419		      16.82648
     -41.41973		      28.10598
     -33.01593		      37.57067
     -22.51428		      44.61825
     -10.58955		      48.80186
       1.99355		      49.85852
      14.42945		      47.72556
      25.92320		      42.54438
      35.74138		      34.65104
      43.25885		      24.55450
      47.99854		      12.90379
      49.66177		       0.44630
      48.14701		     -12.02017
      43.55611		     -23.69851
      36.18743		     -33.84323
      26.51649		     -41.80810
      15.16527		     -47.08725
       2.86220		     -49.34735
      -9.60458		     -48.44864
     -21.43766		     -44.45353
     -31.88145		     -37.62232
     -40.27035		     -28.39627
     -46.07119		     -17.36904
     -48.91714		      -5.24854
     -48.63085		       7.18853
     -45.23555		      19.14644
     -38.95322		      29.86136
     -30.19008		      38.65012
     -19.51034		      44.95380
      -7.59987		      48.37324
       4.77784		      48.69433
      16.83063		      45.90139
      27.78835		      40.17790
      36.95208		      31.89442
      43.73872		      21.58461
      47.71804		       9.91086
      48.64003		      -2.37827
      46.45052		     -14.49604
      41.29441		     -25.66792
      33.50602		     -35.18105
      23.58747		     -42.42978
      12.17632		     -46.95416
       0.00451		     -48.46919
     -12.14847		     -46.88273
     -23.50561		     -42.30107
     -33.34197		     -35.02186
     -41.03101		     -25.51479
     -46.08445		     -14.39122
     -48.18332		      -2.36493
     -47.19805		       9.79369
     -43.19649		      21.30702
     -36.43922		      31.43991
     -27.36263		      39.54662
     -16.55072		      45.11200
      -4.69752		      47.78418
       7.43743		      47.39685
      19.07778		      43.97956
      29.48003		      37.75559
      37.98100		      29.12729
      44.04012		      18.65013
      47.27380		       6.99692
      47.47972		      -5.08537
      44.64946		     -16.82355
      38.96875		     -27.46760
      30.80530		     -36.33866
      20.68497		     -42.87231
       9.25792		     -46.65444
      -2.74314		     -47.44756
     -14.54997		     -45.20562
     -25.40794		     -40.07676
     -34.62429		     -32.39344
     -41.61229		     -22.65094
     -45.92863		     -11.47543
     -47.30152		       0.41628
     -45.64779		      12.26271
     -41.07794		      23.30646
     -33.88873		      32.84267
     -24.54396		      40.26395
     -13.64452		      45.09910
      -1.88975		      47.04302
       9.96739		      45.97596
      21.16861		      41.97087
      30.99873		      35.28845
      38.83136		      26.36017
      44.16882		      15.76043
      46.67374		       4.16961
      46.19041		      -7.66962
      42.75443		     -18.99988
      36.59011		     -29.09750
      28.09590		     -37.31877
      17.81857		     -43.14098
       6.41805		     -46.19561
      -5.37495		     -46.29170
     -16.80577		     -43.42775
     -27.14408		     -37.79152
     -35.73057		     -29.74774
     -42.01897		     -19.81452
     -45.61080		      -8.62994
     -46.28064		       3.08887
     -43.99025		      14.59179
     -38.89071		      25.14366
     -31.31250		      34.07128
     -21.74406		      40.80636
     -10.80033		      44.92172
       0.81680		      46.15832
      12.36347		      44.44161
      23.10150		      39.88600
      32.34556		      32.78723
      39.50694		      23.60318
      44.13100		      12.92436
      45.92606		       1.43592
      44.78180		     -10.12631
      40.77598		     -21.02291
      34.16923		     -30.55820
      25.38806		     -38.12463
      14.99737		     -43.24150
       3.66405		     -45.58547
      -7.88575		     -45.01103
     -18.91322		     -41.55948
     -28.71406		     -35.45603
     -36.66355		     -27.09511
     -42.25628		     -17.01484
     -45.13838		      -5.86247
     -45.12979		       5.64725
     -42.23562		      16.77781
     -36.64545		      26.81813
     -28.72094		      35.12794
     -18.97245		      41.17863
      -8.02616		      44.58685
       3.41614		      45.13884
      14.62206		      42.80379
      24.87545		      37.73552
      33.52221		      30.26240
      40.01199		      20.86603
      43.93321		      10.15023
      45.03919		      -1.19775
      43.26362		     -12.45134
      38.72456		     -22.89113
      31.71658		     -31.85087
      22.69164		     -38.76000
      12.22996		     -43.17997
       1.00271		     -44.83208
     -10.27102		     -43.61503
     -20.87034		     -39.61114
     -30.11856		     -33.08080
     -37.42649		     -24.44552
     -42.32990		     -14.26074
     -44.51903		      -3.18012
     -43.85818		       8.08644
     -40.39408		      18.81828
     -34.35261		      28.33003
     -26.12412		      36.01542
     -16.23816		      41.38593
      -5.32946		      44.10179
       5.90289		      43.99351
      16.74018		      41.07246
      26.49009		      35.52982
      34.53092		      27.72410
      40.35122		      18.15796
      43.58233		       7.44580
      44.02171		      -3.72562
      41.64565		     -14.64130
      36.61050		     -24.60367
      29.24237		     -32.97725
      20.01605		     -39.22912
       9.52438		     -42.96287
      -1.55981		     -43.94371
     -12.52687		     -42.11324
     -22.67574		     -37.59293
     -31.35880		     -30.67602
     -38.02315		     -21.80854
     -42.24583		     -11.56054
     -43.76069		      -0.58944
     -42.47511		      10.40213
     -38.47569		      20.71133
     -32.02240		      29.68007
     -23.53174		      36.73699
     -13.54977		      41.43386
      -2.71711		      43.47408
       8.27229		      42.73137
      18.71551		      39.25757
      27.94566		      33.27910
      35.37448		      25.18214
      40.52980		      15.48775
      43.08555		       4.81828
      42.88239		      -6.14252
      39.93765		     -16.69336
      34.44392		     -26.16027
      26.75647		     -33.93964
      17.37027		     -39.53669
       6.88815		     -42.59697
      -4.01795		     -42.92881
     -14.65002		     -40.51525
     -24.32868		     -35.51493
     -32.43658		     -28.25164
     -38.45775		     -19.19333
     -42.01048		      -8.92202
     -42.87148		       1.90364
     -40.98993		      12.59059
     -36.49043		      22.45573
     -29.66480		      30.86956
     -20.95311		      37.29638
     -10.91535		      41.32839
      -0.19542		      42.71153
      10.52018		      41.36152
      20.54630		      37.36897
      29.24296		      30.99332
      36.05616		      22.64595
      40.55324		      12.86371
      42.45029		       2.27432
      41.63009		      -8.44388
      38.14934		     -18.60535
      32.23479		     -27.56124
      24.26843		     -34.74081
      14.76284		     -39.68778
       4.32824		     -42.08935
      -6.36673		     -41.79596
     -16.63783		     -38.83059
     -25.82898		     -33.38705
     -33.35420		     -25.81728
     -38.73494		     -16.60863
     -41.63052		      -6.35248
     -41.85970		       4.29375
     -39.41200		      14.64872
     -34.44815		      24.05081
     -27.28947		      31.90032
     -18.39714		      37.69781
      -8.34245		      41.07580
       2.22988		      41.82210
      12.64303		      39.89312
      22.23144		      35.41640
      30.38332		      28.68219
      36.57970		      20.12460
      40.42745		      10.29367
      41.68422		      -0.18000
      40.27373		     -10.62572
      36.29035		     -20.37564
      29.99281		     -28.80744
      21.78742		     -35.38405
      12.20182		     -39.68789
       1.85108		     -41.44732
      -8.60177		     -40.55385
     -18.48822		     -37.06877
     -27.17702		     -31.21897
     -34.11447		     -23.38222
     -38.85976		     -14.06271
     -41.11291		      -3.85865
     -40.73375		       6.57611
     -37.75068		      16.57402
     -32.35851		      25.49649
     -24.90579		      32.77471
     -15.87230		      37.94589
      -5.83811		      40.68269
       4.55362		      40.81395
      14.63788		      38.33535
      23.77037		      33.40948
      31.36864		      26.35514
      36.94928		      17.62672
      40.15861		       7.78495
      40.79517		      -2.53915
      38.82229		     -12.68468
      34.37020		     -22.00324
      27.72747		     -29.90028
      19.32226		     -35.87310
       9.69479		     -39.54282
      -0.53746		     -40.67840
     -10.71928		     -39.21123
     -20.19974		     -35.23920
     -28.37373		     -29.02020
     -34.72069		     -20.95541
     -38.83764		     -11.56339
     -40.46484		      -1.44674
     -39.50217		       8.74652
     -36.01524		      18.36454
     -30.23097		      26.79323
     -22.52280		      33.49553
     -13.38663		      38.04561
      -3.40885		      40.15591
       6.77122		      39.69532
      16.50237		      36.69734
      25.16308		      31.35763
      32.20127		      24.02130
      37.16946		      15.16056
      39.75324		       5.34435
      39.79114		      -4.79816
      37.28473		     -14.61796
      32.39827		     -23.48767
      25.44793		     -30.84166
      16.88136		     -36.21209
       7.24884		     -39.25869
      -2.83205		     -39.79030
     -12.71604		     -37.77689
     -21.77145		     -33.35118
     -29.42058		     -26.79994
     -35.17655		     -18.54540
     -38.67430		      -9.11801
     -39.69372		       0.87758
     -38.17352		      10.80137
     -34.21489		      20.01894
     -28.07478		      27.94204
     -20.14920		      34.06608
     -10.94771		      38.00233
      -1.06068		      39.50252
       8.87866		      38.47457
      18.23470		      34.98817
      26.41012		      29.27009
      32.88405		      21.68946
      37.24521		      12.73391
      39.21806		       2.97820
      38.68021		      -6.95262
      35.67000		     -16.42331
      30.38376		     -24.82902
      23.16309		     -31.63397
      14.47270		     -36.40556
       4.87056		     -38.84189
      -5.02793		     -38.79085
     -14.58939		     -36.25959
     -23.20300		     -31.41387
     -30.31950		     -24.56715
     -35.48619		     -16.16035
     -38.37578		      -6.73346
     -38.80709		       3.10918
     -36.75640		      12.73757
     -32.35872		      21.53640
     -25.89892		      28.94439
     -17.79329		      34.49004
      -8.56267		      37.82170
       1.20095		      38.72980
      10.87247		      37.16010
      19.83361		      33.21684
      27.51253		      27.15588
      33.42025		      19.36809
      37.18180		      10.35412
      38.56004		       0.69226
      37.47058		      -8.99869
      33.98697		     -18.09906
      28.33570		     -26.02790
      20.88151		     -32.28006
      12.10385		     -36.45842
       2.56606		     -38.29907
      -7.12085		     -37.68799
     -16.33723		     -34.66809
     -24.49456		     -29.43626
     -31.07289		     -22.33048
     -35.65410		     -13.80804
     -37.94839		      -4.41610
     -37.81266		       5.24348
     -35.25940		      14.55262
     -30.45566		      22.91665
     -23.71212		      29.80227
     -15.46302		      34.77152
      -6.23815		      37.50968
       3.37110		      37.84517
      12.74972		      35.76031
      21.29841		      31.39221
      28.47185		      25.02375
      33.81355		      17.06526
      36.98482		       8.02811
      37.78630		      -1.50817
      36.17047		     -10.93306
      32.24443		     -19.64409
      26.26285		     -27.08540
      18.61140		     -32.78319
       9.78196		     -36.37588
       0.34091		     -37.63706
      -9.10712		     -36.48974
     -17.95801		     -33.01107
     -25.64677		     -27.42713
     -31.68361		     -20.09826
     -35.68512		     -11.49581
     -37.39864		      -2.17182
     -36.71821		       7.27640
     -33.69107		      16.24454
     -28.51448		      24.15992
     -21.52280		      30.51810
     -13.16592		      34.91497
      -3.98033		      37.07247
       5.44534		      36.85617
      14.50805		      34.28362
      22.62889		      29.52302
      29.29008		      22.88219
      34.06802		      14.78869
      36.66014		       5.76230
      36.90415		      -3.61836
      34.78812		     -12.75294
      30.45105		     -21.05775
      24.17376		     -28.00310
      16.36064		     -33.14703
       7.51369		     -36.16346
      -1.79980		     -36.86287
     -10.98360		     -35.20416
     -19.45068		     -31.29710
     -26.66081		     -25.39504
     -32.15492		     -17.87848
     -35.58442		      -9.23057
     -36.73327		      -0.00602
     -35.53159		       9.20442
     -32.05990		      17.81189
     -26.54376		      25.26694
     -19.33906		      31.09473
     -10.90913		      34.92518
      -1.79490		      36.51649
       7.41979		      35.77044
      16.14560		      32.73840
      23.82535		      27.61782
      29.96967		      20.73939
      34.18807		      12.54569
      36.21387		       3.56267
      35.92097		      -5.63404
      33.33174		     -14.45608
      28.61535		     -22.33995
      22.07669		     -28.78303
      14.13671		     -33.37561
       5.30529		     -35.82694
      -3.85149		     -35.98365
     -12.74763		     -33.83932
     -20.81473		     -29.53466
     -27.53827		     -23.34831
     -32.49046		     -15.67878
     -35.35743		      -7.01879
     -35.95915		       2.07639
     -34.26069		      11.02453
     -30.37428		      19.25372
     -24.55182		      26.23891
     -17.16867		      31.53542
      -8.69933		      34.80724
       0.31294		      35.84835
       9.29107		      34.59567
      17.66102		      31.13292
      24.88860		      25.68496
      30.51345		      18.60326
      34.17845		      10.34317
      35.65231		       1.43471
      34.84426		      -7.55150
      31.80953		     -16.04077
      26.74566		     -23.49106
      19.97962		     -29.42764
      11.94671		     -33.47330
       3.16252		     -35.37233
      -5.81008		     -35.00667
     -14.39711		     -32.40325
     -22.05011		     -27.73205
     -28.28121		     -21.29500
     -32.69423		     -13.50645
     -35.00985		      -4.86652
     -35.08331		       4.07102
     -32.91342		      12.73422
     -28.64245		      20.56961
     -22.54679		      27.07747
     -15.01905		      31.84378
      -6.54281		      34.56652
       2.33847		      35.07480
      11.05629		      33.33960
      19.05349		      29.47539
      25.81986		      23.73258
      30.92468		      16.48133
      34.04417		       8.18764
      34.98197		      -0.61655
      33.68156		      -9.36750
      30.22958		     -17.50575
      24.85014		     -24.51192
      17.89023		     -29.93979
       9.79734		     -33.44479
       1.09071		     -34.80583
      -7.67200		     -33.93925
     -15.93040		     -30.90395
     -23.15726		     -25.89742
     -28.89209		     -19.24286
     -32.77056		     -11.36836
     -34.54759		      -2.77932
     -34.11286		       5.97395
     -31.49763		      14.33150
     -26.87255		      21.75958
     -20.53650		      27.78469
     -12.89728		      32.02379
      -4.44541		      34.20863
       4.27744		      34.20275
      12.71310		      32.00995
      20.32264		      27.77387
      26.62081		      21.76858
      31.20696		      14.38083
      33.79053		       6.08517
      34.20949		      -2.58656
      32.44042		     -11.07930
      28.59990		     -18.85029
      22.93672		     -25.40380
      15.81585		     -30.32270
       7.69490		     -33.29504
      -0.90532		     -34.13384
      -9.43415		     -32.78880
     -17.34638		     -29.34935
     -24.13706		     -24.03871
     -29.37376		     -17.19936
     -32.72408		      -9.27102
     -33.97676		      -0.76233
     -33.05500		       7.78174
     -30.02115		      15.81484
     -25.07251		      22.82413
     -18.52850		      28.36304
     -10.81004		      32.07972
      -2.41251		      33.73939
       6.12610		      33.23916
      14.25961		      30.61440
      21.46858		      26.03628
      27.29355		      19.80058
      31.36421		      12.30861
      33.42306		       4.04140
      33.34161		      -4.47125
      31.12842		     -12.68465
      26.92835		     -20.07409
      21.01308		     -26.16841
      13.76351		     -30.57994
       5.64528		     -33.02927
      -2.82117		     -33.36286
     -11.09394		     -31.56271
     -18.64438		     -27.74726
     -24.99085		     -22.16364
     -29.72944		     -15.17164
     -32.55969		      -7.22053
     -33.30363		       1.17977
     -31.91697		       9.49145
     -28.49171		      17.18321
     -23.25007		      23.76420
     -16.53004		      28.81537
      -8.76364		      32.01616
      -0.44907		      33.16481
       7.88116		      32.19110
      15.69440		      29.16062
      22.49187		      24.27036
      27.84054		      17.83593
      31.40069		      10.27117
      32.94749		       2.06155
      32.38520		      -6.26701
      29.75308		     -14.18178
      25.22268		     -21.17734
      19.08665		     -26.80785
      11.73985		     -30.71542
       3.65394		     -32.65291
      -4.65292		     -32.49954
     -12.64923		     -30.26838
     -19.82419		     -26.10537
     -25.72034		     -20.27970
     -29.96267		     -13.16650
     -32.28253		      -5.22260
     -32.53460		       3.04277
     -30.70601		      11.10061
     -26.91695		      18.43603
     -21.41277		      24.58114
     -14.54809		      29.14488
      -6.76398		      31.83793
       1.44040		      32.49104
       9.53981		      31.06565
      17.01652		      27.65615
      23.39347		      22.48367
      28.26462		      15.88170
      31.32089		       8.27462
      32.36971		       0.15040
      31.34715		      -7.97069
      28.32186		     -15.56938
      23.49043		     -22.16065
      17.16459		     -27.32461
       9.75118		     -30.73333
       1.72591		     -32.17161
      -6.39711		     -31.55058
     -14.09835		     -28.91318
     -20.88606		     -24.43121
     -26.32766		     -18.39414
     -30.07732		     -11.19042
     -31.89796		      -3.28250
     -31.67618		       4.82290
     -29.42937		      12.60720
     -25.30437		      19.57317
     -19.56789		      25.27670
     -12.58924		      29.35509
      -4.81658		      31.55011
       3.25185		      31.72437
      11.09969		      29.86990
      18.22550		      26.10846
      24.17478		      20.68354
      28.56899		      13.94463
      31.12960		       6.32468
      31.69577		      -1.68771
      30.23442		      -9.57961
      26.84217		     -16.84660
      21.73895		     -23.02502
      15.25376		     -27.72152
       7.80342		     -30.63813
      -0.13418		     -31.59116
      -8.05074		     -30.52276
     -15.44011		     -27.50440
     -21.83064		     -22.73215
     -26.81529		     -16.51390
     -30.07754		      -9.24951
     -31.41151		      -1.40510
     -30.73494		       6.51683
     -28.09424		      14.00965
     -23.66133		      20.59492
     -17.72248		      25.85302
     -10.65977		      29.44983
      -2.92656		      31.15796
       4.98164		      30.87118
      12.55889		      28.61094
      19.32124		      24.52486
      24.83758		      18.87707
      28.75714		      12.03115
      30.83181		       4.42670
      30.93184		      -3.44885
      29.05394		     -11.09153
      25.32127		     -18.01301
      19.97541		     -23.77188
      13.36072		     -28.00174
       5.90212		     -30.43453
      -1.92215		     -30.91751
      -9.61123		     -29.42286
     -16.67371		     -26.04927
     -22.65898		     -21.01538
     -27.18605		     -14.64566
     -29.96773		      -7.34950
     -30.82890		       0.40514
     -29.71753		       8.12170
     -26.70776		      15.30685
     -21.99501		      21.50200
     -15.88331		      26.31258
      -8.76561		      29.43319
      -1.09862		      30.66695
       6.62659		      29.93792
      13.91597		      27.29580
      20.30412		      22.91253
      25.38400		      17.07112
      28.83285		      10.14735
      30.43271		       2.58562
      30.08419		      -5.12956
      27.81264		     -12.50465
      23.76631		     -19.06862
      18.20671		     -24.40303
      11.49170		     -28.16875
       4.05245		     -30.12744
      -3.63423		     -30.15670
     -11.07648		     -28.25770
     -17.79882		     -24.55488
     -23.37255		     -19.28784
     -27.44309		     -12.79579
     -29.75253		      -5.49578
     -30.15596		       2.14419
     -28.63059		       9.63506
     -25.27697		      16.49810
     -20.31241		      22.29549
     -14.05686		      26.65820
      -6.91233		      29.30954
       0.66295		      30.08266
       8.18396		      28.93108
      15.16988		      25.93146
      21.17488		      21.27849
      25.81652		      15.27227
      28.80017		       8.29897
      29.93766		       0.80598
      29.15914		      -6.72679
      26.51741		     -13.81762
      22.18430		     -20.01382
      16.43953		     -24.92061
       9.65263		     -28.22628
       2.25919		     -29.72197
      -5.26710		     -29.31488
     -12.44479		     -27.03405
     -18.81550		     -23.02823
     -23.97314		     -17.55627
     -27.58985		     -10.97036
     -29.43678		      -3.69333
     -29.39863		       3.80842
     -27.48078		      11.05489
     -23.80883		      17.58313
     -18.62030		      22.97687
     -12.24933		      26.89299
      -5.10514		      29.08343
       2.35426		      29.41084
       9.65143		      27.85720
      16.32002		      24.52481
      21.93465		      19.62953
      26.13796		      13.48682
      28.66341		       6.49141
      29.35216		      -0.90808
      28.16305		      -8.23790
      25.17506		     -15.02948
      20.58206		     -20.84942
      14.68026		     -25.32711
       7.84906		     -28.17835
       0.52672		     -29.22340
      -6.81781		     -28.39825
     -13.71488		     -25.75862
     -19.72420		     -21.47613
     -24.46291		     -15.82717
     -27.63003		      -9.17509
     -29.02552		      -1.94679
     -28.56292		       5.39464
     -26.27473		      12.37961
     -22.31013		      18.56207
     -16.92523		      23.54796
     -10.46660		      27.02037
      -3.34886		      28.75965
       3.97183		      28.65730
      11.02707		      26.72277
      17.36617		      23.08261
      22.58492		      17.97227
      26.35140		      11.72080
      28.42706		       4.72972
      28.68184		      -2.55282
      27.10230		      -9.66069
      23.79231		     -16.13970
      18.96624		     -21.57657
      12.93504		     -25.62530
       6.08624		     -28.02919
      -1.14097		     -28.63713
      -8.28387		     -27.41304
     -14.88590		     -24.43809
     -20.52576		     -19.90524
     -24.84434		     -14.10676
     -27.56761		      -7.41539
     -28.52392		      -0.26038
     -27.65491		       6.90004
     -25.01901		      13.60804
     -20.78753		      19.43540
     -15.23354		      24.01093
      -8.71423		      27.04401
      -1.64796		      28.34313
       5.51258		      27.82796
      12.30941		      25.53427
      18.30851		      21.61152
      23.12755		      16.31309
      26.46024		       9.97991
      28.09584		       3.01856
      27.93242		      -4.12487
      25.98325		     -10.99335
      22.37578		     -17.14813
      17.34326		     -22.19680
      11.20971		     -25.81828
       4.36904		     -27.78325
      -2.74026		     -27.96868
      -9.66318		     -26.36550
     -15.95737		     -23.07902
     -21.22137		     -18.32203
     -25.12021		     -12.40099
     -27.40674		      -5.69633
     -27.93730		       1.36203
     -26.68071		       8.32223
     -23.72013		      14.73938
     -19.24753		      20.20402
     -13.55126		      24.36823
      -6.99747		      26.96781
      -0.00654		      27.83898
       6.97383		      26.92876
      13.49734		      24.29814
      19.14759		      20.11803
      23.56468		      14.65813
      26.46810		       8.26956
      27.67460		       1.36226
      27.10968		      -5.62130
      24.81226		     -12.23448
      20.93195		     -18.05500
      15.71934		     -22.71195
       9.50982		     -25.90938
       2.70198		     -27.44515
      -4.26793		     -27.22367
     -10.95402		     -25.26185
     -16.92921		     -21.68787
     -21.81256		     -16.73277
     -25.29356		     -10.71556
     -27.15182		      -4.02264
     -27.27108		       2.91699
     -25.64643		       9.65921
     -22.38450		      15.77324
     -17.69643		      20.86913
     -11.88420		      24.62265
      -5.32122		      26.79590
       1.57170		      27.25241
       8.35330		      25.96569
      14.59015		      23.02074
      19.88432		      18.60846
      23.89877		      13.01328
      26.37884		       6.59482
      27.16834		      -0.23524
      26.21947		      -7.03955
      23.59561		     -13.38306
      19.46716		     -18.86090
      14.10046		     -23.12418
       7.84060		     -25.90221
       1.08924		     -27.01968
      -5.72117		     -26.40777
     -12.15508		     -24.10830
     -17.80170		     -20.27095
     -22.30121		     -15.14351
     -25.36772		      -9.05583
     -26.80740		      -2.39868
     -26.53076		       4.40140
     -24.55817		      10.90937
     -21.01843		      16.70959
     -16.14033		      21.43229
     -10.23787		      24.77719
      -3.69006		      26.53260
       3.08341		      26.58875
       9.64910		      24.94472
      15.58751		      21.70831
      20.51995		      17.08895
      24.13259		      11.38418
      26.19652		       4.96045
      26.58221		      -1.77037
      25.26762		      -8.37742
      22.33949		     -14.43846
      17.98756		     -19.56678
      12.49234		     -23.43595
       6.20698		     -25.80056
      -0.46538		     -26.51176
      -7.09752		     -25.52669
     -13.26543		     -22.91098
     -18.57547		     -18.83445
     -22.68946		     -13.56005
     -25.34622		      -7.42689
     -26.37818		      -0.82848
     -25.72190		       5.81254
     -23.42198		      12.07149
     -19.62808		      17.54876
     -14.58511		      21.89537
      -8.61748		      24.83516
      -2.10822		      26.18238
       4.52563		      25.85338
      10.85970		      23.87183
      16.48945		      20.36703
      21.05603		      15.56545
      24.26912		       9.77616
      25.92540		       3.37087
      25.92141		      -3.23990
      24.26001		      -9.63314
      21.05003		     -15.40040
      16.49915		     -20.17390
      10.90045		     -23.65000
       4.61357		     -25.60845
      -1.95844		     -25.92643
      -8.39490		     -24.58617
     -14.28450		     -21.67597
     -19.25150		     -17.38438
     -22.97976		     -11.98797
     -25.23285		      -5.83351
     -25.86901		       0.68428
     -24.85010		       7.14808
     -22.24388		      13.14470
     -18.21947		      18.29142
     -13.03643		      22.26052
      -7.02797		      24.80005
      -0.57957		      25.74987
       5.89576		      25.05176
      11.98395		      22.75293
      17.29634		      19.00289
      21.49445		      14.04368
      24.31163		       8.19431
      25.56989		       1.83018
      25.19124		      -4.64099
      23.20245		     -10.80526
      19.73323		     -16.26896
      15.00770		     -20.68385
       9.32999		     -23.76928
       3.06464		     -25.33007
      -3.38683		     -25.26879
      -9.61162		     -23.59193
     -15.21207		     -20.40923
     -19.83108		     -15.92655
     -23.17483		     -10.43257
     -25.03154		      -4.28015
     -25.28481		       2.13628
     -23.92097		       8.40605
     -21.02977		      14.12849
     -16.79846		      18.93858
     -11.49970		      22.53019
      -5.47396		      24.67557
       0.89232		      25.23983
       7.19156		      24.18937
      13.02108		      21.59389
      18.00888		      17.62177
      21.83737		      12.52915
      24.26356		       6.64340
      25.13454		       0.34212
      24.39704		      -5.97115
      22.10075		     -11.89272
      18.39495		     -17.04457
      13.51879		     -21.09850
       7.78588		     -23.79703
       1.56415		     -24.96975
      -4.74783		     -24.54405
     -10.74632		     -22.54968
     -16.04828		     -19.11661
     -20.31580		     -14.46661
     -23.27762		      -8.89891
     -24.74642		      -2.77096
     -24.63062		       3.52455
     -22.94013		       9.58482
     -19.78550		      15.02273
     -15.37073		      19.49154
      -9.98009		      22.70705
      -3.95978		      24.46563
       2.30427		      24.65711
       8.41115		      23.27171
      13.97064		      20.40050
      18.62812		      16.22938
      22.08720		      11.02710
      24.12860		       5.12792
      24.62401		      -1.08989
      23.54418		      -7.22825
      20.96064		     -12.89480
      17.04092		     -17.72796
      12.03776		     -21.42001
       6.27276		     -23.73667
       0.11572		     -24.53197
      -6.03905		     -23.75744
     -11.79802		     -21.46508
     -16.79359		     -17.80384
     -20.70753		     -13.00997
     -23.29130		      -7.39176
     -24.38175		      -1.30974
     -23.91153		       4.84647
     -21.91314		      10.68314
     -18.51676		      15.82757
     -13.94175		      19.95191
      -8.48248		      22.79405
      -2.48942		      24.17428
       3.65342		      24.00663
       9.55301		      22.30427
      14.83253		      19.17844
      19.15536		      14.83124
      22.24662		       9.54256
      23.91057		       3.65203
      24.04307		      -2.46277
      22.63805		      -8.41050
      19.78775		     -13.81112
      15.67670		     -18.32019
      10.56973		     -21.65079
       4.79495		     -23.59180
      -1.27736		     -24.02131
      -7.25846		     -22.91422
     -12.76607		     -20.34373
     -17.44877		     -16.47650
     -21.00844		     -11.56183
     -23.21925		      -5.91561
     -23.94195		       0.09999
     -23.13266		       6.09976
     -20.84555		      11.70009
     -17.22915		      16.54353
     -12.51680		      20.32157
      -7.01152		      22.79432
      -1.06657		      23.80572
       4.93725		      23.29339
      10.61596		      21.29249
      15.60697		      17.93328
      19.59224		      13.43270
      22.31852		       8.08029
      23.61348		       2.21962
      23.39656		      -3.77377
      21.68400		      -9.51645
      18.58765		     -14.64164
      14.30767		     -18.82260
       9.11958		     -21.79348
       3.35652		     -23.36622
      -2.61211		     -23.44245
      -8.40436		     -22.01966
     -13.65013		     -19.19115
     -18.01489		     -15.14001
     -21.22092		     -10.12717
     -23.06505		      -4.47467
     -23.43150		       1.45507
     -22.29918		       7.28247
     -19.74281		      12.63508
     -15.92811		      17.17140
     -11.10094		      20.60266
      -5.57156		      22.71120
       0.30538		      23.36427
       6.15358		      22.52241
      11.59914		      20.24179
      16.29450		      16.67048
      19.94062		      12.03887
      22.30602		       6.64476
      23.24145		       0.83425
      22.68936		      -5.02048
      20.68737		     -10.54501
      17.36578		     -15.38662
      12.93903		     -19.23681
       7.69190		     -21.85096
       1.96120		     -23.06385
      -3.88592		     -22.80013
      -9.47539		     -21.07899
     -14.45023		     -18.01276
     -18.49331		     -13.79960
     -21.34758		      -8.71071
     -22.83241		      -3.07285
     -22.85501		       2.75265
     -21.41621		       8.39300
     -18.61033		      13.48784
     -14.61890		      17.71228
      -9.69900		      20.79756
      -4.16667		      22.54820
       1.62339		      22.85437
       7.30057		      21.69874
      12.50203		      19.15750
      16.89595		      15.39533
      20.20265		      10.65468
      22.21240		       5.24021
      22.79873		      -0.50082
      21.92639		      -6.20081
      19.65345		     -11.49538
      16.12743		     -16.04663
      11.57576		     -19.56470
       6.29107		     -21.82629
       0.61243		     -22.68876
      -5.09645		     -22.09915
     -10.47051		     -20.09745
     -15.16665		     -16.81385
     -18.88566		     -12.46034
     -21.39129		      -7.31694
     -22.52522		      -1.71376
     -22.21711		       3.99019
     -20.48892		       9.43006
     -17.45338		      14.25843
     -13.30663		      18.16754
      -8.31557		      20.90888
      -2.80064		      22.30901
       2.88470		      22.28049
       8.37667		      20.82741
      13.32442		      18.04490
      17.41244		      14.11297
      20.38069		       9.28482
      22.04114		       3.87058
      22.28967		      -1.78264
      21.11261		      -7.31301
      18.58745		     -12.36711
      14.87778		     -16.62252
      10.22264		     -19.80841
       4.92118		     -21.72274
      -0.68663		     -22.24512
      -6.24173		     -21.34432
     -11.38902		     -19.08019
     -15.80001		     -15.59961
     -19.19382		     -11.12706
     -21.35506		      -5.95007
     -22.14746		      -0.40075
     -21.52250		       5.16548
     -19.52238		      10.39269
     -16.27714		      14.94719
     -11.99623		      18.53882
      -6.95499		      20.93944
      -1.47697		      21.99742
       4.08689		      21.64722
       9.38070		      19.91345
      14.06641		      16.90914
      17.84535		      12.82837
      20.47732		       7.93375
      21.79585		       2.53954
      21.71868		      -3.00859
      20.25293		      -8.35563
      17.49452		     -13.16003
      13.62183		     -17.11543
       8.88424		     -19.97027
       3.58603		     -21.54372
      -1.93316		     -21.73720
      -7.32007		     -20.54049
     -12.23049		     -18.03231
     -16.35118		     -14.37507
     -19.41991		      -9.80443
     -21.24211		      -4.61407
     -21.70323		       0.86316
     -20.77592		       6.27661
     -18.52166		      11.28024
     -15.08665		      15.55475
     -10.69240		      18.82798
      -5.62137		      20.89222
      -0.19887		      21.61736
       5.22784		      20.95915
      10.31176		      18.96185
      14.72836		      15.75526
      18.19630		      11.54631
      20.49533		       6.60569
      21.48028		       1.25046
      21.09023		      -4.17632
      19.35228		      -9.32754
      16.37967		     -13.87428
      12.36442		     -17.52676
       7.56488		     -20.05284
       2.28918		     -21.29279
      -3.12461		     -21.16932
      -8.33012		     -19.69248
     -12.99482		     -16.95882
     -16.82132		     -13.14510
     -19.56625		      -8.49687
     -21.05581		      -3.31265
     -21.19673		       2.07525
     -19.98210		       7.32200
     -17.49172		      12.09234
     -13.88683		      16.08202
      -9.39967		      19.03714
      -4.31854		      20.77040
       1.03074		      21.17287
       6.30572		      20.22091
      11.16923		      17.97753
      15.31095		      14.58818
      18.46719		      10.27138
      20.43767		       5.30461
      21.09828		       0.00645
      20.40883		      -5.28380
      18.41552		     -10.22790
      15.24785		     -14.51027
      11.11020		     -17.85813
       6.26866		     -20.05889
       1.03390		     -20.97363
      -4.25875		     -20.54587
      -9.27079		     -18.80509
     -13.68219		     -15.86463
     -17.21182		     -11.91441
     -19.63539		      -7.20858
     -20.79967		      -2.04922
     -20.63219		       3.23307
     -19.14575		       8.30035
     -16.43746		      12.82895
     -12.68241		      16.53015
      -8.12234		      19.16861
      -3.05009		      20.57729
       2.20923		      20.66804
       7.31903		      19.43714
      11.95284		      16.96535
      15.81510		      13.41268
      18.66009		       9.00798
      20.30748		       4.03422
      20.65383		      -1.18968
      19.67902		      -6.32931
      17.44747		     -11.05618
      14.10383		     -15.06870
       9.86364		     -18.11143
       4.99942		     -19.99133
      -0.17682		     -20.59004
      -5.33364		     -19.87128
     -10.14133		     -17.88308
     -14.29304		     -14.75456
     -17.52433		     -10.68754
     -19.63004		      -5.94354
     -20.47731		      -0.82695
     -20.01392		       4.33448
     -18.27157		       9.21066
     -15.36367		      13.49025
     -11.47798		      16.90057
      -6.86449		      19.22490
      -1.81932		      20.31635
       3.33425		      20.10706
       8.26655		      18.61245
      12.66254		      15.93010
      16.24199		      12.23339
      18.77730		       7.76029
      20.10802		       2.79801
      20.15094		      -2.33539
      18.90534		      -7.31141
      16.45288		     -11.81212
      12.95228		     -15.55050
       8.62900		     -18.28871
       3.76077		     -19.85325
      -1.34028		     -20.14591
      -6.34763		     -19.14998
     -10.94125		     -16.93117
     -14.82808		     -13.63326
     -17.76070		      -9.46881
     -19.55309		      -4.70546
     -20.09245		       0.35127
     -19.34625		       5.37761
     -17.36422		      10.05222
     -14.27504		      14.07675
     -10.27795		      17.19489
      -5.62997		      19.20870
      -0.62930		      19.99115
       4.40376		      19.49413
       9.14734		      17.75143
      13.29860		      14.87644
      16.59302		      11.05477
      18.82132		       6.53225
      19.84268		       1.59916
      19.59370		      -3.42844
      18.09229		      -8.22894
      15.43641		     -12.49574
      11.79770		     -15.95686
       7.41035		     -18.39228
       2.55607		     -19.64786
      -2.45403		     -19.64519
      -7.29935		     -18.38641
     -11.67034		     -15.95398
     -15.28828		     -12.50527
     -17.92300		      -8.26238
     -19.40759		      -3.49786
     -19.64892		       1.48284
     -18.63353		       6.36091
     -16.42830		      10.82461
     -13.17611		      14.58917
      -9.08653		      17.41499
      -4.42239		      19.12286
       0.51720		      19.60534
       5.41597		      18.83349
       9.96075		      16.85864
      13.86151		      13.80894
      16.86984		       9.88109
      18.79479		       5.32761
      19.51498		       0.44062
      18.98625		      -4.46686
      17.24437		      -9.08104
      14.40262		     -13.10733
      10.64442		     -16.28921
       6.21152		     -18.42457
       1.38841		     -19.37851
      -3.51591		     -19.09189
      -8.18772		     -17.58499
     -12.32867		     -14.95606
     -15.67483		     -11.37497
     -18.01349		      -7.07218
     -19.19669		      -2.32396
     -19.15060		       2.56541
     -17.88009		       7.28308
     -15.46832		      11.52765
     -12.07130		      15.02849
      -7.90776		      17.56291
      -3.24514		      18.97038
       1.61766		      19.16267
       6.36939		      18.12940
      10.70641		      15.93856
      14.35205		      12.73204
      17.07430		       8.71647
      18.70054		       4.14987
      19.12852		      -0.67491
      18.33275		      -5.44895
      16.36603		      -9.86710
      13.35595		     -13.64742
       9.49662		     -16.54918
       5.03613		     -18.38823
       0.26063		     -19.04865
      -4.52404		     -18.49007
      -9.01193		     -16.75010
     -12.91655		     -13.94187
     -15.98916		     -10.24659
     -18.03460		      -5.90195
     -18.92370		      -1.18676
     -18.60142		       3.59691
     -17.09027		       8.14309
     -14.48874		      12.16146
     -10.96488		      15.39592
      -6.74546		      17.64089
      -2.10135		      18.75438
       2.66982		      18.66696
       7.26280		      17.38611
      11.38419		      14.99561
      14.77120		      11.65004
      17.20842		       7.56481
      18.54151		       3.00230
      18.68697		      -1.74501
      17.63735		      -6.37330
      15.46164		     -10.58681
      12.30073		     -14.11679
       8.35828		     -16.73860
       3.88758		     -18.28603
      -0.82467		     -18.66182
      -5.47680		     -17.84378
      -9.77143		     -15.88610
     -13.43455		     -12.91573
     -16.23290		      -9.12419
     -17.98893		      -4.75520
     -18.59200		      -0.08902
     -18.00534		       4.57553
     -16.26834		       8.94019
     -13.49387		      12.72637
      -9.86096		      15.69289
      -5.60323		      17.65134
      -0.99392		      18.47809
       3.67170		      18.12205
       8.09524		      16.60785
      11.99422		      14.03412
      15.12017		      10.56708
      17.27443		       6.42983
      18.32079		       1.88795
      18.19406		      -2.76752
      16.90421		      -7.23873
      14.53553		     -11.24007
      11.24116		     -14.51645
       7.23320		     -16.85950
       2.76904		     -18.12087
      -1.86516		     -18.22162
      -6.37283		     -17.15711
     -10.46595		     -14.99725
     -13.88345		     -11.88186
     -16.40788		      -8.01163
     -17.87922		      -3.63521
     -18.20506		       0.96678
     -17.36635		       5.49972
     -15.41856		       9.67390
     -12.48796		      13.22298
      -8.76348		      15.92101
      -4.48450		      17.59682
       0.07449		      18.14485
       4.62157		      17.53184
       8.86601		      15.79881
      12.53689		      13.05832
      15.40040		       9.48718
      17.27472		       5.31504
      18.04154		       0.80960
      17.65359		      -3.74053
      16.13747		      -8.04436
      13.59191		     -11.82707
      10.18127		     -14.84762
       6.12499		     -16.91407
       1.68345		     -17.89579
      -2.85876		     -17.73171
      -7.21105		     -16.43413
     -11.09544		     -14.08778
     -14.26428		     -10.84434
     -16.51610		      -6.91261
     -17.70834		      -2.54505
     -17.76643		       1.97838
     -16.68845		       6.36821
     -14.54510		      10.34397
     -11.47510		      13.65210
      -7.67620		      16.08212
      -3.39245		      17.48003
       1.10149		      17.75807
       5.51796		      16.90023
       9.57467		      14.96313
      13.01280		      12.07233
      15.61351		       8.41416
      17.21180		       4.22373
      17.70706		      -0.23019
      17.06935		      -4.66240
      15.34123		      -8.78953
      12.63491		     -12.34819
       9.12495		     -15.11172
       5.03705		     -16.90467
       0.63350		     -17.61391
      -3.80364		     -17.19582
      -7.99062		     -15.67887
     -11.66010		     -13.16180
     -14.57828		      -9.80711
     -16.55974		      -5.83062
     -17.47926		      -1.48757
     -17.27971		       2.94379
     -15.97561		       7.17996
     -13.65208		      10.95040
     -10.45928		      14.01475
      -6.60272		      16.17819
      -2.33004		      17.30380
       2.08492		      17.32123
       6.35964		      16.23112
      10.22101		      14.10490
      13.42279		      11.08015
      15.76129		       7.35168
      17.08835		       3.15900
      17.32069		      -1.22909
      16.44518		      -5.53170
      14.51954		      -9.47386
      11.66854		     -12.80408
       8.07593		     -15.31038
       3.97259		     -16.83379
      -0.37833		     -17.27847
      -4.69822		     -16.61765
      -8.71093		     -14.89535
     -12.16036		     -12.22333
     -14.82685		      -8.77395
     -16.54112		      -4.76898
     -17.19506		      -0.46536
     -16.74852		       3.86125
     -15.23178		       7.93419
     -12.74350		      11.49342
      -9.44431		      14.31218
      -5.54642		      16.21139
      -1.30002		      17.07106
       3.02285		      16.83786
       7.14564		      15.52841
      10.80508		      13.22813
      13.76789		      10.08565
      15.84573		       6.30323
      16.90714		       2.12372
      16.88584		      -2.18503
      15.78489		      -6.34730
      13.67638		     -10.09719
      10.69671		     -13.19558
       7.03777		     -15.44538
       2.93458		     -16.70407
      -1.34981		     -16.89273
      -5.54117		     -16.00097
      -9.37164		     -14.08751
     -12.59688		     -11.27629
     -15.01162		      -7.74848
     -16.46272		      -3.73077
     -16.85891		       0.51918
     -16.17652		       4.72926
     -14.46088		       8.63035
     -11.82330		      11.97349
      -8.43388		      14.54579
      -4.51052		      16.18400
      -0.30491		      16.78484
       3.91360		      16.31150
       7.87524		      14.79595
      11.32713		      12.33673
      14.04934		       9.09256
      15.86896		       5.27209
      16.67107		       1.12053
      16.40596		      -3.09616
      15.09228		      -7.10827
      12.81566		     -10.65957
       9.72317		     -13.52373
       6.01384		     -15.51869
       1.92581		     -16.51825
      -2.27895		     -16.46006
      -6.33138		     -15.34951
      -9.97263		     -13.25925
     -12.97051		     -10.32447
     -15.13436		      -6.73416
     -16.32711		      -2.71890
     -16.47404		       1.46391
     -15.56738		       5.54655
     -13.66677		       9.26813
     -10.89529		      12.39127
      -7.43151		      14.71721
      -3.49800		      16.09848
       0.65300		      16.44824
       4.75573		      15.74575
       8.54794		      14.03758
      11.78764		      11.43453
      14.26856		       8.10444
      15.83325		       4.26138
      16.38310		       0.15188
      15.88456		      -3.96088
      14.37114		      -7.81393
      11.94120		     -11.16131
       8.75156		     -13.78978
       5.00735		     -15.53241
       0.94884		     -16.27915
      -3.16396		     -15.98384
      -7.06801		     -14.66698
     -10.51400		     -12.41438
     -13.28231		      -9.37154
     -15.19701		      -5.73426
     -16.13701		      -1.73604
     -16.04372		       2.36691
     -14.92475		       6.31207
     -12.85325		       9.84745
      -9.96316		      12.74764
      -6.44056		      14.82819
      -2.51168		      15.95736
       1.57163		      16.06444
       5.54804		      15.14419
       9.16347		      13.25707
      12.18731		      10.52525
      14.42714		       7.12474
      15.74099		       3.27400
      16.04630		      -0.78003
      15.32513		      -4.77782
      13.62520		      -8.46384
      11.05674		     -11.60290
       7.78535		     -13.99514
       4.02129		     -15.48878
       0.00602		     -15.98972
      -4.00333		     -15.46749
      -7.75041		     -13.95709
     -10.99606		     -11.55664
     -13.53352		      -8.42103
     -15.20166		      -4.75190
     -15.89519		      -0.78469
     -15.57130		       3.22647
     -14.25228		       7.02503
     -12.02404		      10.36845
      -9.03048		      13.04366
      -5.46421		      14.88066
      -1.55416		      15.76330
       2.44913		      15.63666
       6.28954		      14.51040
       9.72177		      12.45812
      12.52700		       9.61249
      14.52685		       6.15670
      15.59471		       2.31267
      15.66378		      -1.67319
      14.73119		      -5.54582
      12.85815		      -9.05776
      10.16590		     -11.98504
       6.82787		     -14.14141
       3.05850		     -15.39018
      -0.90051		     -15.65295
      -4.79573		     -14.91445
      -8.37819		     -13.22348
     -11.41933		     -10.68966
     -13.72555		      -7.47631
     -15.15053		      -3.78998
     -15.60455		       0.13290
     -15.06010		       4.04113
     -13.55357		       7.68483
     -11.18278		      10.83145
      -8.10069		      13.28056
      -4.50547		      14.87667
      -0.62782		      15.51906
       3.28389		      15.16815
       6.97948		      13.84794
      10.22301		      11.64437
      12.80779		       8.69971
      14.56958		       5.20341
      15.39702		       1.37990
      15.23868		      -2.52585
      14.10623		      -6.26396
      12.07360		      -9.59568
       9.27218		     -12.30863
       5.88228		     -14.23031
       2.12160		     -15.23908
      -1.76884		     -15.27188
      -5.54007		     -14.32815
      -8.95115		     -12.46975
     -11.78454		      -9.81696
     -13.85997		      -6.54063
     -15.04595		      -2.85124
     -15.26802		       1.01467
     -14.51351		       4.80964
     -12.83218		       8.29112
     -10.33301		      11.23700
      -7.17707		      13.45976
      -3.56717		      14.81842
       0.26514		      15.22745
       4.07448		      14.66220
       7.61733		      13.16034
      10.66756		      10.81935
      13.03091		       7.79026
      14.55737		       4.26781
      15.15062		       0.47800
      14.77422		      -3.33642
      13.45374		      -6.93153
      11.27510		     -10.07779
       8.37895		     -12.57473
       4.95160		     -14.26373
       1.21302		     -15.03806
      -2.59726		     -14.84963
      -6.23548		     -13.71202
      -9.46930		     -11.69944
     -12.09257		      -8.94196
     -13.93853		      -5.61706
     -14.89036		      -1.93822
     -14.88860		       1.85877
     -13.93487		       5.53096
     -12.09164		       8.84373
      -9.47817		      11.58583
      -6.26276		      13.58283
      -2.65196		      14.70821
       1.12274		      14.89138
       4.81973		      14.12210
       8.20274		      12.45107
      11.05596		       9.98654
      13.19778		       6.88733
      14.49238		       3.35262
      14.85829		      -0.39092
      14.27360		      -4.10358
      12.77716		      -7.54804
      10.46611		     -10.50446
       7.48947		     -12.78459
       4.03864		     -14.24369
       0.33498		     -14.78976
      -3.38427		     -14.38932
      -6.88130		     -13.06945
      -9.93285		     -10.91599
     -12.34451		      -8.06794
     -13.96307		      -4.70850
     -14.68629		      -1.05327
     -14.46933		       2.66357
     -13.32755		       6.20427
     -11.33539		       9.34271
      -8.62157		      11.87885
      -5.36075		      13.65147
      -1.76228		      14.54844
       1.94322		      14.51377
       5.51865		      13.55115
       8.73561		      11.72357
      11.38897		       9.14926
      13.30995		       5.99399
      14.37688		       2.46041
      14.52287		      -1.22494
      13.74004		      -4.82619
      12.07990		      -8.11319
       9.64998		     -10.87628
       6.60685		     -12.93960
       3.14606		     -14.17233
      -0.51046		     -14.49694
      -4.12861		     -13.89410
      -7.47709		     -12.40382
     -10.34223		     -10.12279
     -12.54159		      -7.19808
     -13.93559		      -3.81771
     -14.43636		      -0.19855
     -14.01328		       3.42763
     -12.69486		       6.82896
     -10.56679		       9.78830
      -7.76643		      12.11713
      -4.47387		      13.66754
      -0.90043		      14.34161
       2.72498		      14.09762
       6.17047		      12.95261
       9.21601		      10.98121
      11.66749		       8.31076
      13.36911		       5.11312
      14.21324		       1.59356
      14.14724		      -2.02237
      13.17678		      -5.50331
      11.36531		      -8.62691
       8.82999		     -11.19400
       5.73406		     -13.04131
       2.27635		     -14.05186
      -1.32148		     -14.16235
      -4.82917		     -13.36713
      -8.02258		     -11.71846
     -10.69801		      -9.32310
     -12.68521		      -6.33537
     -13.85819		      -2.94726
     -14.14325		       0.62399
     -13.52353		       4.14973
     -12.04010		       7.40461
      -9.78914		      10.18092
      -6.91581		      12.30191
      -3.60478		      13.63299
      -0.06846		      14.09028
       3.46668		      13.64592
       6.77462		      12.32974
       9.64419		      10.22726
      11.89261		       7.47415
      13.37709		       4.24746
      14.00391		       0.75426
      13.73433		      -2.78169
      12.58700		      -6.13423
      10.63666		      -9.08929
       8.00927		     -11.45853
       4.87389		     -13.09140
       1.43180		     -13.88464
      -2.09644		     -13.78885
      -5.48509		     -12.81156
      -8.51771		     -11.01662
     -11.00095		      -8.52010
     -12.77689		      -5.48272
     -13.73309		      -2.09954
     -13.80969		       1.41257
     -13.00318		       4.82885
     -11.36651		       7.93101
      -9.00563		      10.52119
      -6.07264		      12.43458
      -2.75597		      13.54990
       0.73171		      13.79709
       4.16713		      13.16171
       7.33072		      11.68576
      10.02061		       9.46494
      12.06556		       6.64242
      13.33583		       3.39961
      13.75141		      -0.05548
      13.28708		      -3.50160
      11.97389		      -6.71842
       9.89716		      -9.50061
       7.19086		     -11.67097
       4.02903		     -13.09168
       0.61454		     -13.67307
      -2.83388		     -13.37930
      -6.09570		     -12.23051
      -8.96263		     -10.30151
     -11.25199		      -7.71686
     -12.81831		      -4.64285
     -13.56256		      -1.27680
     -13.43846		       2.16561
     -12.45529		       5.46415
     -10.67728		       8.40812
      -8.21935		      10.80987
      -5.23973		      12.51666
      -1.92977		      13.42045
       1.49840		      13.46472
       4.82537		      12.64799
       7.83859		      11.02383
      10.34588		       8.69735
      12.18772		       5.81842
      13.24738		       2.57197
      13.45834		      -0.83383
      12.80845		      -4.18098
      11.34060		      -7.25553
       9.14994		      -9.86134
       6.37767		     -11.83253
       3.20196		     -13.04405
      -0.17350		     -13.41963
      -3.53256		     -12.93657
      -6.66049		     -11.62711
      -9.35763		      -9.57626
     -11.45220		      -6.91632
     -12.81124		      -3.81833
     -13.34900		      -0.48106
     -13.03237		       2.88173
     -11.88295		       6.05499
      -9.97554		       8.83611
      -7.43328		      11.04789
      -4.41974		      12.54979
      -1.12832		      13.24690
       2.23008		      13.09590
       5.44061		      12.10780
       8.29823		      10.34707
      10.62078		       7.92751
      12.26058		       5.00486
      13.11388		       1.76679
      13.12733		      -1.57916
      12.30140		      -4.81890
      10.69021		      -7.74542
       8.39802		     -10.17211
       5.57246		     -11.94459
       2.39503		     -12.95055
      -0.93056		     -13.12687
      -4.19142		     -12.46358
      -7.17916		     -11.00441
      -9.70318		      -8.84391
     -11.60282		      -6.12132
     -12.75759		      -3.01160
     -13.09482		       0.28579
     -12.59425		       3.55974
     -11.28918		       6.60094
      -9.26433		       9.21530
      -6.65030		      11.23633
      -3.61515		      12.53574
      -0.35361		      13.03157
       2.92542		      12.69338
       6.01225		      11.54411
       8.70982		       9.65852
      10.84624		       7.15831
      12.28580		       4.20433
      12.93755		       0.98616
      12.76104		      -2.29001
      11.76887		      -5.41462
      10.02576		      -8.18812
       7.64434		     -10.43371
       4.77787		     -12.00864
       1.61041		     -12.81327
      -1.65506		     -12.79736
      -4.80957		     -11.96321
      -7.65161		     -10.36544
      -9.99994		      -8.10741
     -11.70519		      -5.33453
     -12.65933		      -2.22492
     -12.80254		       1.02207
     -12.12693		       4.19862
     -10.67698		       7.10171
      -8.54662		       9.54617
      -5.87314		      11.37641
      -2.82832		      12.47637
       0.39256		      12.77686
       3.58329		      12.25993
       6.53989		      10.95991
       9.07369		       8.96115
      11.02334		       6.39255
      12.26510		       3.41925
      12.72068		       0.23198
      12.36218		      -2.96511
      11.21381		      -5.96760
       9.35023		      -8.58381
       6.89172		     -10.64706
       3.99641		     -12.02630
       0.85011		     -12.63441
      -2.34560		     -12.43373
      -5.38632		     -11.43834
      -8.07787		      -9.71315
     -10.24869		      -7.36961
     -11.76080		      -4.55853
     -12.51855		      -1.46040
     -12.47468		       1.72626
     -11.63325		       4.79753
     -10.04930		       7.55723
      -7.82529		       9.82939
      -5.10442		      11.46949
      -2.06144		      12.37365
       1.10857		      12.48523
       4.20272		      11.79832
       7.02329		      10.35811
       9.39037		       8.25786
      11.15331		       5.63290
      12.20034		       2.65189
      12.46564		      -0.49400
      11.93346		      -3.60337
      10.63910		      -6.47746
       8.66650		      -8.93287
       6.14287		     -10.81325
       3.23042		     -11.99929
       0.11598		     -12.41623
      -3.00098		     -12.03862
      -5.92116		     -10.89185
      -8.45816		      -9.05046
     -10.45037		      -6.63327
     -11.77125		      -3.79574
     -12.33741		      -0.71997
     -12.11382		       2.39701
     -11.11602		       5.35583
      -9.40903		       7.96756
      -7.10311		      10.06574
      -4.34663		      11.51703
      -1.31656		      12.22963
       1.79294		      12.15916
       4.78292		      11.31134
       7.46238		       9.74160
       9.66050		       7.55145
      11.23747		       4.88189
      12.09344		       1.90438
      12.17482		      -1.19022
      11.47760		      -4.20387
      10.04761		      -6.94399
       7.97741		      -9.23581
       5.40039		     -10.93349
       2.48211		     -11.92943
      -0.59030		     -12.16103
      -3.62013		     -11.61469
      -6.41375		     -10.32656
      -8.79288		      -8.38018
     -10.60606		      -5.90102
     -11.73824		      -3.04844
     -12.11810		      -0.00542
     -11.72254		       3.03316
     -10.57805		       5.87304
      -8.75900		       8.33294
      -6.38276		      10.25617
      -3.60213		      11.52060
      -0.59554		      12.04642
       2.44440		      11.80117
       5.32328		      10.80173
       7.85727		       9.11320
       9.88489		       6.84462
      11.27728		       4.14195
      11.94642		       1.17869
      11.85066		      -1.85528
      10.99731		      -4.76586
       9.44214		      -7.36715
       7.28567		      -9.49330
       4.66675		     -11.00911
       1.75354		     -11.81862
      -1.26722		     -11.87117
      -4.20221		     -11.16460
      -6.86390		      -9.74527
      -9.08254		      -7.70506
     -10.71696		      -5.17539
     -11.66357		      -2.31877
     -11.86292		       0.68163
     -11.30345		       3.63373
     -10.02211		       6.34886
      -8.10197		       8.65378
      -5.66680		      10.40176
      -2.87312		      11.48190
       0.09988		      11.82620
       3.06184		      11.41379
       5.82336		      10.27223
       8.20821		       8.47566
      10.06448		       6.13997
      11.27431		       3.41535
      11.76137		       0.47664
      11.49564		      -2.48794
      10.49529		      -5.28879
       8.82545		      -7.74707
       6.59392		      -9.70615
       3.94428		     -11.04154
       1.04661		     -11.66884
      -1.91344		     -11.54905
      -4.74650		     -10.69100
      -7.27162		      -9.15072
      -9.32782		      -7.02775
     -10.78438		      -4.45876
     -11.54910		      -1.60871
     -11.57417		       1.33972
     -10.85915		       4.19787
      -9.45091		       6.78312
      -7.44060		       8.93060
      -4.95768		      10.50368
      -2.16167		      11.40269
       0.76817		      11.57120
       3.64429		      10.99959
       6.28289		       9.72555
       8.51561		       7.83167
      10.20034		       5.43999
      11.23022		       2.70424
      11.54042		      -0.20012
      11.11224		      -3.08713
       9.97421		      -5.77222
       8.20022		      -8.08402
       5.90469		      -9.87530
       3.23522		     -11.03234
       0.36307		     -11.48215
      -2.52778		     -11.19709
      -5.25246		     -10.19654
      -7.63703		      -8.54558
      -9.52954		      -6.35082
     -10.80976		      -3.75342
     -11.39680		      -0.92011
     -11.25420		       1.96758
     -10.39224		       4.72494
      -8.86714		       7.17585
      -6.77748		       9.16410
