      37.55180		      -3.50521
      35.46540		     -12.86816
      31.07427		     -21.39872
      24.66595		     -28.53787
      16.66123		     -33.81862
       7.58601		     -36.89716
      -1.96380		     -37.57557
     -11.36210		     -35.81480
     -19.99438		     -31.73689
     -27.29854		     -25.61643
     -32.80216		     -17.86176
     -36.15358		      -8.98731
     -37.14473		       0.42113
     -35.72426		       9.74565
     -32.00013		      18.37759
     -26.23137		      25.75783
     -18.80994		      31.41372
     -10.23367		      34.98980
      -1.07235		      36.27054
       8.07069		      35.19348
      16.59901		      31.85200
      23.96260		      26.48764
      29.69391		      19.47255
      33.43806		      11.28340
      34.97515		       2.46853
      34.23321		      -6.38933
      31.29121		     -14.71214
      26.37179		     -21.96491
      19.82455		     -27.69065
      12.10104		     -31.53958
       3.72324		     -33.29079
      -4.75220		     -32.86491
     -12.77146		     -30.32714
     -19.82030		     -25.88048
     -25.45756		     -19.84990
     -29.34314		     -12.65853
     -31.25874		      -4.79775
     -31.12001		       3.20676
     -28.97956		      10.83069
     -25.02060		      17.58590
     -19.54204		      23.05212
     -12.93608		      26.90345
      -5.65999		      28.92788
       1.79577		      29.03883
       8.94105		      27.27790
      15.31864		      23.80894
      20.53387		      18.90408
      24.27936		      12.92277
      26.35313		       6.28550
      26.66923		      -0.55598
      25.26022		      -7.14964
      22.27156		     -13.07340
      17.94851		     -17.96247
      12.61677		     -21.53199
       6.65808		     -23.59361
       0.48290		     -24.06500
      -5.49806		     -22.97193
     -10.90141		     -20.44284
     -15.39589		     -16.69672
     -18.72280		     -12.02518
     -20.71078		      -6.77014
     -21.28411		      -1.29896
     -20.46418		       4.02132
     -18.36424		       8.84877
     -15.17809		      12.88871
     -11.16363		      15.91173
      -6.62268		      17.76654
      -1.87854		      18.38687
       2.74692		      17.79227
       6.95523		      16.08288
      10.49062		      13.42890
      13.15554		      10.05555
      14.82141		       6.22498
      15.43410		       2.21634
      15.01382		      -1.69439
      13.64994		      -5.25332
      11.49099		      -8.24518
       8.73114		     -10.50622
       5.59398		     -11.93281
       2.31517		     -12.48530
      -0.87502		     -12.18705
      -3.76765		     -11.11899
      -6.18878		      -9.41033
      -8.00976		      -7.22620
      -9.15358		      -4.75344
      -9.59707		      -2.18554
      -9.36899		       0.29197
      -8.54433		       2.51467
      -7.23541		       4.35005
      -5.58081		       5.70513
      -3.73284		       6.53064
      -1.84489		       6.82154
      -0.05936		       6.61399
       1.50267		       5.97937
       2.74942		       5.01575
       3.62354		       3.83784
       4.10405		       2.56619
       4.20516		       1.31662
       3.97216		       0.19068
       3.47505		      -0.73199
       2.80025		      -1.39904
       2.04152		      -1.78803
       1.29068		      -1.90620
       0.62899		      -1.78766
       0.12000		      -1.48822
      -0.19565		      -1.07849
      -0.30306		      -0.63580
      -0.21333		      -0.23597
       0.03866		       0.05469
       0.39871		       0.18609
       0.79954		       0.12942
       1.16823		      -0.11995
       1.43407		      -0.54201
       1.53625		      -1.09398
       1.43053		      -1.71451
       1.09442		      -2.32963
       0.53023		      -2.86006
      -0.23406		      -3.22907
      -1.14650		      -3.37043
      -2.13506		      -3.23538
      -3.11355		      -2.79839
      -3.98900		      -2.06080
      -4.66993		      -1.05222
      -5.07481		       0.17048
      -5.13984		       1.52680
      -4.82565		       2.91822
      -4.12201		       4.23580
      -3.05034		       5.36877
      -1.66360		       6.21372
      -0.04359		       6.68352
       1.70423		       6.71521
       3.45804		       6.27623
       5.08853		       5.36848
       6.46872		       4.02972
       7.48387		       2.33226
       8.04089		       0.37883
       8.07626		      -1.70399
       7.56202		      -3.77441
       6.50917		      -5.68547
       4.96825		      -7.29585
       3.02698		      -8.48045
       0.80499		      -9.14015
      -1.55389		      -9.20984
      -3.89140		      -8.66418
      -6.04585		      -7.52054
      -7.86368		      -5.83886
      -9.21064		      -3.71852
      -9.98185		      -1.29210
     -10.10990		       1.28318
      -9.57041		       3.83613
      -8.38465		       6.19332
      -6.61890		       8.19126
      -4.38061		       9.68800
      -1.81159		      10.57339
       0.92133		      10.77730
       3.63751		      10.27499
       6.15480		       9.08951
       8.30216		       7.29066
       9.93153		       4.99072
      10.92826		       2.33721
      11.21931		      -0.49697
      10.77858		      -3.32508
       9.62908		      -5.95925
       7.84171		      -8.22327
       5.53065		      -9.96466
       2.84588		     -11.06517
      -0.03686		     -11.44893
      -2.92792		     -11.08775
      -5.63652		     -10.00315
      -7.98363		      -8.26501
      -9.81409		      -5.98686
     -11.00703		      -3.31832
     -11.48404		      -0.43494
     -11.21437		       2.47359
     -10.21690		       5.21618
      -8.55876		       7.61324
      -6.35066		       9.50857
      -3.73937		      10.77979
      -0.89766		      11.34637
       1.98730		      11.17473
       4.72654		      10.28028
       7.14189		       8.72603
       9.07776		       6.61809
      10.41132		       4.09826
      11.06041		       1.33434
      10.98861		      -1.49126
      10.20727		      -4.19374
       8.77425		      -6.59819
       6.78960		      -8.55109
       4.38853		      -9.93020
       1.73202		     -10.65231
      -1.00413		     -10.67825
      -3.64105		     -10.01498
      -6.00865		      -8.71444
      -7.95676		      -6.86963
      -9.36468		      -4.60783
     -10.14875		      -2.08176
     -10.26728		       0.54081
      -9.72265		       3.08837
      -8.56048		       5.39697
      -6.86593		       7.32084
      -4.75747		       8.74168
      -2.37852		       9.57593
       0.11231		       9.77966
       2.55195		       9.35073
       4.78353		       8.32817
       6.66661		       6.78889
       8.08595		       4.84194
       8.95864		       2.62078
       9.23880		       0.27409
       8.91991		      -2.04421
       8.03438		      -4.18510
       6.65072		      -6.01404
       4.86825		      -7.41946
       2.81009		      -8.31948
       0.61460		      -8.66664
      -1.57391		      -8.45024
      -3.61468		      -7.69622
      -5.37952		      -6.46468
      -6.76087		      -4.84523
      -7.67828		      -2.95053
      -8.08300		      -0.90851
      -7.96041		       1.14631
      -7.33022		       3.08159
      -6.24433		       4.77571
      -4.78282		       6.12535
      -3.04806		       7.05172
      -1.15764		       7.50504
       0.76360		       7.46711
       2.59171		       6.95168
       4.21166		       6.00283
       5.52443		       4.69143
       6.45304		       3.10990
       6.94693		       1.36583
       6.98457		      -0.42533
       6.57415		      -2.14782
       5.75234		      -3.69300
       4.58127		      -4.96613
       3.14391		      -5.89207
       1.53833		      -6.41964
      -0.12898		      -6.52428
      -1.75003		      -6.20900
      -3.22231		      -5.50354
      -4.45518		      -4.46184
      -5.37530		      -3.15801
      -5.93096		      -1.68120
      -6.09484		      -0.12953
      -5.86517		       1.39631
      -5.26526		       2.79955
      -4.34145		       3.99335
      -3.15967		       4.90609
      -1.80081		       5.48559
      -0.35524		       5.70198
       1.08305		       5.54907
       2.42255		       5.04427
       3.57992		       4.22695
       4.48508		       3.15552
       5.08541		       1.90331
       5.34865		       0.55367
       5.26457		      -0.80554
       4.84516		      -2.08754
       4.12344		      -3.21214
       3.15098		      -4.11060
       1.99428		      -4.72980
       0.73032		      -5.03529
      -0.55852		      -5.01312
      -1.78969		      -4.67034
      -2.88574		      -4.03420
      -3.77907		      -3.15009
      -4.41606		      -2.07836
      -4.76017		      -0.89027
      -4.79404		       0.33663
      -4.52021		       1.52356
      -3.96071		       2.59544
      -3.15538		       3.48560
      -2.15904		       4.13986
      -1.03791		       4.51974
       0.13481		       4.60472
       1.28360		       4.39328
       2.33545		       3.90271
       3.22442		       3.16784
       3.89573		       2.23859
       4.30910		       1.17664
       4.44112		       0.05138
       4.28654		      -1.06455
       3.85841		      -2.09991
       3.18705		      -2.98936
       2.31797		      -3.67753
       1.30881		      -4.12246
       0.22556		      -4.29808
      -0.86169		      -4.19579
      -1.88326		      -3.82478
      -2.77432		      -3.21133
      -3.47894		      -2.39695
      -3.95360		      -1.43564
      -4.16986		      -0.39035
      -4.11605		       0.67115
      -3.79790		       1.68061
      -3.23799		       2.57364
      -2.47423		       3.29385
      -1.55731		       3.79634
      -0.54735		       4.05052
       0.49003		       4.04200
       1.48791		       3.77330
       2.38242		       3.26370
       3.11679		       2.54776
       3.64496		       1.67310
       3.93445		       0.69718
       3.96839		      -0.31642
       3.74645		      -1.30217
       3.28482		      -2.19676
       2.61498		      -2.94324
       1.78162		      -3.49459
       0.83965		      -3.81672
      -0.14941		      -3.89054
      -1.12144		      -3.71314
      -2.01390		      -3.29784
      -2.76982		      -2.67320
      -3.34149		      -1.88111
      -3.69345		      -0.97394
      -3.80468		      -0.01110
      -3.66990		       0.94484
      -3.29976		       1.83227
      -2.72002		       2.59447
      -1.96980		       3.18328
      -1.09892		       3.56212
      -0.16459		       3.70832
       0.77236		       3.61440
       1.65145		       3.28849
       2.41646		       2.75366
       3.01904		       2.04625
       3.42176		       1.21347
       3.60047		       0.31018
       3.54571		      -0.60469
       3.26320		      -1.47202
       2.77334		      -2.23633
       2.10971		      -2.84932
       1.31679		      -3.27295
       0.44698		      -3.48179
      -0.44289		      -3.46452
      -1.29529		      -3.22454
      -2.05568		      -2.77960
      -2.67603		      -2.16046
      -3.11787		      -1.40881
      -3.35462		      -0.57443
      -3.37323		       0.28812
      -3.17481		       1.12305
      -2.77445		       1.87695
      -2.20005		       2.50222
      -1.49041		       2.96007
      -0.69258		       3.22290
       0.14126		       3.27591
       0.95719		       3.11799
       1.70305		       2.76151
       2.33175		       2.23148
       2.80423		       1.56371
       3.09186		       0.80246
       3.17815		      -0.00256
       3.05965		      -0.79934
       2.74601		      -1.53698
       2.25925		      -2.16891
       1.63218		      -2.65575
       0.90621		      -2.96779
       0.12860		      -3.08673
      -0.65052		      -3.00672
      -1.38146		      -2.73460
      -2.01801		      -2.28934
      -2.52035		      -1.70070
      -2.85753		      -1.00728
      -3.00926		      -0.25399
      -2.96715		       0.51085
      -2.73510		       1.23849
      -2.32896		       1.88291
      -1.77546		       2.40358
      -1.11045		       2.76801
      -0.37661		       2.95370
       0.37924		       2.94947
       1.10907		       2.75613
       1.76664		       2.38633
       2.31034		       1.86378
       2.70577		       1.22170
       2.92783		       0.50080
       2.96229		      -0.25331
       2.80664		      -0.99288
       2.47024		      -1.67098
       1.97379		      -2.24442
       1.34807		      -2.67637
       0.63208		      -2.93872
      -0.12933		      -3.01375
      -0.88816		      -2.89539
      -1.59624		      -2.58958
      -2.20815		      -2.11405
      -2.68404		      -1.49731
      -2.99218		      -0.77702
      -3.11098		       0.00225
      -3.03041		       0.79165
      -2.75286		       1.54106
      -2.29309		       2.20210
      -1.67754		       2.73120
      -0.94293		       3.09238
      -0.13409		       3.25958
       0.69862		       3.21848
       1.50232		       2.96765
       2.22490		       2.51890
       2.81826		       1.89680
       3.24141		       1.13750
       3.46321		       0.28668
       3.46461		      -0.60304
       3.24010		      -1.47525
       2.79844		      -2.27320
       2.16255		      -2.94339
       1.36836		      -3.43904
       0.46301		      -3.72326
      -0.49791		      -3.77169
      -1.45359		      -3.57444
      -2.34175		      -3.13716
      -3.10257		      -2.48119
      -3.68263		      -1.64265
      -4.03855		      -0.67063
      -4.14012		       0.37555
      -3.97266		       1.42985
      -3.53856		       2.42354
      -2.85763		       3.28959
      -1.96649		       3.96707
      -0.91669		       4.40532
       0.22807		       4.56765
       1.39571		       4.43420
       2.51020		       4.00383
       3.49637		       3.29487
       4.28493		       2.34461
       4.81718		       1.20750
       5.04931		      -0.04779
       4.95576		      -1.34243
       4.53161		      -2.59228
       3.79363		      -3.71320
       2.77989		      -4.62670
       1.54807		      -5.26530
       0.17226		      -5.57739
      -1.26134		      -5.53125
      -2.65975		      -5.11782
      -3.92916		      -4.35211
      -4.98111		      -3.27305
      -5.73863		      -1.94168
      -6.14169		      -0.43789
      -6.15187		       1.14430
      -5.75558		       2.70252
      -4.96586		       4.13262
      -3.82235		       5.33559
      -2.38955		       6.22428
      -0.75332		       6.72972
       0.98419		       6.80624
       2.71085		       6.43531
       4.31172		       5.62766
       5.67669		       4.42346
       6.70798		       2.89057
       7.32710		       1.12082
       7.48069		      -0.77540
       7.14484		      -2.67597
       6.32760		      -4.45491
       5.06936		      -5.99069
       3.44107		      -7.17451
       1.54039		      -7.91799
      -0.51414		      -8.15963
      -2.59046		      -7.86974
      -4.55147		      -7.05325
      -6.26410		      -5.75036
      -7.60833		      -4.03475
      -8.48561		      -2.00955
      -8.82602		       0.19888
      -8.59365		       2.44874
      -7.78989		       4.59203
      -6.45428		       6.48421
      -4.66270		       7.99408
      -2.52320		       9.01282
      -0.16951		       9.46184
       2.24740		       9.29872
       4.56900		       8.52089
       6.63968		       7.16665
       8.31723		       5.31346
       9.48268		       3.07364
      10.04872		       0.58749
       9.96620		      -1.98551
       9.22814		      -4.47702
       7.87107		      -6.72095
       5.97333		      -8.56457
       3.65062		      -9.87907
       1.04891		     -10.56853
      -1.66479		     -10.57694
      -4.31325		      -9.89261
      -6.72076		      -8.54969
      -8.72483		      -6.62662
     -10.18732		      -4.24153
     -11.00402		      -1.54496
     -11.11210		       1.28972
     -10.49491		       4.07762
      -9.18369		       6.63450
      -7.25613		       8.78909
      -4.83175		      10.39473
      -2.06442		      11.33944
       0.86754		      11.55377
       3.77294		      11.01596
       6.46044		       9.75389
       8.75123		       7.84366
      10.49114		       5.40506
      11.56114		       2.59390
      11.88561		      -0.40804
      11.43766		      -3.40496
      10.24140		      -6.19997
       8.37059		      -8.60821
       5.94410		     -10.46930
       3.11825		     -11.65815
       0.07659		     -12.09349
      -2.98223		     -11.74353
      -5.85760		     -10.62831
      -8.36033		      -8.81851
     -10.32531		      -6.43097
     -11.62257		      -3.62103
     -12.16604		      -0.57222
     -11.91935		       2.51587
     -10.89830		       5.44089
      -9.16991		       8.01123
      -6.84788		      10.05876
      -4.08506		      11.45003
      -1.06318		      12.09516
       2.01926		      11.95371
       4.96029		      11.03734
       7.56791		       9.40882
       9.67286		       7.17775
      11.13983		       4.49304
      11.87631		       1.53280
      11.83854		      -1.50761
      11.03417		      -4.42877
       9.52142		      -7.04049
       7.40489		      -9.17442
       4.82818		     -10.69512
       1.96404		     -11.50884
      -0.99737		     -11.56940
      -3.86141		     -10.88082
      -6.44192		      -9.49660
      -8.57360		      -7.51557
     -10.12279		      -5.07482
     -10.99602		      -2.34008
     -11.14575		       0.50572
     -10.57297		       3.27488
      -9.32641		       5.78755
      -7.49861		       7.88367
      -5.21906		       9.43332
      -2.64493		      10.34499
       0.04992		      10.57104
       2.68687		      10.11011
       5.09460		       9.00639
       7.12049		       7.34576
       8.64043		       5.24923
       9.56660		       2.86407
       9.85261		       0.35334
       9.49567		      -2.11542
       8.53579		      -4.38157
       7.05208		      -6.30207
       5.15638		      -7.76065
       2.98494		      -8.67502
       0.68849		      -9.00149
      -1.57833		      -8.73690
      -3.66758		      -7.91767
      -5.44786		      -6.61616
      -6.81275		      -4.93465
      -7.68729		      -2.99745
      -8.03207		      -0.94167
      -7.84470		       1.09254
      -7.15876		       2.97176
      -6.04016		       4.57818
      -4.58141		       5.81714
      -2.89427		       6.62282
      -1.10120		       6.96164
       0.67354		       6.83328
       2.31261		       6.26935
       3.71354		       5.32981
       4.79524		       4.09746
       5.50273		       2.67115
       5.80985		       1.15793
       5.71969		      -0.33486
       5.26292		      -1.70737
       4.49421		      -2.87397
       3.48697		      -3.76875
       2.32703		      -4.34921
       1.10561		      -4.59812
      -0.08771		      -4.52334
      -1.17156		      -4.15575
      -2.07846		      -3.54557
      -2.75907		      -2.75734
      -3.18486		      -1.86406
      -3.34898		      -0.94096
      -3.26541		      -0.05941
      -2.96645		       0.71849
      -2.49886		       1.34437
      -1.91902		       1.78667
      -1.28756		       2.03207
      -0.66384		       2.08546
      -0.10089		       1.96827
       0.35891		       1.71543
       0.68702		       1.37135
       0.87050		       0.98516
       0.91238		       0.60578
       0.83045		       0.27716
       0.65482		       0.03411
       0.42431		      -0.10081
       0.18212		      -0.11925
      -0.02879		      -0.02758
      -0.17030		       0.15405
      -0.21323		       0.39390
      -0.14049		       0.65207
       0.05082		       0.88467
       0.34879		       1.04845
       0.72746		       1.10547
       1.14892		       1.02736
       1.56673		       0.79875
       1.93018		       0.41957
       2.18918		      -0.09395
       2.29923		      -0.70989
       2.22617		      -1.38262
       1.95012		      -2.05622
       1.46841		      -2.66893
       0.79700		      -3.15844
      -0.02955		      -3.46741
      -0.95982		      -3.54893
      -1.92881		      -3.37128
      -2.86253		      -2.92179
      -3.68360		      -2.20914
      -4.31744		      -1.26413
      -4.69860		      -0.13861
      -4.77659		       1.09736
      -4.52088		       2.35993
      -3.92455		       3.55730
      -3.00623		       4.59635
      -1.81013		       5.38987
      -0.40412		       5.86350
       1.12417		       5.96216
       2.67290		       5.65522
       4.13294		       4.94009
       5.39563		       3.84378
       6.36086		       2.42237
       6.94483		       0.75827
       7.08695		      -1.04465
       6.75528		      -2.86761
       5.95009		      -4.58494
       4.70518		      -6.07283
       3.08684		      -7.21828
       1.19035		      -7.92766
      -0.86566		      -8.13410
      -2.94680		      -7.80322
      -4.91183		      -6.93673
      -6.62241		      -5.57361
      -7.95293		      -3.78858
      -8.79971		      -1.68808
      -9.08896		       0.59623
      -8.78285		       2.91578
      -7.88320		       5.11501
      -6.43254		       7.04191
      -4.51225		       8.55866
      -2.23805		       9.55153
       0.24711		       9.93937
       2.78218		       9.68001
       5.19863		       8.77411
       7.33183		       7.26619
       9.03237		       5.24251
      10.17667		       2.82619
      10.67591		       0.16956
      10.48286		      -2.55557
       9.59588		      -5.16926
       8.05995		      -7.49543
       5.96452		      -9.37393
       3.43818		     -10.67165
       0.64075		     -11.29202
      -2.24708		     -11.18212
      -5.03555		     -10.33702
      -7.53851		      -8.80080
      -9.58600		      -6.66435
     -11.03592		      -4.05996
     -11.78398		      -1.15295
     -11.77117		       1.86894
     -10.98837		       4.80787
      -9.47750		       7.46904
      -7.32935		       9.67379
      -4.67807		      11.27168
      -1.69264		      12.15089
       1.43406		      12.24608
       4.49785		      11.54320
       7.29680		      10.08090
       9.64470		       7.94841
      11.38358		       5.28007
      12.39445		       2.24666
      12.60549		      -0.95560
      11.99720		      -4.11796
      10.60396		      -7.03291
       8.51217		      -9.50794
       5.85474		     -11.37844
       2.80257		     -12.51870
      -0.44659		     -12.85050
      -3.68111		     -12.34843
      -6.68944		     -11.04185
      -9.27412		      -9.01312
     -11.26481		      -6.39235
     -12.52971		      -3.34893
     -12.98432		      -0.08048
     -12.59711		       3.20017
     -11.39176		       6.27898
      -9.44563		       8.95478
      -6.88473		      11.05260
      -3.87551		      12.43517
      -0.61387		      13.01202
       2.68773		      12.74541
       5.81420		      11.65285
       8.56202		       9.80587
      10.75261		       7.32534
      12.24399		       4.37341
      12.94012		       1.14285
      12.79710		      -2.15569
      11.82593		      -5.30754
      10.09171		      -8.10807
       7.70918		     -10.37615
       4.83511		     -11.96593
       1.65784		     -12.77627
      -1.61515		     -12.75726
      -4.77090		     -11.91327
      -7.60495		     -10.30245
      -9.93468		      -8.03273
     -11.61117		      -5.25447
     -12.52880		      -2.15047
     -12.63193		       1.07617
     -11.91825		       4.21545
     -10.43870		       7.06423
      -8.29376		       9.43945
      -5.62663		      11.19002
      -2.61358		      12.20646
       0.54775		      12.42777
       3.65144		      11.84513
       6.49677		      10.50204
       8.90129		       8.49117
      10.71260		       5.94790
      11.81806		       3.04119
      12.15181		      -0.03777
      11.69869		      -3.08812
      10.49482		      -5.91263
       8.62477		      -8.33042
       6.21564		     -10.18866
       3.42837		     -11.37230
       0.44696		     -11.81115
      -2.53377		     -11.48411
      -5.32097		     -10.41997
      -7.73630		      -8.69512
      -9.62738		      -6.42805
     -10.87751		      -3.77118
     -11.41282		      -0.90060
     -11.20664		       1.99567
     -10.28074		       4.73005
      -8.70332		       7.12761
      -6.58406		       9.03733
      -4.06648		      10.34162
      -1.31823		      10.96360
       1.48017		      10.87159
       4.14722		      10.08062
       6.51225		       8.65087
       8.42641		       6.68316
       9.77204		       4.31187
      10.46997		       1.69574
      10.48410		      -0.99281
       9.82316		      -3.57904
       8.53957		      -5.89734
       6.72533		      -7.80184
       4.50552		      -9.17567
       2.02967		      -9.93807
      -0.53839		     -10.04918
      -3.03132		      -9.51197
      -5.28930		      -8.37141
      -7.17027		      -6.71087
      -8.55889		      -4.64610
      -9.37367		      -2.31717
      -9.57164		       0.12105
      -9.15061		       2.50921
      -8.14853		       4.69394
      -6.64039		       6.53775
      -4.73268		       7.92768
      -2.55590		       8.78223
      -0.25562		       9.05614
       2.01728		       8.74264
       4.11653		       7.87320
       5.90990		       6.51477
       7.28760		       4.76473
       8.16897		       2.74396
       8.50718		       0.58850
       8.29160		      -1.55964
       7.54781		      -3.56185
       6.33511		      -5.29189
       4.74201		      -6.64390
       2.87983		      -7.53886
       0.87491		      -7.92917
      -1.13995		      -7.80109
      -3.03432		      -7.17490
      -4.68860		      -6.10276
      -6.00160		      -4.66464
      -6.89675		      -2.96239
      -7.32650		      -1.11258
      -7.27476		       0.76148
      -6.75718		       2.53799
      -5.81936		       4.10460
      -4.53305		       5.36551
      -2.99086		       6.24740
      -1.29958		       6.70358
       0.42718		       6.71640
       2.07664		       6.29762
       3.54426		       5.48681
       4.74034		       4.34803
       5.59556		       2.96487
       6.06492		       1.43440
       6.13000		      -0.13961
       5.79943		      -1.65374
       5.10742		      -3.01174
       4.11079		      -4.13068
       2.88446		      -4.94598
       1.51590		      -5.41514
       0.09899		      -5.51980
      -1.27249		      -5.26620
      -2.51105		      -4.68389
      -3.54109		      -3.82299
      -4.30351		      -2.75012
      -4.75909		      -1.54341
      -4.89035		      -0.28678
      -4.70191		       0.93580
      -4.21939		       2.04598
      -3.48679		       2.97604
      -2.56292		       3.67306
      -1.51673		       4.10182
      -0.42234		       4.24654
       0.64624		       4.11103
       1.62013		       3.71765
       2.43998		       3.10500
       3.05963		       2.32447
       3.44865		       1.43627
       3.59367		       0.50478
       3.49850		      -0.40599
       3.18303		      -1.23684
       2.68103		      -1.93723
       2.03712		      -2.46833
       1.30306		      -2.80512
       0.53376		      -2.93745
      -0.21675		      -2.86986
      -0.89914		      -2.62052
      -1.47197		      -2.21908
      -1.90425		      -1.70393
      -2.17701		      -1.11888
      -2.28396		      -0.50963
      -2.23117		       0.07968
      -2.03578		       0.60962
      -1.72407		       1.04815
      -1.32880		       1.37248
      -0.88631		       1.57024
      -0.43347		       1.63967
      -0.00473		       1.58902
       0.37039		       1.43519
       0.66936		       1.20174
       0.87795		       0.91647
       0.99082		       0.60881
       1.01129		       0.30721
       0.95049		       0.03673
       0.82573		      -0.18291
       0.65858		      -0.33875
       0.47255		      -0.42532
       0.29075		      -0.44467
       0.13370		      -0.40571
       0.01743		      -0.32300
      -0.04791		      -0.21495
      -0.05888		      -0.10181
      -0.01884		      -0.00347
       0.06248		       0.06262
       0.17020		       0.08332
       0.28580		       0.05117
       0.38919		      -0.03471
       0.46076		      -0.16844
       0.48355		      -0.33780
       0.44514		      -0.52529
       0.33912		      -0.70972
       0.16609		      -0.86822
      -0.06601		      -0.97845
      -0.34224		      -1.02084
      -0.64167		      -0.98068
      -0.93898		      -0.84987
      -1.20653		      -0.62809
      -1.41673		      -0.32338
      -1.54455		       0.04801
      -1.56987		       0.46249
      -1.47959		       0.89068
      -1.26921		       1.29953
      -0.94380		       1.65489
      -0.51816		       1.92422
      -0.01624		       2.07940
       0.53022		       2.09925
       1.08376		       1.97166
       1.60385		       1.69505
       2.04985		       1.27912
       2.38417		       0.74468
       2.57531		       0.12272
       2.60058		      -0.54750
       2.44826		      -1.22094
       2.11900		      -1.84991
       1.62637		      -2.38746
       0.99646		      -2.79094
       0.26646		      -3.02527
      -0.51749		      -3.06589
      -1.30339		      -2.90092
      -2.03685		      -2.53258
      -2.66490		      -1.97757
      -3.13992		      -1.26640
      -3.42316		      -0.44171
      -3.48789		       0.44434
      -3.32161		       1.33343
      -2.92750		       2.16503
      -2.32460		       2.88058
      -1.54704		       3.42768
      -0.64201		       3.76394
       0.33310		       3.86021
       1.31446		       3.70302
       2.23606		       3.29587
       3.03423		       2.65947
       3.65212		       1.83069
       4.04379		       0.86043
       4.17758		      -0.18961
       4.03868		      -1.25092
       3.63044		      -2.25274
       2.97450		      -3.12690
       2.10971		      -3.81250
       1.08974		      -4.26024
      -0.02030		      -4.43595
      -1.14810		      -4.32322
      -2.21898		      -3.92478
      -3.16090		      -3.26260
      -3.90944		      -2.37668
      -4.41220		      -1.32262
      -4.63260		      -0.16799
      -4.55244		       1.01202
      -4.17347		       2.13964
      -3.51740		       3.13973
      -2.62465		       3.94487
      -1.55187		       4.49999
      -0.36820		       4.76618
       0.84922		       4.72344
       2.02042		       4.37221
       3.06793		       3.73341
       3.92197		       2.84726
       4.52522		       1.77061
       4.83672		       0.57328
       4.83464		      -0.66656
       4.51788		      -1.86763
       3.90620		      -2.95092
       3.03894		      -3.84499
       1.97245		      -4.49079
       0.77636		      -4.84556
      -0.47103		      -4.88576
      -1.68800		      -4.60865
      -2.79484		      -4.03242
      -3.71916		      -3.19504
      -4.40068		      -2.15166
      -4.79528		      -0.97094
      -4.87785		       0.26955
      -4.64391		       1.48851
      -4.10988		       2.60635
      -3.31190		       3.55043
      -2.30331		       4.25989
      -1.15107		       4.68960
       0.06877		       4.81312
       1.27616		       4.62431
       2.39242		       4.13760
       3.34538		       3.38694
       4.07419		       2.42336
       4.53322		       1.31147
       4.69495		       0.12507
       4.55167		      -1.05780
       4.11576		      -2.16013
       3.41869		      -3.11095
       2.50876		      -3.85003
       1.44767		      -4.33169
       0.30634		      -4.52770
      -0.83995		      -4.42893
      -1.91652		      -4.04568
      -2.85431		      -3.40681
      -3.59428		      -2.55750
      -4.09124		      -1.55611
      -4.31660		      -0.47008
      -4.26002		       0.62863
      -3.92980		       1.66839
      -3.35205		       2.58263
      -2.56863		       3.31412
      -1.63418		       3.81863
      -0.61219		       4.06762
       0.42925		       4.04978
       1.42213		       3.77154
       2.30293		       3.25625
       3.01681		       2.54230
       3.52096		       1.68030
       3.78727		       0.72946
       3.80380		      -0.24648
       3.57524		      -1.18358
       3.12225		      -2.02194
       2.47966		      -2.70953
       1.69391		      -3.20548
       0.81964		      -3.48248
      -0.08412		      -3.52826
      -0.95791		      -3.34601
      -1.74586		      -2.95378
      -2.39921		      -2.38289
      -2.87942		      -1.67549
      -3.16038		      -0.88146
      -3.22978		      -0.05492
      -3.08957		       0.74950
      -2.75538		       1.48029
      -2.25505		       2.09235
      -1.62647		       2.54981
      -0.91467		       2.82810
      -0.16869		       2.91522
       0.56187		       2.81212
       1.23010		       2.53220
       1.79487		       2.09999
       2.22329		       1.54916
       2.49264		       0.91994
       2.59150		       0.25620
       2.52010		      -0.39758
       2.28986		      -0.99930
       1.92219		      -1.51197
       1.44669		      -1.90594
       0.89885		      -2.16059
       0.31742		      -2.26536
      -0.25827		      -2.22003
      -0.79101		      -2.03427
      -1.24805		      -1.72662
      -1.60316		      -1.32281
      -1.83805		      -0.85374
      -1.94323		      -0.35318
      -1.91827		       0.14465
      -1.77141		       0.60738
      -1.51852		       1.00659
      -1.18175		       1.31954
      -0.78762		       1.53040
      -0.36511		       1.63098
       0.05650		       1.62089
       0.44962		       1.50713
       0.79011		       1.30326
       1.05874		       1.02806
       1.24225		       0.70402
       1.33386		       0.35555
       1.33343		       0.00718
       1.24701		      -0.31806
       1.08609		      -0.60020
       0.86645		      -0.82350
       0.60681		      -0.97727
       0.32734		      -1.05629
       0.04813		      -1.06079
      -0.21214		      -0.99614
      -0.43751		      -0.87203
      -0.61559		      -0.70156
      -0.73825		      -0.50005
      -0.80183		      -0.28375
      -0.80715		      -0.06867
      -0.75903		       0.13060
      -0.66569		       0.30184
      -0.53787		       0.43586
      -0.38782		       0.52698
      -0.22830		       0.57317
      -0.07156		       0.57584
       0.07153		       0.53952
       0.19221		       0.47118
       0.28428		       0.37953
       0.34440		       0.27413
       0.37206		       0.16462
       0.36939		       0.05990
       0.34072		      -0.03253
       0.29203		      -0.10702
       0.23029		      -0.16011
       0.16275		      -0.19060
       0.09633		      -0.19946
       0.03696		      -0.18951
      -0.01081		      -0.16501
      -0.04411		      -0.13116
      -0.06191		      -0.09345
      -0.06496		      -0.05719
      -0.05554		      -0.02693
      -0.03716		      -0.00608
      -0.01408		       0.00336
       0.00914		       0.00095
       0.02818		      -0.01223
       0.03941		      -0.03376
       0.04024		      -0.06017
       0.02938		      -0.08736
       0.00702		      -0.11102
      -0.02528		      -0.12710
      -0.06465		      -0.13227
      -0.10726		      -0.12425
      -0.14868		      -0.10206
      -0.18430		      -0.06620
      -0.20978		      -0.01858
      -0.22150		       0.03755
      -0.21692		       0.09794
      -0.19487		       0.15763
      -0.15568		       0.21144
      -0.10124		       0.25438
      -0.03486		       0.28215
       0.03897		       0.29152
       0.11491		       0.28060
       0.18720		       0.24913
       0.25018		       0.19846
       0.29866		       0.13154
       0.32845		       0.05272
       0.33670		      -0.03262
       0.32213		      -0.11844
       0.28517		      -0.19850
       0.22798		      -0.26688
       0.15429		      -0.31846
       0.06911		      -0.34927
      -0.02161		      -0.35689
      -0.11148		      -0.34057
      -0.19413		      -0.30137
      -0.26370		      -0.24203
      -0.31530		      -0.16680
      -0.34542		      -0.08108
      -0.35211		       0.00900
      -0.33521		       0.09702
      -0.29630		       0.17680
      -0.23857		       0.24287
      -0.16655		       0.29086
      -0.08575		       0.31787
      -0.00220		       0.32261
       0.07802		       0.30554
       0.14926		       0.26873
       0.20674		       0.21571
       0.24693		       0.15112
       0.26776		       0.08035
       0.26880		       0.00902
       0.25119		      -0.05745
       0.21756		      -0.11428
       0.17170		      -0.15773
       0.11824		      -0.18541
       0.06220		      -0.19638
       0.00854		      -0.19124
      -0.03827		      -0.17201
      -0.07469		      -0.14190
      -0.09836		      -0.10497
      -0.10835		      -0.06574
      -0.10516		      -0.02870
      -0.09069		       0.00209
      -0.06801		       0.02345
      -0.04104		       0.03337
      -0.01413		       0.03125
       0.00837		       0.01794
       0.02261		      -0.00426
       0.02569		      -0.03187
       0.01595		      -0.06055
      -0.00675		      -0.08549
      -0.04090		      -0.10199
      -0.08346		      -0.10587
      -0.13003		      -0.09407
      -0.17521		      -0.06495
      -0.21312		      -0.01868
      -0.23788		       0.04269
      -0.24429		       0.11522
      -0.22835		       0.19330
      -0.18779		       0.27004
      -0.12245		       0.33781
      -0.03452		       0.38884
       0.07146		       0.41597
       0.18876		       0.41335
       0.30884		       0.37706
       0.42194		       0.30568
       0.51780		       0.20062
       0.58647		       0.06628
       0.61923		      -0.09003
       0.60936		      -0.25844
       0.55293		      -0.42713
       0.44933		      -0.58305
       0.30162		      -0.71296
       0.11660		      -0.80437
      -0.09542		      -0.84666
      -0.32112		      -0.83206
      -0.54501		      -0.75644
      -0.75042		      -0.61995
      -0.92067		      -0.42735
      -1.04040		      -0.18795
      -1.09677		       0.08471
      -1.08066		       0.37359
      -0.98757		       0.65918
      -0.81831		       0.92077
      -0.57932		       1.13792
      -0.28252		       1.29197
       0.05515		       1.36752
       0.41265		       1.35379
       0.76617		       1.24572
       1.09058		       1.04463
       1.36128		       0.75857
       1.55594		       0.40213
       1.65624		      -0.00420
       1.64945		      -0.43521
       1.52965		      -0.86244
       1.29850		      -1.25607
       0.96560		      -1.58694
       0.54818		      -1.82867
       0.07036		      -1.95967
      -0.43828		      -1.96493
      -0.94443		      -1.83737
      -1.41325		      -1.57881
      -1.81069		      -1.20024
      -2.10598		      -0.72149
      -2.27389		      -0.17033
      -2.29676		       0.41917
      -2.16612		       1.00866
      -1.88365		       1.55802
      -1.46157		       2.02803
      -0.92222		       2.38319
      -0.29697		       2.59429
       0.37554		       2.64073
       1.05180		       2.51227
       1.68623		       2.21023
       2.23420		       1.74783
       2.65518		       1.14975
       2.91568		       0.45092
       2.99181		      -0.30551
       2.87131		      -1.07082
       2.55482		      -1.79381
       2.05631		      -2.42428
       1.40260		      -2.91644
       0.63201		      -3.23224
      -0.20787		      -3.34425
      -1.06310		      -3.23785
      -1.87688		      -2.91272
      -2.59330		      -2.38329
      -3.16116		      -1.67829
      -3.53767		      -0.83921
      -3.69157		       0.08210
      -3.60562		       1.02660
      -3.27824		       1.93191
      -2.72403		       2.73641
      -1.97331		       3.38343
      -1.07047		       3.82528
      -0.07140		       4.02669
       0.95999		       3.96756
       1.95589		       3.64475
       2.84905		       3.07273
       3.57735		       2.28306
       4.08816		       1.32271
       4.34206		       0.25126
       4.31591		      -0.86280
       4.00474		      -1.94647
       3.42257		      -2.92711
       2.60184		      -3.73725
       1.59169		      -4.31936
       0.45500		      -4.62985
      -0.73556		      -4.64239
      -1.90220		      -4.34997
      -2.96715		      -3.76583
      -3.85790		      -2.92291
      -4.51213		      -1.87207
      -4.88218		      -0.67901
      -4.93842		       0.57992
      -4.67164		       1.82261
      -4.09400		       2.96663
      -3.23856		       3.93475
      -2.15742		       4.66021
      -0.91851		       5.09135
       0.39870		       5.19534
       1.70839		       4.96062
       2.92404		       4.39802
       3.96419		       3.54032
       4.75801		       2.44031
       5.25017		       1.16759
       5.40473		      -0.19596
       5.20774		      -1.56150
       4.66849		      -2.83909
       3.81907		      -3.94369
       2.71249		      -4.80095
       1.41929		      -5.35223
       0.02305		      -5.55870
      -1.38518		      -5.40409
      -2.71285		      -4.89598
      -3.87209		      -4.06541
      -4.78567		      -2.96506
      -5.39217		      -1.66577
      -5.65022		      -0.25195
      -5.54134		       1.18399
      -5.07132		       2.54780
      -4.26987		       3.74966
      -3.18877		       4.71024
      -1.89847		       5.36597
      -0.48337		       5.67340
       0.96373		       5.61208
       2.34787		       5.18598
       3.57826		       4.42324
       4.57434		       3.37427
       5.27119		       2.10838
       5.62380		       0.70912
       5.61012		      -0.73133
       5.23238		      -2.11838
       4.51695		      -3.36131
       3.51244		      -4.37937
       2.28635		      -5.10709
       0.92047		      -5.49865
      -0.49467		      -5.53079
      -1.86593		      -5.20420
      -3.10382		      -4.54338
      -4.12845		      -3.59474
      -4.87482		      -2.42334
      -5.29703		      -1.10838
      -5.37116		       0.26232
      -5.09667		       1.59821
      -4.49614		       2.81222
      -3.61351		       3.82645
      -2.51082		       4.57741
      -1.26383		       5.01997
       0.04332		       5.13025
       1.32384		       4.90679
       2.49424		       4.37040
       3.47985		       3.56231
       4.21974		       2.54103
       4.67055		       1.37814
       4.80911		       0.15315
       4.63358		      -1.05203
       4.16312		      -2.15870
       3.43617		      -3.09659
       2.50733		      -3.80849
       1.44333		      -4.25381
       0.31812		      -4.41090
      -0.79230		      -4.27809
      -1.81517		      -3.87321
      -2.68583		      -3.23188
      -3.35195		      -2.40449
      -3.77670		      -1.45236
      -3.94086		      -0.44311
      -3.84355		       0.55417
      -3.50168		       1.47375
      -2.94812		       2.25773
      -2.22891		       2.85977
      -1.39949		       3.24790
      -0.52048		       3.40622
       0.34679		       3.33533
       1.14466		       3.05167
       1.82306		       2.58565
       2.34274		       1.97884
       2.67762		       1.28052
       2.81602		       0.54375
       2.76082		      -0.17865
       2.52852		      -0.83796
       2.14736		      -1.39294
       1.65454		      -1.81247
       1.09300		      -2.07731
       0.50785		      -2.18095
      -0.05722		      -2.12932
      -0.56317		      -1.93962
      -0.97846		      -1.63828
      -1.28099		      -1.25836
      -1.45936		      -0.83642
      -1.51306		      -0.40935
      -1.45186		      -0.01133
      -1.29431		       0.32894
      -1.06556		       0.59029
      -0.79479		       0.76048
      -0.51230		       0.83674
      -0.24671		       0.82543
      -0.02237		       0.74090
       0.14273		       0.60372
       0.23838		       0.43832
       0.26284		       0.27041
       0.22268		       0.12427
       0.13185		       0.02033
       0.01003		      -0.02697
      -0.11953		      -0.01058
      -0.23252		       0.06837
      -0.30621		       0.20064
      -0.32196		       0.36976
      -0.26731		       0.55355
      -0.13760		       0.72637
       0.06320		       0.86160
       0.32246		       0.93447
       0.61969		       0.92465
       0.92806		       0.81866
       1.21673		       0.61164
       1.45348		       0.30843
       1.60779		      -0.07616
       1.65377		      -0.51803
       1.57290		      -0.98530
       1.35628		      -1.44061
       1.00610		      -1.84407
       0.53627		      -2.15651
      -0.02790		      -2.34294
      -0.65106		      -2.37576
      -1.29009		      -2.23764
      -1.89706		      -1.92359
      -2.42287		      -1.44222
      -2.82109		      -0.81592
      -3.05183		      -0.07995
      -3.08527		       0.71956
      -2.90459		       1.52853
      -2.50803		       2.28865
      -1.90989		       2.94165
      -1.14026		       3.43368
      -0.24365		       3.71964
       0.72364		       3.76701
       1.69713		       3.55890
       2.60851		       3.09604
       3.39054		       2.39755
       3.98199		       1.50041
       4.33239		       0.45749
       4.40611		      -0.66556
       4.18563		      -1.79459
       3.67342		      -2.85187
       2.89259		      -3.76161
       1.88601		      -4.45540
       0.71394		      -4.87735
      -0.54965		      -4.98850
      -1.82180		      -4.77015
      -3.01620		      -4.22582
      -4.04908		      -3.38172
      -4.84523		      -2.28555
      -5.34348		      -1.00385
      -5.50137		       0.38217
      -5.29865		       1.78189
      -4.73918		       3.10132
      -3.85137		       4.24953
      -2.68671		       5.14506
      -1.31681		       5.72174
       0.17114		       5.93363
       1.68005		       5.75855
       3.10938		       5.20016
       4.36200		       4.28818
       5.35092		       3.07680
       6.00543		       1.64146
       6.27619		       0.07399
       6.13896		      -1.52336
       5.59664		      -3.04477
       4.67943		      -4.38800
       3.44318		      -5.46142
       1.96588		      -6.19035
       0.34265		      -6.52235
      -1.32054		      -6.43102
      -2.91395		      -5.91808
      -4.33144		      -5.01349
      -5.47774		      -3.77371
      -6.27495		      -2.27806
      -6.66792		      -0.62353
      -6.62817		       1.08163
      -6.15590		       2.72519
      -5.28021		       4.19844
      -4.05720		       5.40360
      -2.56630		       6.26036
      -0.90503		       6.71143
       0.81759		       6.72640
       2.48827		       6.30380
       3.99713		       5.47130
       5.24504		       4.28378
       6.15031		       2.81966
       6.65409		       1.17564
       6.72436		      -0.53989
       6.35792		      -2.21408
       5.58057		      -3.73727
       4.44524		      -5.01027
       3.02831		      -5.95096
       1.42441		      -6.49975
      -0.26009		      -6.62338
      -1.91423		      -6.31697
      -3.42994		      -5.60418
      -4.70923		      -4.53536
      -5.67069		      -3.18393
      -6.25473		      -1.64130
      -6.42738		      -0.01055
      -6.18228		       1.60062
      -5.54075		       3.08709
      -4.55007		       4.35334
      -3.27995		       5.31972
      -1.81757		       5.92756
      -0.26152		       6.14275
       1.28499		       5.95769
       2.72110		       5.39136
       3.95496		       4.48761
       4.90980		       3.31181
       5.52870		       1.94605
       5.77807		       0.48341
       5.64945		      -0.97855
       5.15955		      -2.34437
       4.34858		      -3.52707
       3.27708		      -4.45373
       2.02141		      -5.07011
       0.66822		      -5.34382
      -0.69155		      -5.26595
      -1.96891		      -4.85111
      -3.08273		      -4.13584
      -3.96497		      -3.17554
      -4.56490		      -2.04027
      -4.85199		      -0.80960
      -4.81741		       0.43300
      -4.47395		       1.60588
      -3.85449		       2.63470
      -3.00915		       3.45716
      -2.00135		       4.02682
      -0.90305		       4.31570
       0.21036		       4.31557
       1.26533		       4.03773
       2.19504		       3.51158
       2.94370		       2.78195
       3.46987		       1.90542
       3.74878		       0.94604
       3.77327		      -0.02936
       3.55359		      -0.95585
       3.11592		      -1.77473
       2.49990		      -2.43733
       1.75528		      -2.90785
       0.93802		      -3.16526
       0.10615		      -3.20402
      -0.68436		      -3.03375
      -1.38337		      -2.67773
      -1.94979		      -2.17067
      -2.35394		      -1.55559
      -2.57903		      -0.88041
      -2.62161		      -0.19428
      -2.49110		       0.45595
      -2.20831		       1.02893
      -1.80330		       1.49146
      -1.31265		       1.82031
      -0.77644		       2.00335
      -0.23504		       2.03964
       0.27380		       1.93881
       0.71758		       1.71962
       1.07109		       1.40791
       1.31782		       1.03420
       1.45052		       0.63102
       1.47112		       0.23028
       1.38987		      -0.13918
       1.22390		      -0.45357
       0.99532		      -0.69567
       0.72903		      -0.85570
       0.45050		      -0.93149
       0.18355		      -0.92808
      -0.05147		      -0.85670
      -0.23920		      -0.73328
      -0.37022		      -0.57665
      -0.44138		      -0.40668
      -0.45562		      -0.24232
      -0.42127		      -0.09987
      -0.35079		       0.00832
      -0.25931		       0.07488
      -0.16295		       0.09779
      -0.07707		       0.08032
      -0.01474		       0.03045
       0.01455		      -0.04020
       0.00586		      -0.11769
      -0.04081		      -0.18733
      -0.12055		      -0.23524
      -0.22403		      -0.24993
      -0.33850		      -0.22351
      -0.44905		      -0.15261
      -0.54015		      -0.03891
      -0.59722		       0.11090
      -0.60820		       0.28558
      -0.56482		       0.47026
      -0.46364		       0.64773
      -0.30665		       0.79996
      -0.10130		       0.90977
       0.13979		       0.96249
       0.39980		       0.94738
       0.65889		       0.85883
       0.89583		       0.69714
       1.08971		       0.46878
       1.22175		       0.18618
       1.27700		      -0.13304
       1.24568		      -0.46721
       1.12428		      -0.79222
       0.91610		      -1.08334
       0.63129		      -1.31711
       0.28634		      -1.47329
      -0.09698		      -1.53651
      -0.49301		      -1.49766
      -0.87412		      -1.35479
      -1.21263		      -1.11354
      -1.48298		      -0.78691
      -1.66362		      -0.39458
      -1.73874		       0.03841
      -1.69965		       0.48333
      -1.54551		       0.90973
      -1.28363		       1.28770
      -0.92914		       1.58995
      -0.50402		       1.79390
      -0.03569		       1.88337
       0.44487		       1.84985
       0.90523		       1.69322
       1.31384		       1.42193
       1.64224		       1.05248
       1.86709		       0.60837
       1.97190		       0.11855
       1.94825		      -0.38459
       1.79642		      -0.86741
       1.52546		      -1.29740
       1.15263		      -1.64539
       0.70220		      -1.88765
       0.20385		      -2.00752
      -0.30940		      -1.99657
      -0.80343		      -1.85523
      -1.24540		      -1.59276
      -1.60597		      -1.22657
      -1.86135		      -0.78108
      -1.99485		      -0.28597
      -1.99807		       0.22584
      -1.87138		       0.72042
      -1.62387		       1.16521
      -1.27268		       1.53120
      -0.84176		       1.79485
      -0.36019		       1.93968
       0.13984		       1.95731
       0.62523		       1.84793
       1.06424		       1.62022
       1.42861		       1.29063
       1.69544		       0.88218
       1.84862		       0.42282
       1.87988		      -0.05654
       1.78915		      -0.52415
       1.58449		      -0.94959
       1.28137		      -1.30576
       0.90151		      -1.57067
       0.47128		      -1.72883
       0.01988		      -1.77211
      -0.42273		      -1.70019
      -0.82785		      -1.52038
      -1.16988		      -1.24694
      -1.42805		      -0.90001
      -1.58762		      -0.50408
      -1.64075		      -0.08627
      -1.58684		       0.32561
      -1.43238		       0.70485
      -1.19031		       1.02768
      -0.87899		       1.27473
      -0.52080		       1.43220
      -0.14051		       1.49263
       0.23641		       1.45518
       0.58553		       1.32551
       0.88508		       1.11516
       1.11727		       0.84060
       1.26938		       0.52194
       1.33442		       0.18151
       1.31137		      -0.15775
       1.20507		      -0.47383
       1.02564		      -0.74708
       0.78763		      -0.96144
       0.50886		      -1.10535
       0.20912		      -1.17236
      -0.09123		      -1.16134
      -0.37266		      -1.07635
      -0.61772		      -0.92613
      -0.81211		      -0.72334
      -0.94550		      -0.48353
      -1.01204		      -0.22399
      -1.01056		       0.03753
      -0.94441		       0.28393
      -0.82101		       0.49996
      -0.65122		       0.67309
      -0.44840		       0.79426
      -0.22740		       0.85824
      -0.00350		       0.86387
       0.20859		       0.81386
       0.39575		       0.71445
       0.54719		       0.57478
       0.65506		       0.40615
       0.71481		       0.22114
       0.72530		       0.03269
       0.68871		      -0.14677
       0.61019		      -0.30610
       0.49732		      -0.43617
       0.35953		      -0.53031
       0.20728		      -0.58460
       0.05136		      -0.59799
      -0.09787		      -0.57221
      -0.23114		      -0.51141
      -0.34084		      -0.42183
      -0.42137		      -0.31116
      -0.46945		      -0.18800
      -0.48414		      -0.06120
      -0.46674		       0.06076
      -0.42062		       0.17029
      -0.35076		       0.26113
      -0.26338		       0.32868
      -0.16543		       0.37023
      -0.06404		       0.38494
       0.03394		       0.37382
       0.12239		       0.33949
       0.19625		       0.28594
       0.25182		       0.21809
       0.28687		       0.14145
       0.30068		       0.06171
       0.29402		      -0.01569
       0.26892		      -0.08589
       0.22849		      -0.14486
       0.17660		      -0.18965
       0.11758		      -0.21848
       0.05587		      -0.23077
      -0.00426		      -0.22706
      -0.05899		      -0.20893
      -0.10516		      -0.17879
      -0.14048		      -0.13964
      -0.16352		      -0.09485
      -0.17383		      -0.04785
      -0.17184		      -0.00197
      -0.15875		       0.03985
      -0.13645		       0.07516
      -0.10724		       0.10220
      -0.07373		       0.11988
      -0.03859		       0.12789
      -0.00435		       0.12657
       0.02672		       0.11690
       0.05278		       0.10035
       0.07250		       0.07875
       0.08512		       0.05411
       0.09047		       0.02850
       0.08890		       0.00386
       0.08126		      -0.01810
       0.06876		      -0.03604
       0.05289		      -0.04904
       0.03526		      -0.05663
       0.01748		      -0.05883
       0.00103		      -0.05610
      -0.01285		      -0.04925
      -0.02324		      -0.03940
      -0.02960		      -0.02783
      -0.03180		      -0.01588
      -0.03012		      -0.00485
      -0.02521		       0.00415
      -0.01799		       0.01028
      -0.00961		       0.01302
      -0.00128		       0.01224
       0.00580		       0.00822
       0.01055		       0.00159
       0.01217		      -0.00671
       0.01018		      -0.01550
       0.00450		      -0.02346
      -0.00453		      -0.02932
      -0.01616		      -0.03191
      -0.02926		      -0.03032
      -0.04244		      -0.02400
      -0.05411		      -0.01287
      -0.06268		       0.00268
      -0.06665		       0.02173
      -0.06481		       0.04291
      -0.05636		       0.06446
      -0.04103		       0.08435
      -0.01914		       0.10045
       0.00833		       0.11070
       0.03976		       0.11330
       0.07300		       0.10690
       0.10546		       0.09077
       0.13430		       0.06491
       0.15664		       0.03017
       0.16982		      -0.01178
       0.17159		      -0.05847
       0.16041		      -0.10676
       0.13559		      -0.15304
       0.09747		      -0.19344
       0.04747		      -0.22415
      -0.01189		      -0.24173
      -0.07710		      -0.24338
      -0.14384		      -0.22726
      -0.20723		      -0.19274
      -0.26217		      -0.14051
      -0.30370		      -0.07269
      -0.32742		       0.00720
      -0.32986		       0.09443
      -0.30884		       0.18326
      -0.26373		       0.26732
      -0.19564		       0.34005
      -0.10750		       0.39513
      -0.00395		       0.42703
       0.10883		       0.43148
       0.22347		       0.40587
       0.33190		       0.34956
       0.42583		       0.26412
       0.49741		       0.15338
       0.53981		       0.02327
       0.54781		      -0.11841
       0.51826		      -0.26248
       0.45054		      -0.39891
       0.34670		      -0.51751
       0.21152		      -0.60867
       0.05236		      -0.66409
      -0.12121		      -0.67746
      -0.29800		      -0.64507
      -0.46583		      -0.56622
      -0.61241		      -0.44345
      -0.72621		      -0.28259
      -0.79730		      -0.09251
      -0.81817		       0.11535
      -0.78442		       0.32759
      -0.69526		       0.52978
      -0.55372		       0.70735
      -0.36667		       0.84669
      -0.14456		       0.93610
       0.09917		       0.96678
       0.34889		       0.93356
       0.58775		       0.83547
       0.79880		       0.67601
       0.96623		       0.46312
       1.07650		       0.20880
       1.11938		      -0.07148
       1.08889		      -0.35977
       0.98380		      -0.63676
       0.80802		      -0.88309
       0.57050		      -1.08066
       0.28481		      -1.21402
      -0.03160		      -1.27148
      -0.35849		      -1.24611
      -0.67410		      -1.13641
      -0.95662		      -0.94663
      -1.18570		      -0.68662
      -1.34393		      -0.37145
      -1.41811		      -0.02045
      -1.40037		       0.34389
      -1.28884		       0.69745
      -1.08797		       1.01606
      -0.80849		       1.27716
      -0.46677		       1.46141
      -0.08395		       1.55414
       0.31546		       1.54647
       0.70509		       1.43608
       1.05855		       1.22761
       1.35119		       0.93243
       1.56185		       0.56812
       1.67441		       0.15737
       1.67901		      -0.27345
       1.57286		      -0.69600
       1.36062		      -1.08185
       1.05420		      -1.40445
       0.67214		      -1.64099
       0.23845		      -1.77401
      -0.21894		      -1.79269
      -0.66996		      -1.69376
      -1.08447		      -1.48181
      -1.43430		      -1.16909
      -1.69518		      -0.77489
      -1.84847		      -0.32421
      -1.88251		       0.15375
      -1.79351		       0.62760
      -1.58591		       1.06582
      -1.27215		       1.43894
      -0.87197		       1.72153
      -0.41108		       1.89399
       0.08048		       1.94395
       0.57040		       1.86715
       1.02619		       1.66779
       1.41749		       1.35835
       1.71805		       0.95873
       1.90761		       0.49500
       1.97323		      -0.00240
       1.91028		      -0.50066
       1.72270		      -0.96683
       1.42280		      -1.37008
       1.03041		      -1.68379
       0.57157		      -1.88731
       0.07670		      -1.96744
      -0.42141		      -1.91925
      -0.88985		      -1.74642
      -1.29785		      -1.46096
      -1.61884		      -1.08237
      -1.83221		      -0.63627
      -1.92472		      -0.15263
      -1.89135		       0.33631
      -1.73552		       0.79823
      -1.46885		       1.20294
      -1.11027		       1.52442
      -0.68464		       1.74253
      -0.22099		       1.84435
       0.24949		       1.82492
       0.69562		       1.68752
       1.08838		       1.44328
       1.40282		       1.11035
       1.61972		       0.71249
       1.72683		       0.27738
       1.71952		      -0.16537
       1.60102		      -0.58628
       1.38196		      -0.95804
       1.07952		      -1.25734
       0.71609		      -1.46635
       0.31758		      -1.57389
      -0.08847		      -1.57595
      -0.47482		      -1.47583
      -0.81644		      -1.28370
      -1.09217		      -1.01564
      -1.28610		      -0.69242
      -1.38849		      -0.33779
      -1.39628		       0.02319
      -1.31304		       0.36605
      -1.14850		       0.66856
      -0.91760		       0.91225
      -0.63926		       1.08358
      -0.33480		       1.17472
      -0.02637		       1.18384
       0.26477		       1.11502
       0.51968		       0.97763
       0.72308		       0.78547
       0.86427		       0.55544
       0.93770		       0.30620
       0.94315		       0.05665
       0.88540		      -0.17552
       0.77365		      -0.37513
       0.62052		      -0.53050
       0.44087		      -0.63421
       0.25051		      -0.68340
       0.06483		      -0.67973
      -0.10239		      -0.62899
      -0.24005		      -0.54033
      -0.34048		      -0.42529
      -0.39987		      -0.29667
      -0.41842		      -0.16730
      -0.40001		      -0.04893
      -0.35163		       0.04882
      -0.28261		       0.11919
      -0.20352		       0.15882
      -0.12512		       0.16785
      -0.05728		       0.14979
      -0.00799		       0.11102
       0.01740		       0.06002
       0.01668		       0.00644
      -0.00902		      -0.03995
      -0.05538		      -0.07031
      -0.11533		      -0.07769
      -0.17978		      -0.05786
      -0.23855		      -0.00978
      -0.28145		       0.06415
      -0.29931		       0.15819
      -0.28509		       0.26371
      -0.23466		       0.36992
      -0.14740		       0.46485
      -0.02655		       0.53643
       0.12092		       0.57371
       0.28464		       0.56800
       0.45165		       0.51381
       0.60736		       0.40962
       0.73679		       0.25830
       0.82587		       0.06718
       0.86274		      -0.15231
       0.83892		      -0.38530
       0.75028		      -0.61454
       0.59769		      -0.82167
       0.38723		      -0.98868
       0.13008		      -1.09938
      -0.15811		      -1.14087
      -0.45817		      -1.10470
      -0.74873		      -0.98786
      -1.00776		      -0.79328
      -1.21428		      -0.52996
      -1.34996		      -0.21261
      -1.40073		       0.13925
      -1.35801		       0.50243
      -1.21963		       0.85171
      -0.99031		       1.16163
      -0.68157		       1.40831
      -0.31123		       1.57137
       0.09769		       1.63549
       0.51840		       1.59181
       0.92220		       1.43875
       1.28044		       1.18246
       1.56662		       0.83660
       1.75835		       0.42164
       1.83911		      -0.03638
       1.79961		      -0.50756
       1.63864		      -0.96013
       1.36342		      -1.36267
       0.98933		      -1.68630
       0.53899		      -1.90683
       0.04091		      -2.00659
      -0.47241		      -1.97575
      -0.96667		      -1.81328
      -1.40808		      -1.52715
      -1.76579		      -1.13399
      -2.01405		      -0.65807
      -2.13410		      -0.12978
      -2.11560		       0.41636
      -1.95747		       0.94406
      -1.66813		       1.41773
      -1.26502		       1.80491
      -0.77355		       2.07860
      -0.22540		       2.21914
       0.34352		       2.21568
       0.89556		       2.06696
       1.39383		       1.78156
       1.80477		       1.37732
       2.10047		       0.88024
       2.26060		       0.32273
       2.27383		      -0.25856
       2.13866		      -0.82521
       1.86356		      -1.33965
       1.46640		      -1.76773
       0.97328		      -2.08100
       0.41675		      -2.25873
      -0.16641		      -2.28924
      -0.73766		      -2.17071
      -1.25935		      -1.91133
      -1.69723		      -1.52864
      -2.02279		      -1.04839
      -2.21515		      -0.50271
      -2.26245		       0.07208
      -2.16257		       0.63795
      -1.92323		       1.15773
      -1.56138		       1.59764
      -1.10200		       1.92953
      -0.57629		       2.13272
      -0.01955		       2.19533
       0.53127		       2.11499
       1.04007		       1.89886
       1.47406		       1.56306
       1.80588		       1.13142
       2.01541		       0.63381
       2.09096		       0.10399
       2.02998		      -0.42273
       1.83904		      -0.91185
       1.53323		      -1.33206
       1.13499		      -1.65724
       0.67241		      -1.86813
       0.17728		      -1.95351
      -0.31717		      -1.91075
      -0.77856		      -1.74582
      -1.17750		      -1.47266
      -1.48951		      -1.11207
      -1.69655		      -0.69010
      -1.78808		      -0.23619
      -1.76154		       0.21895
      -1.62233		       0.64545
      -1.38320		       1.01625
      -1.06313		       1.30889
      -0.68591		       1.50684
      -0.27832		       1.60048
       0.13177		       1.58749
       0.51733		       1.47275
       0.85400		       1.26779
       1.12162		       0.98973
       1.30547		       0.65988
       1.39705		       0.30219
       1.39443		      -0.05855
       1.30209		      -0.39845
       1.13035		      -0.69606
       0.89441		      -0.93380
       0.61308		      -1.09897
       0.30732		      -1.18440
      -0.00133		      -1.18869
      -0.29225		      -1.11601
      -0.54711		      -0.97556
      -0.75109		      -0.78065
      -0.89368		      -0.54754
      -0.96917		      -0.29418
      -0.97683		      -0.03880
      -0.92065		       0.20134
      -0.80878		       0.41114
